dataset,method,alpha,seed,round,local_steps,local_k,global_k,lambda_proto,split,model_scope,task,positives,negatives,observed_n,eligible,auc
SIDER,fedavg_proto,0.5,0,0,200,16,16,0.1,val,server,0,76,67,143,True,0.5176747839748624
SIDER,fedavg_proto,0.5,0,0,200,16,16,0.1,val,server,1,99,44,143,True,0.601010101010101
SIDER,fedavg_proto,0.5,0,0,200,16,16,0.1,val,server,2,2,141,143,True,0.19858156028368795
SIDER,fedavg_proto,0.5,0,0,200,16,16,0.1,val,server,3,85,58,143,True,0.6496957403651116
SIDER,fedavg_proto,0.5,0,0,200,16,16,0.1,val,server,4,117,26,143,True,0.5739644970414202
SIDER,fedavg_proto,0.5,0,0,200,16,16,0.1,val,server,5,99,44,143,True,0.5397153351698807
SIDER,fedavg_proto,0.5,0,0,200,16,16,0.1,val,server,6,131,12,143,True,0.7156488549618321
SIDER,fedavg_proto,0.5,0,0,200,16,16,0.1,val,server,7,20,123,143,True,0.44837398373983745
SIDER,fedavg_proto,0.5,0,0,200,16,16,0.1,val,server,8,97,46,143,True,0.5741819811743614
SIDER,fedavg_proto,0.5,0,0,200,16,16,0.1,val,server,9,71,72,143,True,0.5264084507042254
SIDER,fedavg_proto,0.5,0,0,200,16,16,0.1,val,server,10,35,108,143,True,0.42936507936507934
SIDER,fedavg_proto,0.5,0,0,200,16,16,0.1,val,server,11,130,13,143,True,0.5609467455621302
SIDER,fedavg_proto,0.5,0,0,200,16,16,0.1,val,server,12,37,106,143,True,0.4191738908720042
SIDER,fedavg_proto,0.5,0,0,200,16,16,0.1,val,server,13,20,123,143,True,0.4530487804878049
SIDER,fedavg_proto,0.5,0,0,200,16,16,0.1,val,server,14,107,36,143,True,0.5282969885773624
SIDER,fedavg_proto,0.5,0,0,200,16,16,0.1,val,server,15,94,49,143,True,0.5512375162831089
SIDER,fedavg_proto,0.5,0,0,200,16,16,0.1,val,server,16,129,14,143,True,0.5802879291251385
SIDER,fedavg_proto,0.5,0,0,200,16,16,0.1,val,server,17,20,123,143,True,0.5052845528455285
SIDER,fedavg_proto,0.5,0,0,200,16,16,0.1,val,server,18,104,39,143,True,0.5515285996055227
SIDER,fedavg_proto,0.5,0,0,200,16,16,0.1,val,server,19,103,40,143,True,0.5145631067961165
SIDER,fedavg_proto,0.5,0,0,200,16,16,0.1,val,server,20,102,41,143,True,0.5875179340028694
SIDER,fedavg_proto,0.5,0,0,200,16,16,0.1,val,server,21,98,45,143,True,0.5464852607709751
SIDER,fedavg_proto,0.5,0,0,200,16,16,0.1,val,server,22,10,133,143,True,0.3067669172932331
SIDER,fedavg_proto,0.5,0,0,200,16,16,0.1,val,server,23,64,79,143,True,0.599881329113924
SIDER,fedavg_proto,0.5,0,0,200,16,16,0.1,val,server,24,104,39,143,True,0.6129191321499015
SIDER,fedavg_proto,0.5,0,0,200,16,16,0.1,val,server,25,134,9,143,True,0.718905472636816
SIDER,fedavg_proto,0.5,0,0,200,16,16,0.1,val,server,26,95,48,143,True,0.5406798245614035
SIDER,fedavg_proto,0.5,0,0,200,16,16,0.1,val,client_0,0,76,67,143,True,0.49351924587588375
SIDER,fedavg_proto,0.5,0,0,200,16,16,0.1,val,client_0,1,99,44,143,True,0.5888429752066116
SIDER,fedavg_proto,0.5,0,0,200,16,16,0.1,val,client_0,2,2,141,143,True,0.17730496453900707
SIDER,fedavg_proto,0.5,0,0,200,16,16,0.1,val,client_0,3,85,58,143,True,0.6430020283975659
SIDER,fedavg_proto,0.5,0,0,200,16,16,0.1,val,client_0,4,117,26,143,True,0.5325443786982248
SIDER,fedavg_proto,0.5,0,0,200,16,16,0.1,val,client_0,5,99,44,143,True,0.5273186409550046
SIDER,fedavg_proto,0.5,0,0,200,16,16,0.1,val,client_0,6,131,12,143,True,0.7340966921119594
SIDER,fedavg_proto,0.5,0,0,200,16,16,0.1,val,client_0,7,20,123,143,True,0.3926829268292683
SIDER,fedavg_proto,0.5,0,0,200,16,16,0.1,val,client_0,8,97,46,143,True,0.5869565217391304
SIDER,fedavg_proto,0.5,0,0,200,16,16,0.1,val,client_0,9,71,72,143,True,0.5350156494522691
SIDER,fedavg_proto,0.5,0,0,200,16,16,0.1,val,client_0,10,35,108,143,True,0.4298941798941799
SIDER,fedavg_proto,0.5,0,0,200,16,16,0.1,val,client_0,11,130,13,143,True,0.5420118343195266
SIDER,fedavg_proto,0.5,0,0,200,16,16,0.1,val,client_0,12,37,106,143,True,0.4140744518103009
SIDER,fedavg_proto,0.5,0,0,200,16,16,0.1,val,client_0,13,20,123,143,True,0.44065040650406506
SIDER,fedavg_proto,0.5,0,0,200,16,16,0.1,val,client_0,14,107,36,143,True,0.5321910695742471
SIDER,fedavg_proto,0.5,0,0,200,16,16,0.1,val,client_0,15,94,49,143,True,0.5495006513243595
SIDER,fedavg_proto,0.5,0,0,200,16,16,0.1,val,client_0,16,129,14,143,True,0.6090808416389812
SIDER,fedavg_proto,0.5,0,0,200,16,16,0.1,val,client_0,17,20,123,143,True,0.44390243902439025
SIDER,fedavg_proto,0.5,0,0,200,16,16,0.1,val,client_0,18,104,39,143,True,0.5409270216962525
SIDER,fedavg_proto,0.5,0,0,200,16,16,0.1,val,client_0,19,103,40,143,True,0.5237864077669904
SIDER,fedavg_proto,0.5,0,0,200,16,16,0.1,val,client_0,20,102,41,143,True,0.5719751315160211
SIDER,fedavg_proto,0.5,0,0,200,16,16,0.1,val,client_0,21,98,45,143,True,0.5444444444444445
SIDER,fedavg_proto,0.5,0,0,200,16,16,0.1,val,client_0,22,10,133,143,True,0.34285714285714286
SIDER,fedavg_proto,0.5,0,0,200,16,16,0.1,val,client_0,23,64,79,143,True,0.5727848101265823
SIDER,fedavg_proto,0.5,0,0,200,16,16,0.1,val,client_0,24,104,39,143,True,0.6326429980276135
SIDER,fedavg_proto,0.5,0,0,200,16,16,0.1,val,client_0,25,134,9,143,True,0.7479270315091211
SIDER,fedavg_proto,0.5,0,0,200,16,16,0.1,val,client_0,26,95,48,143,True,0.5164473684210527
SIDER,fedavg_proto,0.5,0,0,200,16,16,0.1,val,client_1,0,76,67,143,True,0.5271013354281225
SIDER,fedavg_proto,0.5,0,0,200,16,16,0.1,val,client_1,1,99,44,143,True,0.5865472910927457
SIDER,fedavg_proto,0.5,0,0,200,16,16,0.1,val,client_1,2,2,141,143,True,0.17375886524822692
SIDER,fedavg_proto,0.5,0,0,200,16,16,0.1,val,client_1,3,85,58,143,True,0.6427991886409736
SIDER,fedavg_proto,0.5,0,0,200,16,16,0.1,val,client_1,4,117,26,143,True,0.5427350427350427
SIDER,fedavg_proto,0.5,0,0,200,16,16,0.1,val,client_1,5,99,44,143,True,0.5325987144168962
SIDER,fedavg_proto,0.5,0,0,200,16,16,0.1,val,client_1,6,131,12,143,True,0.7041984732824428
SIDER,fedavg_proto,0.5,0,0,200,16,16,0.1,val,client_1,7,20,123,143,True,0.39796747967479673
SIDER,fedavg_proto,0.5,0,0,200,16,16,0.1,val,client_1,8,97,46,143,True,0.5735096369341103
SIDER,fedavg_proto,0.5,0,0,200,16,16,0.1,val,client_1,9,71,72,143,True,0.4561815336463224
SIDER,fedavg_proto,0.5,0,0,200,16,16,0.1,val,client_1,10,35,108,143,True,0.4301587301587301
SIDER,fedavg_proto,0.5,0,0,200,16,16,0.1,val,client_1,11,130,13,143,True,0.5775147928994082
SIDER,fedavg_proto,0.5,0,0,200,16,16,0.1,val,client_1,12,37,106,143,True,0.40005099439061703
SIDER,fedavg_proto,0.5,0,0,200,16,16,0.1,val,client_1,13,20,123,143,True,0.43455284552845524
SIDER,fedavg_proto,0.5,0,0,200,16,16,0.1,val,client_1,14,107,36,143,True,0.5433541017653167
SIDER,fedavg_proto,0.5,0,0,200,16,16,0.1,val,client_1,15,94,49,143,True,0.540382110290925
SIDER,fedavg_proto,0.5,0,0,200,16,16,0.1,val,client_1,16,129,14,143,True,0.5908084163898117
SIDER,fedavg_proto,0.5,0,0,200,16,16,0.1,val,client_1,17,20,123,143,True,0.46341463414634143
SIDER,fedavg_proto,0.5,0,0,200,16,16,0.1,val,client_1,18,104,39,143,True,0.5175049309664694
SIDER,fedavg_proto,0.5,0,0,200,16,16,0.1,val,client_1,19,103,40,143,True,0.5280339805825243
SIDER,fedavg_proto,0.5,0,0,200,16,16,0.1,val,client_1,20,102,41,143,True,0.6150167384026781
SIDER,fedavg_proto,0.5,0,0,200,16,16,0.1,val,client_1,21,98,45,143,True,0.5385487528344671
SIDER,fedavg_proto,0.5,0,0,200,16,16,0.1,val,client_1,22,10,133,143,True,0.31954887218045114
SIDER,fedavg_proto,0.5,0,0,200,16,16,0.1,val,client_1,23,64,79,143,True,0.506131329113924
SIDER,fedavg_proto,0.5,0,0,200,16,16,0.1,val,client_1,24,104,39,143,True,0.6000986193293886
SIDER,fedavg_proto,0.5,0,0,200,16,16,0.1,val,client_1,25,134,9,143,True,0.7201492537313433
SIDER,fedavg_proto,0.5,0,0,200,16,16,0.1,val,client_1,26,95,48,143,True,0.5179824561403508
SIDER,fedavg_proto,0.5,0,0,200,16,16,0.1,val,client_2,0,76,67,143,True,0.46690887666928516
SIDER,fedavg_proto,0.5,0,0,200,16,16,0.1,val,client_2,1,99,44,143,True,0.5828741965105602
SIDER,fedavg_proto,0.5,0,0,200,16,16,0.1,val,client_2,2,2,141,143,True,0.21631205673758863
SIDER,fedavg_proto,0.5,0,0,200,16,16,0.1,val,client_2,3,85,58,143,True,0.6295131845841785
SIDER,fedavg_proto,0.5,0,0,200,16,16,0.1,val,client_2,4,117,26,143,True,0.5136423405654175
SIDER,fedavg_proto,0.5,0,0,200,16,16,0.1,val,client_2,5,99,44,143,True,0.5426997245179064
SIDER,fedavg_proto,0.5,0,0,200,16,16,0.1,val,client_2,6,131,12,143,True,0.6456743002544529
SIDER,fedavg_proto,0.5,0,0,200,16,16,0.1,val,client_2,7,20,123,143,True,0.3735772357723577
SIDER,fedavg_proto,0.5,0,0,200,16,16,0.1,val,client_2,8,97,46,143,True,0.5844912595248768
SIDER,fedavg_proto,0.5,0,0,200,16,16,0.1,val,client_2,9,71,72,143,True,0.46028951486697967
SIDER,fedavg_proto,0.5,0,0,200,16,16,0.1,val,client_2,10,35,108,143,True,0.44920634920634916
SIDER,fedavg_proto,0.5,0,0,200,16,16,0.1,val,client_2,11,130,13,143,True,0.4491124260355029
SIDER,fedavg_proto,0.5,0,0,200,16,16,0.1,val,client_2,12,37,106,143,True,0.42146863844977056
SIDER,fedavg_proto,0.5,0,0,200,16,16,0.1,val,client_2,13,20,123,143,True,0.4792682926829268
SIDER,fedavg_proto,0.5,0,0,200,16,16,0.1,val,client_2,14,107,36,143,True,0.47442886812045687
SIDER,fedavg_proto,0.5,0,0,200,16,16,0.1,val,client_2,15,94,49,143,True,0.5148719062092921
SIDER,fedavg_proto,0.5,0,0,200,16,16,0.1,val,client_2,16,129,14,143,True,0.6068660022148394
SIDER,fedavg_proto,0.5,0,0,200,16,16,0.1,val,client_2,17,20,123,143,True,0.4638211382113821
SIDER,fedavg_proto,0.5,0,0,200,16,16,0.1,val,client_2,18,104,39,143,True,0.5308185404339251
SIDER,fedavg_proto,0.5,0,0,200,16,16,0.1,val,client_2,19,103,40,143,True,0.47791262135922336
SIDER,fedavg_proto,0.5,0,0,200,16,16,0.1,val,client_2,20,102,41,143,True,0.5279770444763271
SIDER,fedavg_proto,0.5,0,0,200,16,16,0.1,val,client_2,21,98,45,143,True,0.5460317460317461
SIDER,fedavg_proto,0.5,0,0,200,16,16,0.1,val,client_2,22,10,133,143,True,0.33383458646616543
SIDER,fedavg_proto,0.5,0,0,200,16,16,0.1,val,client_2,23,64,79,143,True,0.5433148734177216
SIDER,fedavg_proto,0.5,0,0,200,16,16,0.1,val,client_2,24,104,39,143,True,0.5495562130177515
SIDER,fedavg_proto,0.5,0,0,200,16,16,0.1,val,client_2,25,134,9,143,True,0.6334991708126037
SIDER,fedavg_proto,0.5,0,0,200,16,16,0.1,val,client_2,26,95,48,143,True,0.5243421052631578
SIDER,fedavg_proto,0.5,0,0,200,16,16,0.1,val,client_3,0,76,67,143,True,0.6011390416339356
SIDER,fedavg_proto,0.5,0,0,200,16,16,0.1,val,client_3,1,99,44,143,True,0.5872359963269055
SIDER,fedavg_proto,0.5,0,0,200,16,16,0.1,val,client_3,2,2,141,143,True,0.2021276595744681
SIDER,fedavg_proto,0.5,0,0,200,16,16,0.1,val,client_3,3,85,58,143,True,0.6251521298174442
SIDER,fedavg_proto,0.5,0,0,200,16,16,0.1,val,client_3,4,117,26,143,True,0.5736357659434582
SIDER,fedavg_proto,0.5,0,0,200,16,16,0.1,val,client_3,5,99,44,143,True,0.5362718089990817
SIDER,fedavg_proto,0.5,0,0,200,16,16,0.1,val,client_3,6,131,12,143,True,0.6876590330788804
SIDER,fedavg_proto,0.5,0,0,200,16,16,0.1,val,client_3,7,20,123,143,True,0.37886178861788616
SIDER,fedavg_proto,0.5,0,0,200,16,16,0.1,val,client_3,8,97,46,143,True,0.5665620797848498
SIDER,fedavg_proto,0.5,0,0,200,16,16,0.1,val,client_3,9,71,72,143,True,0.49246870109546165
SIDER,fedavg_proto,0.5,0,0,200,16,16,0.1,val,client_3,10,35,108,143,True,0.42804232804232806
SIDER,fedavg_proto,0.5,0,0,200,16,16,0.1,val,client_3,11,130,13,143,True,0.5644970414201184
SIDER,fedavg_proto,0.5,0,0,200,16,16,0.1,val,client_3,12,37,106,143,True,0.4431412544620092
SIDER,fedavg_proto,0.5,0,0,200,16,16,0.1,val,client_3,13,20,123,143,True,0.44024390243902434
SIDER,fedavg_proto,0.5,0,0,200,16,16,0.1,val,client_3,14,107,36,143,True,0.5290758047767393
SIDER,fedavg_proto,0.5,0,0,200,16,16,0.1,val,client_3,15,94,49,143,True,0.5517802865827182
SIDER,fedavg_proto,0.5,0,0,200,16,16,0.1,val,client_3,16,129,14,143,True,0.5891472868217055
SIDER,fedavg_proto,0.5,0,0,200,16,16,0.1,val,client_3,17,20,123,143,True,0.47317073170731705
SIDER,fedavg_proto,0.5,0,0,200,16,16,0.1,val,client_3,18,104,39,143,True,0.5284763313609467
SIDER,fedavg_proto,0.5,0,0,200,16,16,0.1,val,client_3,19,103,40,143,True,0.5211165048543689
SIDER,fedavg_proto,0.5,0,0,200,16,16,0.1,val,client_3,20,102,41,143,True,0.5598995695839312
SIDER,fedavg_proto,0.5,0,0,200,16,16,0.1,val,client_3,21,98,45,143,True,0.5303854875283447
SIDER,fedavg_proto,0.5,0,0,200,16,16,0.1,val,client_3,22,10,133,143,True,0.3218045112781955
SIDER,fedavg_proto,0.5,0,0,200,16,16,0.1,val,client_3,23,64,79,143,True,0.40061313291139244
SIDER,fedavg_proto,0.5,0,0,200,16,16,0.1,val,client_3,24,104,39,143,True,0.5867850098619329
SIDER,fedavg_proto,0.5,0,0,200,16,16,0.1,val,client_3,25,134,9,143,True,0.7338308457711444
SIDER,fedavg_proto,0.5,0,0,200,16,16,0.1,val,client_3,26,95,48,143,True,0.5220394736842106
SIDER,fedavg_proto,0.5,0,0,200,16,16,0.1,test,server,0,72,71,143,True,0.44865023474178406
SIDER,fedavg_proto,0.5,0,0,200,16,16,0.1,test,server,1,105,38,143,True,0.568922305764411
SIDER,fedavg_proto,0.5,0,0,200,16,16,0.1,test,server,2,5,138,143,True,0.3608695652173913
SIDER,fedavg_proto,0.5,0,0,200,16,16,0.1,test,server,3,90,53,143,True,0.5949685534591196
SIDER,fedavg_proto,0.5,0,0,200,16,16,0.1,test,server,4,118,25,143,True,0.5366101694915254
SIDER,fedavg_proto,0.5,0,0,200,16,16,0.1,test,server,5,104,39,143,True,0.5414201183431953
SIDER,fedavg_proto,0.5,0,0,200,16,16,0.1,test,server,6,134,9,143,True,0.5588723051409619
SIDER,fedavg_proto,0.5,0,0,200,16,16,0.1,test,server,7,24,119,143,True,0.36309523809523814
SIDER,fedavg_proto,0.5,0,0,200,16,16,0.1,test,server,8,91,52,143,True,0.4814032121724429
SIDER,fedavg_proto,0.5,0,0,200,16,16,0.1,test,server,9,74,69,143,True,0.5287896592244419
SIDER,fedavg_proto,0.5,0,0,200,16,16,0.1,test,server,10,39,104,143,True,0.39644970414201186
SIDER,fedavg_proto,0.5,0,0,200,16,16,0.1,test,server,11,130,13,143,True,0.5692307692307692
SIDER,fedavg_proto,0.5,0,0,200,16,16,0.1,test,server,12,33,110,143,True,0.3614325068870524
SIDER,fedavg_proto,0.5,0,0,200,16,16,0.1,test,server,13,20,123,143,True,0.48292682926829267
SIDER,fedavg_proto,0.5,0,0,200,16,16,0.1,test,server,14,113,30,143,True,0.6300884955752213
SIDER,fedavg_proto,0.5,0,0,200,16,16,0.1,test,server,15,83,60,143,True,0.5757028112449799
SIDER,fedavg_proto,0.5,0,0,200,16,16,0.1,test,server,16,131,12,143,True,0.7302798982188295
SIDER,fedavg_proto,0.5,0,0,200,16,16,0.1,test,server,17,30,113,143,True,0.42905604719764007
SIDER,fedavg_proto,0.5,0,0,200,16,16,0.1,test,server,18,109,34,143,True,0.5971397733405289
SIDER,fedavg_proto,0.5,0,0,200,16,16,0.1,test,server,19,104,39,143,True,0.5606508875739645
SIDER,fedavg_proto,0.5,0,0,200,16,16,0.1,test,server,20,102,41,143,True,0.525585844093735
SIDER,fedavg_proto,0.5,0,0,200,16,16,0.1,test,server,21,98,45,143,True,0.5589569160997733
SIDER,fedavg_proto,0.5,0,0,200,16,16,0.1,test,server,22,14,129,143,True,0.3887043189368771
SIDER,fedavg_proto,0.5,0,0,200,16,16,0.1,test,server,23,60,83,143,True,0.5096385542168675
SIDER,fedavg_proto,0.5,0,0,200,16,16,0.1,test,server,24,98,45,143,True,0.5158730158730159
SIDER,fedavg_proto,0.5,0,0,200,16,16,0.1,test,server,25,132,11,143,True,0.621900826446281
SIDER,fedavg_proto,0.5,0,0,200,16,16,0.1,test,server,26,101,42,143,True,0.6028995756718528
SIDER,fedavg_proto,0.5,0,0,200,16,16,0.1,test,client_0,0,72,71,143,True,0.4760367762128325
SIDER,fedavg_proto,0.5,0,0,200,16,16,0.1,test,client_0,1,105,38,143,True,0.5704260651629073
SIDER,fedavg_proto,0.5,0,0,200,16,16,0.1,test,client_0,2,5,138,143,True,0.33043478260869563
SIDER,fedavg_proto,0.5,0,0,200,16,16,0.1,test,client_0,3,90,53,143,True,0.5874213836477987
SIDER,fedavg_proto,0.5,0,0,200,16,16,0.1,test,client_0,4,118,25,143,True,0.5471186440677966
SIDER,fedavg_proto,0.5,0,0,200,16,16,0.1,test,client_0,5,104,39,143,True,0.5645956607495068
SIDER,fedavg_proto,0.5,0,0,200,16,16,0.1,test,client_0,6,134,9,143,True,0.6334991708126037
SIDER,fedavg_proto,0.5,0,0,200,16,16,0.1,test,client_0,7,24,119,143,True,0.3399859943977591
SIDER,fedavg_proto,0.5,0,0,200,16,16,0.1,test,client_0,8,91,52,143,True,0.4748520710059172
SIDER,fedavg_proto,0.5,0,0,200,16,16,0.1,test,client_0,9,74,69,143,True,0.5603211907559734
SIDER,fedavg_proto,0.5,0,0,200,16,16,0.1,test,client_0,10,39,104,143,True,0.40581854043392507
SIDER,fedavg_proto,0.5,0,0,200,16,16,0.1,test,client_0,11,130,13,143,True,0.5482248520710059
SIDER,fedavg_proto,0.5,0,0,200,16,16,0.1,test,client_0,12,33,110,143,True,0.4022038567493113
SIDER,fedavg_proto,0.5,0,0,200,16,16,0.1,test,client_0,13,20,123,143,True,0.49146341463414633
SIDER,fedavg_proto,0.5,0,0,200,16,16,0.1,test,client_0,14,113,30,143,True,0.6020648967551623
SIDER,fedavg_proto,0.5,0,0,200,16,16,0.1,test,client_0,15,83,60,143,True,0.5429718875502008
SIDER,fedavg_proto,0.5,0,0,200,16,16,0.1,test,client_0,16,131,12,143,True,0.7531806615776082
SIDER,fedavg_proto,0.5,0,0,200,16,16,0.1,test,client_0,17,30,113,143,True,0.47463126843657816
SIDER,fedavg_proto,0.5,0,0,200,16,16,0.1,test,client_0,18,109,34,143,True,0.5593631948192122
SIDER,fedavg_proto,0.5,0,0,200,16,16,0.1,test,client_0,19,104,39,143,True,0.5710059171597633
SIDER,fedavg_proto,0.5,0,0,200,16,16,0.1,test,client_0,20,102,41,143,True,0.5193687230989956
SIDER,fedavg_proto,0.5,0,0,200,16,16,0.1,test,client_0,21,98,45,143,True,0.5571428571428572
SIDER,fedavg_proto,0.5,0,0,200,16,16,0.1,test,client_0,22,14,129,143,True,0.4108527131782946
SIDER,fedavg_proto,0.5,0,0,200,16,16,0.1,test,client_0,23,60,83,143,True,0.522289156626506
SIDER,fedavg_proto,0.5,0,0,200,16,16,0.1,test,client_0,24,98,45,143,True,0.5625850340136055
SIDER,fedavg_proto,0.5,0,0,200,16,16,0.1,test,client_0,25,132,11,143,True,0.6873278236914602
SIDER,fedavg_proto,0.5,0,0,200,16,16,0.1,test,client_0,26,101,42,143,True,0.5346534653465347
SIDER,fedavg_proto,0.5,0,0,200,16,16,0.1,test,client_1,0,72,71,143,True,0.49344679186228485
SIDER,fedavg_proto,0.5,0,0,200,16,16,0.1,test,client_1,1,105,38,143,True,0.5784461152882205
SIDER,fedavg_proto,0.5,0,0,200,16,16,0.1,test,client_1,2,5,138,143,True,0.336231884057971
SIDER,fedavg_proto,0.5,0,0,200,16,16,0.1,test,client_1,3,90,53,143,True,0.5698113207547171
SIDER,fedavg_proto,0.5,0,0,200,16,16,0.1,test,client_1,4,118,25,143,True,0.5284745762711864
SIDER,fedavg_proto,0.5,0,0,200,16,16,0.1,test,client_1,5,104,39,143,True,0.5527613412228797
SIDER,fedavg_proto,0.5,0,0,200,16,16,0.1,test,client_1,6,134,9,143,True,0.5364842454394694
SIDER,fedavg_proto,0.5,0,0,200,16,16,0.1,test,client_1,7,24,119,143,True,0.3336834733893557
SIDER,fedavg_proto,0.5,0,0,200,16,16,0.1,test,client_1,8,91,52,143,True,0.47781065088757396
SIDER,fedavg_proto,0.5,0,0,200,16,16,0.1,test,client_1,9,74,69,143,True,0.41578535056795923
SIDER,fedavg_proto,0.5,0,0,200,16,16,0.1,test,client_1,10,39,104,143,True,0.3844921104536489
SIDER,fedavg_proto,0.5,0,0,200,16,16,0.1,test,client_1,11,130,13,143,True,0.5609467455621301
SIDER,fedavg_proto,0.5,0,0,200,16,16,0.1,test,client_1,12,33,110,143,True,0.3743801652892562
SIDER,fedavg_proto,0.5,0,0,200,16,16,0.1,test,client_1,13,20,123,143,True,0.49634146341463414
SIDER,fedavg_proto,0.5,0,0,200,16,16,0.1,test,client_1,14,113,30,143,True,0.6190265486725663
SIDER,fedavg_proto,0.5,0,0,200,16,16,0.1,test,client_1,15,83,60,143,True,0.5662650602409638
SIDER,fedavg_proto,0.5,0,0,200,16,16,0.1,test,client_1,16,131,12,143,True,0.7455470737913485
SIDER,fedavg_proto,0.5,0,0,200,16,16,0.1,test,client_1,17,30,113,143,True,0.47079646017699117
SIDER,fedavg_proto,0.5,0,0,200,16,16,0.1,test,client_1,18,109,34,143,True,0.5569347004856989
SIDER,fedavg_proto,0.5,0,0,200,16,16,0.1,test,client_1,19,104,39,143,True,0.5658284023668639
SIDER,fedavg_proto,0.5,0,0,200,16,16,0.1,test,client_1,20,102,41,143,True,0.49976087996174084
SIDER,fedavg_proto,0.5,0,0,200,16,16,0.1,test,client_1,21,98,45,143,True,0.5514739229024943
SIDER,fedavg_proto,0.5,0,0,200,16,16,0.1,test,client_1,22,14,129,143,True,0.4102990033222591
SIDER,fedavg_proto,0.5,0,0,200,16,16,0.1,test,client_1,23,60,83,143,True,0.547991967871486
SIDER,fedavg_proto,0.5,0,0,200,16,16,0.1,test,client_1,24,98,45,143,True,0.5428571428571429
SIDER,fedavg_proto,0.5,0,0,200,16,16,0.1,test,client_1,25,132,11,143,True,0.6597796143250689
SIDER,fedavg_proto,0.5,0,0,200,16,16,0.1,test,client_1,26,101,42,143,True,0.5288778877887789
SIDER,fedavg_proto,0.5,0,0,200,16,16,0.1,test,client_2,0,72,71,143,True,0.45774647887323944
SIDER,fedavg_proto,0.5,0,0,200,16,16,0.1,test,client_2,1,105,38,143,True,0.4964912280701755
SIDER,fedavg_proto,0.5,0,0,200,16,16,0.1,test,client_2,2,5,138,143,True,0.30579710144927535
SIDER,fedavg_proto,0.5,0,0,200,16,16,0.1,test,client_2,3,90,53,143,True,0.6046121593291406
SIDER,fedavg_proto,0.5,0,0,200,16,16,0.1,test,client_2,4,118,25,143,True,0.5149152542372881
SIDER,fedavg_proto,0.5,0,0,200,16,16,0.1,test,client_2,5,104,39,143,True,0.4960552268244576
SIDER,fedavg_proto,0.5,0,0,200,16,16,0.1,test,client_2,6,134,9,143,True,0.5182421227197347
SIDER,fedavg_proto,0.5,0,0,200,16,16,0.1,test,client_2,7,24,119,143,True,0.35259103641456585
SIDER,fedavg_proto,0.5,0,0,200,16,16,0.1,test,client_2,8,91,52,143,True,0.4712595097210482
SIDER,fedavg_proto,0.5,0,0,200,16,16,0.1,test,client_2,9,74,69,143,True,0.47375636506071295
SIDER,fedavg_proto,0.5,0,0,200,16,16,0.1,test,client_2,10,39,104,143,True,0.45857988165680474
SIDER,fedavg_proto,0.5,0,0,200,16,16,0.1,test,client_2,11,130,13,143,True,0.5615384615384615
SIDER,fedavg_proto,0.5,0,0,200,16,16,0.1,test,client_2,12,33,110,143,True,0.3880165289256199
SIDER,fedavg_proto,0.5,0,0,200,16,16,0.1,test,client_2,13,20,123,143,True,0.4735772357723577
SIDER,fedavg_proto,0.5,0,0,200,16,16,0.1,test,client_2,14,113,30,143,True,0.6094395280235987
SIDER,fedavg_proto,0.5,0,0,200,16,16,0.1,test,client_2,15,83,60,143,True,0.510140562248996
SIDER,fedavg_proto,0.5,0,0,200,16,16,0.1,test,client_2,16,131,12,143,True,0.7270992366412213
SIDER,fedavg_proto,0.5,0,0,200,16,16,0.1,test,client_2,17,30,113,143,True,0.4725663716814159
SIDER,fedavg_proto,0.5,0,0,200,16,16,0.1,test,client_2,18,109,34,143,True,0.5555855369670805
SIDER,fedavg_proto,0.5,0,0,200,16,16,0.1,test,client_2,19,104,39,143,True,0.5663214990138067
SIDER,fedavg_proto,0.5,0,0,200,16,16,0.1,test,client_2,20,102,41,143,True,0.5127929220468675
SIDER,fedavg_proto,0.5,0,0,200,16,16,0.1,test,client_2,21,98,45,143,True,0.5545351473922903
SIDER,fedavg_proto,0.5,0,0,200,16,16,0.1,test,client_2,22,14,129,143,True,0.41140642303432995
SIDER,fedavg_proto,0.5,0,0,200,16,16,0.1,test,client_2,23,60,83,143,True,0.5373493975903615
SIDER,fedavg_proto,0.5,0,0,200,16,16,0.1,test,client_2,24,98,45,143,True,0.5126984126984128
SIDER,fedavg_proto,0.5,0,0,200,16,16,0.1,test,client_2,25,132,11,143,True,0.6232782369146006
SIDER,fedavg_proto,0.5,0,0,200,16,16,0.1,test,client_2,26,101,42,143,True,0.5094295143800095
SIDER,fedavg_proto,0.5,0,0,200,16,16,0.1,test,client_3,0,72,71,143,True,0.5590766823161191
SIDER,fedavg_proto,0.5,0,0,200,16,16,0.1,test,client_3,1,105,38,143,True,0.575689223057644
SIDER,fedavg_proto,0.5,0,0,200,16,16,0.1,test,client_3,2,5,138,143,True,0.34202898550724636
SIDER,fedavg_proto,0.5,0,0,200,16,16,0.1,test,client_3,3,90,53,143,True,0.5748427672955975
SIDER,fedavg_proto,0.5,0,0,200,16,16,0.1,test,client_3,4,118,25,143,True,0.531186440677966
SIDER,fedavg_proto,0.5,0,0,200,16,16,0.1,test,client_3,5,104,39,143,True,0.5352564102564102
SIDER,fedavg_proto,0.5,0,0,200,16,16,0.1,test,client_3,6,134,9,143,True,0.5132669983416253
SIDER,fedavg_proto,0.5,0,0,200,16,16,0.1,test,client_3,7,24,119,143,True,0.3714985994397759
SIDER,fedavg_proto,0.5,0,0,200,16,16,0.1,test,client_3,8,91,52,143,True,0.485207100591716
SIDER,fedavg_proto,0.5,0,0,200,16,16,0.1,test,client_3,9,74,69,143,True,0.4578926752839796
SIDER,fedavg_proto,0.5,0,0,200,16,16,0.1,test,client_3,10,39,104,143,True,0.40853057199211046
SIDER,fedavg_proto,0.5,0,0,200,16,16,0.1,test,client_3,11,130,13,143,True,0.5562130177514792
SIDER,fedavg_proto,0.5,0,0,200,16,16,0.1,test,client_3,12,33,110,143,True,0.39063360881542697
SIDER,fedavg_proto,0.5,0,0,200,16,16,0.1,test,client_3,13,20,123,143,True,0.4975609756097561
SIDER,fedavg_proto,0.5,0,0,200,16,16,0.1,test,client_3,14,113,30,143,True,0.6144542772861357
SIDER,fedavg_proto,0.5,0,0,200,16,16,0.1,test,client_3,15,83,60,143,True,0.5610441767068274
SIDER,fedavg_proto,0.5,0,0,200,16,16,0.1,test,client_3,16,131,12,143,True,0.7315521628498727
SIDER,fedavg_proto,0.5,0,0,200,16,16,0.1,test,client_3,17,30,113,143,True,0.4646017699115044
SIDER,fedavg_proto,0.5,0,0,200,16,16,0.1,test,client_3,18,109,34,143,True,0.5822989746357259
SIDER,fedavg_proto,0.5,0,0,200,16,16,0.1,test,client_3,19,104,39,143,True,0.5766765285996056
SIDER,fedavg_proto,0.5,0,0,200,16,16,0.1,test,client_3,20,102,41,143,True,0.5224772835963654
SIDER,fedavg_proto,0.5,0,0,200,16,16,0.1,test,client_3,21,98,45,143,True,0.5528344671201815
SIDER,fedavg_proto,0.5,0,0,200,16,16,0.1,test,client_3,22,14,129,143,True,0.4258028792912514
SIDER,fedavg_proto,0.5,0,0,200,16,16,0.1,test,client_3,23,60,83,143,True,0.5184738955823293
SIDER,fedavg_proto,0.5,0,0,200,16,16,0.1,test,client_3,24,98,45,143,True,0.5217687074829933
SIDER,fedavg_proto,0.5,0,0,200,16,16,0.1,test,client_3,25,132,11,143,True,0.6670110192837465
SIDER,fedavg_proto,0.5,0,0,200,16,16,0.1,test,client_3,26,101,42,143,True,0.5073078736445072
SIDER,fedavg_proto,0.5,0,1,200,16,16,0.1,val,server,0,76,67,143,True,0.6217596229379418
SIDER,fedavg_proto,0.5,0,1,200,16,16,0.1,val,server,1,99,44,143,True,0.6182277318640954
SIDER,fedavg_proto,0.5,0,1,200,16,16,0.1,val,server,2,2,141,143,True,0.2021276595744681
SIDER,fedavg_proto,0.5,0,1,200,16,16,0.1,val,server,3,85,58,143,True,0.5795131845841784
SIDER,fedavg_proto,0.5,0,1,200,16,16,0.1,val,server,4,117,26,143,True,0.5401051939513478
SIDER,fedavg_proto,0.5,0,1,200,16,16,0.1,val,server,5,99,44,143,True,0.5241046831955922
SIDER,fedavg_proto,0.5,0,1,200,16,16,0.1,val,server,6,131,12,143,True,0.688295165394402
SIDER,fedavg_proto,0.5,0,1,200,16,16,0.1,val,server,7,20,123,143,True,0.4524390243902439
SIDER,fedavg_proto,0.5,0,1,200,16,16,0.1,val,server,8,97,46,143,True,0.5757507844016136
SIDER,fedavg_proto,0.5,0,1,200,16,16,0.1,val,server,9,71,72,143,True,0.5402973395931142
SIDER,fedavg_proto,0.5,0,1,200,16,16,0.1,val,server,10,35,108,143,True,0.4788359788359788
SIDER,fedavg_proto,0.5,0,1,200,16,16,0.1,val,server,11,130,13,143,True,0.47100591715976337
SIDER,fedavg_proto,0.5,0,1,200,16,16,0.1,val,server,12,37,106,143,True,0.531871494135645
SIDER,fedavg_proto,0.5,0,1,200,16,16,0.1,val,server,13,20,123,143,True,0.4451219512195122
SIDER,fedavg_proto,0.5,0,1,200,16,16,0.1,val,server,14,107,36,143,True,0.5166147455867083
SIDER,fedavg_proto,0.5,0,1,200,16,16,0.1,val,server,15,94,49,143,True,0.6007381676074686
SIDER,fedavg_proto,0.5,0,1,200,16,16,0.1,val,server,16,129,14,143,True,0.6040974529346622
SIDER,fedavg_proto,0.5,0,1,200,16,16,0.1,val,server,17,20,123,143,True,0.4829268292682926
SIDER,fedavg_proto,0.5,0,1,200,16,16,0.1,val,server,18,104,39,143,True,0.5727317554240632
SIDER,fedavg_proto,0.5,0,1,200,16,16,0.1,val,server,19,103,40,143,True,0.6143203883495145
SIDER,fedavg_proto,0.5,0,1,200,16,16,0.1,val,server,20,102,41,143,True,0.5270205643232903
SIDER,fedavg_proto,0.5,0,1,200,16,16,0.1,val,server,21,98,45,143,True,0.5530612244897959
SIDER,fedavg_proto,0.5,0,1,200,16,16,0.1,val,server,22,10,133,143,True,0.3421052631578948
SIDER,fedavg_proto,0.5,0,1,200,16,16,0.1,val,server,23,64,79,143,True,0.6111550632911393
SIDER,fedavg_proto,0.5,0,1,200,16,16,0.1,val,server,24,104,39,143,True,0.6383136094674556
SIDER,fedavg_proto,0.5,0,1,200,16,16,0.1,val,server,25,134,9,143,True,0.7728026533996684
SIDER,fedavg_proto,0.5,0,1,200,16,16,0.1,val,server,26,95,48,143,True,0.543421052631579
SIDER,fedavg_proto,0.5,0,1,200,16,16,0.1,val,client_0,0,76,67,143,True,0.5985860172820109
SIDER,fedavg_proto,0.5,0,1,200,16,16,0.1,val,client_0,1,99,44,143,True,0.5833333333333334
SIDER,fedavg_proto,0.5,0,1,200,16,16,0.1,val,client_0,2,2,141,143,True,0.3191489361702128
SIDER,fedavg_proto,0.5,0,1,200,16,16,0.1,val,client_0,3,85,58,143,True,0.6401622718052737
SIDER,fedavg_proto,0.5,0,1,200,16,16,0.1,val,client_0,4,117,26,143,True,0.6099605522682446
SIDER,fedavg_proto,0.5,0,1,200,16,16,0.1,val,client_0,5,99,44,143,True,0.5681818181818182
SIDER,fedavg_proto,0.5,0,1,200,16,16,0.1,val,client_0,6,131,12,143,True,0.7614503816793893
SIDER,fedavg_proto,0.5,0,1,200,16,16,0.1,val,client_0,7,20,123,143,True,0.359349593495935
SIDER,fedavg_proto,0.5,0,1,200,16,16,0.1,val,client_0,8,97,46,143,True,0.5802330793366203
SIDER,fedavg_proto,0.5,0,1,200,16,16,0.1,val,client_0,9,71,72,143,True,0.5714006259780908
SIDER,fedavg_proto,0.5,0,1,200,16,16,0.1,val,client_0,10,35,108,143,True,0.4645502645502646
SIDER,fedavg_proto,0.5,0,1,200,16,16,0.1,val,client_0,11,130,13,143,True,0.5863905325443787
SIDER,fedavg_proto,0.5,0,1,200,16,16,0.1,val,client_0,12,37,106,143,True,0.50790413054564
SIDER,fedavg_proto,0.5,0,1,200,16,16,0.1,val,client_0,13,20,123,143,True,0.4154471544715447
SIDER,fedavg_proto,0.5,0,1,200,16,16,0.1,val,client_0,14,107,36,143,True,0.6051401869158878
SIDER,fedavg_proto,0.5,0,1,200,16,16,0.1,val,client_0,15,94,49,143,True,0.5931393834129397
SIDER,fedavg_proto,0.5,0,1,200,16,16,0.1,val,client_0,16,129,14,143,True,0.6334440753045404
SIDER,fedavg_proto,0.5,0,1,200,16,16,0.1,val,client_0,17,20,123,143,True,0.48739837398373986
SIDER,fedavg_proto,0.5,0,1,200,16,16,0.1,val,client_0,18,104,39,143,True,0.5738412228796844
SIDER,fedavg_proto,0.5,0,1,200,16,16,0.1,val,client_0,19,103,40,143,True,0.6349514563106796
SIDER,fedavg_proto,0.5,0,1,200,16,16,0.1,val,client_0,20,102,41,143,True,0.6475370636059301
SIDER,fedavg_proto,0.5,0,1,200,16,16,0.1,val,client_0,21,98,45,143,True,0.5988662131519275
SIDER,fedavg_proto,0.5,0,1,200,16,16,0.1,val,client_0,22,10,133,143,True,0.39473684210526316
SIDER,fedavg_proto,0.5,0,1,200,16,16,0.1,val,client_0,23,64,79,143,True,0.6117484177215191
SIDER,fedavg_proto,0.5,0,1,200,16,16,0.1,val,client_0,24,104,39,143,True,0.6407790927021696
SIDER,fedavg_proto,0.5,0,1,200,16,16,0.1,val,client_0,25,134,9,143,True,0.857379767827529
SIDER,fedavg_proto,0.5,0,1,200,16,16,0.1,val,client_0,26,95,48,143,True,0.5521929824561402
SIDER,fedavg_proto,0.5,0,1,200,16,16,0.1,val,client_1,0,76,67,143,True,0.6357030636292224
SIDER,fedavg_proto,0.5,0,1,200,16,16,0.1,val,client_1,1,99,44,143,True,0.5523415977961432
SIDER,fedavg_proto,0.5,0,1,200,16,16,0.1,val,client_1,2,2,141,143,True,0.16666666666666669
SIDER,fedavg_proto,0.5,0,1,200,16,16,0.1,val,client_1,3,85,58,143,True,0.5991886409736308
SIDER,fedavg_proto,0.5,0,1,200,16,16,0.1,val,client_1,4,117,26,143,True,0.5703484549638396
SIDER,fedavg_proto,0.5,0,1,200,16,16,0.1,val,client_1,5,99,44,143,True,0.5374196510560147
SIDER,fedavg_proto,0.5,0,1,200,16,16,0.1,val,client_1,6,131,12,143,True,0.6978371501272265
SIDER,fedavg_proto,0.5,0,1,200,16,16,0.1,val,client_1,7,20,123,143,True,0.41300813008130083
SIDER,fedavg_proto,0.5,0,1,200,16,16,0.1,val,client_1,8,97,46,143,True,0.6033168982519049
SIDER,fedavg_proto,0.5,0,1,200,16,16,0.1,val,client_1,9,71,72,143,True,0.5639671361502346
SIDER,fedavg_proto,0.5,0,1,200,16,16,0.1,val,client_1,10,35,108,143,True,0.4923280423280424
SIDER,fedavg_proto,0.5,0,1,200,16,16,0.1,val,client_1,11,130,13,143,True,0.49644970414201184
SIDER,fedavg_proto,0.5,0,1,200,16,16,0.1,val,client_1,12,37,106,143,True,0.4854665986741459
SIDER,fedavg_proto,0.5,0,1,200,16,16,0.1,val,client_1,13,20,123,143,True,0.4268292682926829
SIDER,fedavg_proto,0.5,0,1,200,16,16,0.1,val,client_1,14,107,36,143,True,0.5285565939771548
SIDER,fedavg_proto,0.5,0,1,200,16,16,0.1,val,client_1,15,94,49,143,True,0.5807642205818497
SIDER,fedavg_proto,0.5,0,1,200,16,16,0.1,val,client_1,16,129,14,143,True,0.632890365448505
SIDER,fedavg_proto,0.5,0,1,200,16,16,0.1,val,client_1,17,20,123,143,True,0.517479674796748
SIDER,fedavg_proto,0.5,0,1,200,16,16,0.1,val,client_1,18,104,39,143,True,0.5355029585798817
SIDER,fedavg_proto,0.5,0,1,200,16,16,0.1,val,client_1,19,103,40,143,True,0.5383495145631069
SIDER,fedavg_proto,0.5,0,1,200,16,16,0.1,val,client_1,20,102,41,143,True,0.5767575322812052
SIDER,fedavg_proto,0.5,0,1,200,16,16,0.1,val,client_1,21,98,45,143,True,0.5750566893424036
SIDER,fedavg_proto,0.5,0,1,200,16,16,0.1,val,client_1,22,10,133,143,True,0.356390977443609
SIDER,fedavg_proto,0.5,0,1,200,16,16,0.1,val,client_1,23,64,79,143,True,0.5886075949367089
SIDER,fedavg_proto,0.5,0,1,200,16,16,0.1,val,client_1,24,104,39,143,True,0.6143984220907297
SIDER,fedavg_proto,0.5,0,1,200,16,16,0.1,val,client_1,25,134,9,143,True,0.7271973466003316
SIDER,fedavg_proto,0.5,0,1,200,16,16,0.1,val,client_1,26,95,48,143,True,0.5489035087719298
SIDER,fedavg_proto,0.5,0,1,200,16,16,0.1,val,client_2,0,76,67,143,True,0.6209740769835035
SIDER,fedavg_proto,0.5,0,1,200,16,16,0.1,val,client_2,1,99,44,143,True,0.5631313131313131
SIDER,fedavg_proto,0.5,0,1,200,16,16,0.1,val,client_2,2,2,141,143,True,0.2482269503546099
SIDER,fedavg_proto,0.5,0,1,200,16,16,0.1,val,client_2,3,85,58,143,True,0.5417849898580122
SIDER,fedavg_proto,0.5,0,1,200,16,16,0.1,val,client_2,4,117,26,143,True,0.43688362919132157
SIDER,fedavg_proto,0.5,0,1,200,16,16,0.1,val,client_2,5,99,44,143,True,0.5259412304866851
SIDER,fedavg_proto,0.5,0,1,200,16,16,0.1,val,client_2,6,131,12,143,True,0.510178117048346
SIDER,fedavg_proto,0.5,0,1,200,16,16,0.1,val,client_2,7,20,123,143,True,0.41300813008130083
SIDER,fedavg_proto,0.5,0,1,200,16,16,0.1,val,client_2,8,97,46,143,True,0.5095248767368893
SIDER,fedavg_proto,0.5,0,1,200,16,16,0.1,val,client_2,9,71,72,143,True,0.5320813771517997
SIDER,fedavg_proto,0.5,0,1,200,16,16,0.1,val,client_2,10,35,108,143,True,0.4835978835978836
SIDER,fedavg_proto,0.5,0,1,200,16,16,0.1,val,client_2,11,130,13,143,True,0.3757396449704142
SIDER,fedavg_proto,0.5,0,1,200,16,16,0.1,val,client_2,12,37,106,143,True,0.5484446710861806
SIDER,fedavg_proto,0.5,0,1,200,16,16,0.1,val,client_2,13,20,123,143,True,0.4865853658536585
SIDER,fedavg_proto,0.5,0,1,200,16,16,0.1,val,client_2,14,107,36,143,True,0.37487019730010385
SIDER,fedavg_proto,0.5,0,1,200,16,16,0.1,val,client_2,15,94,49,143,True,0.6111593573599653
SIDER,fedavg_proto,0.5,0,1,200,16,16,0.1,val,client_2,16,129,14,143,True,0.6207087486157253
SIDER,fedavg_proto,0.5,0,1,200,16,16,0.1,val,client_2,17,20,123,143,True,0.5304878048780488
SIDER,fedavg_proto,0.5,0,1,200,16,16,0.1,val,client_2,18,104,39,143,True,0.5611439842209073
SIDER,fedavg_proto,0.5,0,1,200,16,16,0.1,val,client_2,19,103,40,143,True,0.5305825242718446
SIDER,fedavg_proto,0.5,0,1,200,16,16,0.1,val,client_2,20,102,41,143,True,0.44906743185078907
SIDER,fedavg_proto,0.5,0,1,200,16,16,0.1,val,client_2,21,98,45,143,True,0.5519274376417234
SIDER,fedavg_proto,0.5,0,1,200,16,16,0.1,val,client_2,22,10,133,143,True,0.393984962406015
SIDER,fedavg_proto,0.5,0,1,200,16,16,0.1,val,client_2,23,64,79,143,True,0.6012658227848102
SIDER,fedavg_proto,0.5,0,1,200,16,16,0.1,val,client_2,24,104,39,143,True,0.6429980276134122
SIDER,fedavg_proto,0.5,0,1,200,16,16,0.1,val,client_2,25,134,9,143,True,0.6252072968490879
SIDER,fedavg_proto,0.5,0,1,200,16,16,0.1,val,client_2,26,95,48,143,True,0.5302631578947369
SIDER,fedavg_proto,0.5,0,1,200,16,16,0.1,val,client_3,0,76,67,143,True,0.5496857816182247
SIDER,fedavg_proto,0.5,0,1,200,16,16,0.1,val,client_3,1,99,44,143,True,0.6108815426997245
SIDER,fedavg_proto,0.5,0,1,200,16,16,0.1,val,client_3,2,2,141,143,True,0.2907801418439716
SIDER,fedavg_proto,0.5,0,1,200,16,16,0.1,val,client_3,3,85,58,143,True,0.5606490872210954
SIDER,fedavg_proto,0.5,0,1,200,16,16,0.1,val,client_3,4,117,26,143,True,0.5312294543063774
SIDER,fedavg_proto,0.5,0,1,200,16,16,0.1,val,client_3,5,99,44,143,True,0.506198347107438
SIDER,fedavg_proto,0.5,0,1,200,16,16,0.1,val,client_3,6,131,12,143,True,0.6348600508905853
SIDER,fedavg_proto,0.5,0,1,200,16,16,0.1,val,client_3,7,20,123,143,True,0.45243902439024386
SIDER,fedavg_proto,0.5,0,1,200,16,16,0.1,val,client_3,8,97,46,143,True,0.5791125056028686
SIDER,fedavg_proto,0.5,0,1,200,16,16,0.1,val,client_3,9,71,72,143,True,0.5354068857589984
SIDER,fedavg_proto,0.5,0,1,200,16,16,0.1,val,client_3,10,35,108,143,True,0.46216931216931223
SIDER,fedavg_proto,0.5,0,1,200,16,16,0.1,val,client_3,11,130,13,143,True,0.463905325443787
SIDER,fedavg_proto,0.5,0,1,200,16,16,0.1,val,client_3,12,37,106,143,True,0.5402855685874554
SIDER,fedavg_proto,0.5,0,1,200,16,16,0.1,val,client_3,13,20,123,143,True,0.4953252032520325
SIDER,fedavg_proto,0.5,0,1,200,16,16,0.1,val,client_3,14,107,36,143,True,0.4877985462097611
SIDER,fedavg_proto,0.5,0,1,200,16,16,0.1,val,client_3,15,94,49,143,True,0.5825010855405992
SIDER,fedavg_proto,0.5,0,1,200,16,16,0.1,val,client_3,16,129,14,143,True,0.6234772978959024
SIDER,fedavg_proto,0.5,0,1,200,16,16,0.1,val,client_3,17,20,123,143,True,0.48861788617886176
SIDER,fedavg_proto,0.5,0,1,200,16,16,0.1,val,client_3,18,104,39,143,True,0.5823471400394478
SIDER,fedavg_proto,0.5,0,1,200,16,16,0.1,val,client_3,19,103,40,143,True,0.6101941747572815
SIDER,fedavg_proto,0.5,0,1,200,16,16,0.1,val,client_3,20,102,41,143,True,0.5217599234815877
SIDER,fedavg_proto,0.5,0,1,200,16,16,0.1,val,client_3,21,98,45,143,True,0.5510204081632653
SIDER,fedavg_proto,0.5,0,1,200,16,16,0.1,val,client_3,22,10,133,143,True,0.3315789473684211
SIDER,fedavg_proto,0.5,0,1,200,16,16,0.1,val,client_3,23,64,79,143,True,0.604628164556962
SIDER,fedavg_proto,0.5,0,1,200,16,16,0.1,val,client_3,24,104,39,143,True,0.6402859960552268
SIDER,fedavg_proto,0.5,0,1,200,16,16,0.1,val,client_3,25,134,9,143,True,0.7736318407960199
SIDER,fedavg_proto,0.5,0,1,200,16,16,0.1,val,client_3,26,95,48,143,True,0.5149122807017544
SIDER,fedavg_proto,0.5,0,1,200,16,16,0.1,test,server,0,72,71,143,True,0.5974178403755869
SIDER,fedavg_proto,0.5,0,1,200,16,16,0.1,test,server,1,105,38,143,True,0.5230576441102758
SIDER,fedavg_proto,0.5,0,1,200,16,16,0.1,test,server,2,5,138,143,True,0.3855072463768116
SIDER,fedavg_proto,0.5,0,1,200,16,16,0.1,test,server,3,90,53,143,True,0.6176100628930817
SIDER,fedavg_proto,0.5,0,1,200,16,16,0.1,test,server,4,118,25,143,True,0.4972881355932204
SIDER,fedavg_proto,0.5,0,1,200,16,16,0.1,test,server,5,104,39,143,True,0.4746055226824458
SIDER,fedavg_proto,0.5,0,1,200,16,16,0.1,test,server,6,134,9,143,True,0.5348258706467662
SIDER,fedavg_proto,0.5,0,1,200,16,16,0.1,test,server,7,24,119,143,True,0.3697478991596639
SIDER,fedavg_proto,0.5,0,1,200,16,16,0.1,test,server,8,91,52,143,True,0.4702028740490279
SIDER,fedavg_proto,0.5,0,1,200,16,16,0.1,test,server,9,74,69,143,True,0.5566000783392088
SIDER,fedavg_proto,0.5,0,1,200,16,16,0.1,test,server,10,39,104,143,True,0.48693293885601574
SIDER,fedavg_proto,0.5,0,1,200,16,16,0.1,test,server,11,130,13,143,True,0.5292899408284024
SIDER,fedavg_proto,0.5,0,1,200,16,16,0.1,test,server,12,33,110,143,True,0.5936639118457301
SIDER,fedavg_proto,0.5,0,1,200,16,16,0.1,test,server,13,20,123,143,True,0.48252032520325205
SIDER,fedavg_proto,0.5,0,1,200,16,16,0.1,test,server,14,113,30,143,True,0.5979351032448378
SIDER,fedavg_proto,0.5,0,1,200,16,16,0.1,test,server,15,83,60,143,True,0.5654618473895582
SIDER,fedavg_proto,0.5,0,1,200,16,16,0.1,test,server,16,131,12,143,True,0.7124681933842238
SIDER,fedavg_proto,0.5,0,1,200,16,16,0.1,test,server,17,30,113,143,True,0.41150442477876104
SIDER,fedavg_proto,0.5,0,1,200,16,16,0.1,test,server,18,109,34,143,True,0.5129519697787372
SIDER,fedavg_proto,0.5,0,1,200,16,16,0.1,test,server,19,104,39,143,True,0.5325443786982249
SIDER,fedavg_proto,0.5,0,1,200,16,16,0.1,test,server,20,102,41,143,True,0.5289335246293639
SIDER,fedavg_proto,0.5,0,1,200,16,16,0.1,test,server,21,98,45,143,True,0.5459183673469388
SIDER,fedavg_proto,0.5,0,1,200,16,16,0.1,test,server,22,14,129,143,True,0.4119601328903654
SIDER,fedavg_proto,0.5,0,1,200,16,16,0.1,test,server,23,60,83,143,True,0.4716867469879519
SIDER,fedavg_proto,0.5,0,1,200,16,16,0.1,test,server,24,98,45,143,True,0.5126984126984127
SIDER,fedavg_proto,0.5,0,1,200,16,16,0.1,test,server,25,132,11,143,True,0.668732782369146
SIDER,fedavg_proto,0.5,0,1,200,16,16,0.1,test,server,26,101,42,143,True,0.5353606789250354
SIDER,fedavg_proto,0.5,0,1,200,16,16,0.1,test,client_0,0,72,71,143,True,0.6064162754303599
SIDER,fedavg_proto,0.5,0,1,200,16,16,0.1,test,client_0,1,105,38,143,True,0.5593984962406016
SIDER,fedavg_proto,0.5,0,1,200,16,16,0.1,test,client_0,2,5,138,143,True,0.4521739130434783
SIDER,fedavg_proto,0.5,0,1,200,16,16,0.1,test,client_0,3,90,53,143,True,0.5888888888888889
SIDER,fedavg_proto,0.5,0,1,200,16,16,0.1,test,client_0,4,118,25,143,True,0.6057627118644068
SIDER,fedavg_proto,0.5,0,1,200,16,16,0.1,test,client_0,5,104,39,143,True,0.5946745562130177
SIDER,fedavg_proto,0.5,0,1,200,16,16,0.1,test,client_0,6,134,9,143,True,0.7736318407960199
SIDER,fedavg_proto,0.5,0,1,200,16,16,0.1,test,client_0,7,24,119,143,True,0.3711484593837535
SIDER,fedavg_proto,0.5,0,1,200,16,16,0.1,test,client_0,8,91,52,143,True,0.5771344040574808
SIDER,fedavg_proto,0.5,0,1,200,16,16,0.1,test,client_0,9,74,69,143,True,0.5517038777908343
SIDER,fedavg_proto,0.5,0,1,200,16,16,0.1,test,client_0,10,39,104,143,True,0.46227810650887574
SIDER,fedavg_proto,0.5,0,1,200,16,16,0.1,test,client_0,11,130,13,143,True,0.4733727810650888
SIDER,fedavg_proto,0.5,0,1,200,16,16,0.1,test,client_0,12,33,110,143,True,0.4793388429752066
SIDER,fedavg_proto,0.5,0,1,200,16,16,0.1,test,client_0,13,20,123,143,True,0.4422764227642277
SIDER,fedavg_proto,0.5,0,1,200,16,16,0.1,test,client_0,14,113,30,143,True,0.5539823008849557
SIDER,fedavg_proto,0.5,0,1,200,16,16,0.1,test,client_0,15,83,60,143,True,0.5642570281124497
SIDER,fedavg_proto,0.5,0,1,200,16,16,0.1,test,client_0,16,131,12,143,True,0.6749363867684479
SIDER,fedavg_proto,0.5,0,1,200,16,16,0.1,test,client_0,17,30,113,143,True,0.4722713864306785
SIDER,fedavg_proto,0.5,0,1,200,16,16,0.1,test,client_0,18,109,34,143,True,0.4948731786292498
SIDER,fedavg_proto,0.5,0,1,200,16,16,0.1,test,client_0,19,104,39,143,True,0.5
SIDER,fedavg_proto,0.5,0,1,200,16,16,0.1,test,client_0,20,102,41,143,True,0.5389765662362506
SIDER,fedavg_proto,0.5,0,1,200,16,16,0.1,test,client_0,21,98,45,143,True,0.5675736961451247
SIDER,fedavg_proto,0.5,0,1,200,16,16,0.1,test,client_0,22,14,129,143,True,0.5459579180509413
SIDER,fedavg_proto,0.5,0,1,200,16,16,0.1,test,client_0,23,60,83,143,True,0.4698795180722891
SIDER,fedavg_proto,0.5,0,1,200,16,16,0.1,test,client_0,24,98,45,143,True,0.5301587301587302
SIDER,fedavg_proto,0.5,0,1,200,16,16,0.1,test,client_0,25,132,11,143,True,0.6831955922865014
SIDER,fedavg_proto,0.5,0,1,200,16,16,0.1,test,client_0,26,101,42,143,True,0.5233380480905233
SIDER,fedavg_proto,0.5,0,1,200,16,16,0.1,test,client_1,0,72,71,143,True,0.5995696400625978
SIDER,fedavg_proto,0.5,0,1,200,16,16,0.1,test,client_1,1,105,38,143,True,0.574185463659148
SIDER,fedavg_proto,0.5,0,1,200,16,16,0.1,test,client_1,2,5,138,143,True,0.4434782608695652
SIDER,fedavg_proto,0.5,0,1,200,16,16,0.1,test,client_1,3,90,53,143,True,0.5872117400419288
SIDER,fedavg_proto,0.5,0,1,200,16,16,0.1,test,client_1,4,118,25,143,True,0.5274576271186441
SIDER,fedavg_proto,0.5,0,1,200,16,16,0.1,test,client_1,5,104,39,143,True,0.5438856015779093
SIDER,fedavg_proto,0.5,0,1,200,16,16,0.1,test,client_1,6,134,9,143,True,0.6401326699834163
SIDER,fedavg_proto,0.5,0,1,200,16,16,0.1,test,client_1,7,24,119,143,True,0.3662464985994398
SIDER,fedavg_proto,0.5,0,1,200,16,16,0.1,test,client_1,8,91,52,143,True,0.48753169907016064
SIDER,fedavg_proto,0.5,0,1,200,16,16,0.1,test,client_1,9,74,69,143,True,0.5581668625146886
SIDER,fedavg_proto,0.5,0,1,200,16,16,0.1,test,client_1,10,39,104,143,True,0.4331854043392505
SIDER,fedavg_proto,0.5,0,1,200,16,16,0.1,test,client_1,11,130,13,143,True,0.5437869822485207
SIDER,fedavg_proto,0.5,0,1,200,16,16,0.1,test,client_1,12,33,110,143,True,0.403305785123967
SIDER,fedavg_proto,0.5,0,1,200,16,16,0.1,test,client_1,13,20,123,143,True,0.45162601626016263
SIDER,fedavg_proto,0.5,0,1,200,16,16,0.1,test,client_1,14,113,30,143,True,0.5973451327433629
SIDER,fedavg_proto,0.5,0,1,200,16,16,0.1,test,client_1,15,83,60,143,True,0.5662650602409638
SIDER,fedavg_proto,0.5,0,1,200,16,16,0.1,test,client_1,16,131,12,143,True,0.7576335877862597
SIDER,fedavg_proto,0.5,0,1,200,16,16,0.1,test,client_1,17,30,113,143,True,0.4607669616519174
SIDER,fedavg_proto,0.5,0,1,200,16,16,0.1,test,client_1,18,109,34,143,True,0.5493793847814356
SIDER,fedavg_proto,0.5,0,1,200,16,16,0.1,test,client_1,19,104,39,143,True,0.5564595660749507
SIDER,fedavg_proto,0.5,0,1,200,16,16,0.1,test,client_1,20,102,41,143,True,0.5241511238641798
SIDER,fedavg_proto,0.5,0,1,200,16,16,0.1,test,client_1,21,98,45,143,True,0.5650793650793651
SIDER,fedavg_proto,0.5,0,1,200,16,16,0.1,test,client_1,22,14,129,143,True,0.429125138427464
SIDER,fedavg_proto,0.5,0,1,200,16,16,0.1,test,client_1,23,60,83,143,True,0.5008032128514057
SIDER,fedavg_proto,0.5,0,1,200,16,16,0.1,test,client_1,24,98,45,143,True,0.55
SIDER,fedavg_proto,0.5,0,1,200,16,16,0.1,test,client_1,25,132,11,143,True,0.690771349862259
SIDER,fedavg_proto,0.5,0,1,200,16,16,0.1,test,client_1,26,101,42,143,True,0.515087223008015
SIDER,fedavg_proto,0.5,0,1,200,16,16,0.1,test,client_2,0,72,71,143,True,0.5688575899843507
SIDER,fedavg_proto,0.5,0,1,200,16,16,0.1,test,client_2,1,105,38,143,True,0.512280701754386
SIDER,fedavg_proto,0.5,0,1,200,16,16,0.1,test,client_2,2,5,138,143,True,0.35942028985507246
SIDER,fedavg_proto,0.5,0,1,200,16,16,0.1,test,client_2,3,90,53,143,True,0.6062893081761006
SIDER,fedavg_proto,0.5,0,1,200,16,16,0.1,test,client_2,4,118,25,143,True,0.44949152542372883
SIDER,fedavg_proto,0.5,0,1,200,16,16,0.1,test,client_2,5,104,39,143,True,0.4847140039447732
SIDER,fedavg_proto,0.5,0,1,200,16,16,0.1,test,client_2,6,134,9,143,True,0.4651741293532338
SIDER,fedavg_proto,0.5,0,1,200,16,16,0.1,test,client_2,7,24,119,143,True,0.3445378151260504
SIDER,fedavg_proto,0.5,0,1,200,16,16,0.1,test,client_2,8,91,52,143,True,0.47907861369399835
SIDER,fedavg_proto,0.5,0,1,200,16,16,0.1,test,client_2,9,74,69,143,True,0.5550332941637289
SIDER,fedavg_proto,0.5,0,1,200,16,16,0.1,test,client_2,10,39,104,143,True,0.5204635108481261
SIDER,fedavg_proto,0.5,0,1,200,16,16,0.1,test,client_2,11,130,13,143,True,0.4899408284023669
SIDER,fedavg_proto,0.5,0,1,200,16,16,0.1,test,client_2,12,33,110,143,True,0.61267217630854
SIDER,fedavg_proto,0.5,0,1,200,16,16,0.1,test,client_2,13,20,123,143,True,0.44024390243902434
SIDER,fedavg_proto,0.5,0,1,200,16,16,0.1,test,client_2,14,113,30,143,True,0.5008849557522124
SIDER,fedavg_proto,0.5,0,1,200,16,16,0.1,test,client_2,15,83,60,143,True,0.5499999999999999
SIDER,fedavg_proto,0.5,0,1,200,16,16,0.1,test,client_2,16,131,12,143,True,0.6145038167938931
SIDER,fedavg_proto,0.5,0,1,200,16,16,0.1,test,client_2,17,30,113,143,True,0.38023598820059
SIDER,fedavg_proto,0.5,0,1,200,16,16,0.1,test,client_2,18,109,34,143,True,0.5145709660010793
SIDER,fedavg_proto,0.5,0,1,200,16,16,0.1,test,client_2,19,104,39,143,True,0.60034516765286
SIDER,fedavg_proto,0.5,0,1,200,16,16,0.1,test,client_2,20,102,41,143,True,0.5069344811095169
SIDER,fedavg_proto,0.5,0,1,200,16,16,0.1,test,client_2,21,98,45,143,True,0.563265306122449
SIDER,fedavg_proto,0.5,0,1,200,16,16,0.1,test,client_2,22,14,129,143,True,0.2978959025470653
SIDER,fedavg_proto,0.5,0,1,200,16,16,0.1,test,client_2,23,60,83,143,True,0.5030120481927711
SIDER,fedavg_proto,0.5,0,1,200,16,16,0.1,test,client_2,24,98,45,143,True,0.5401360544217687
SIDER,fedavg_proto,0.5,0,1,200,16,16,0.1,test,client_2,25,132,11,143,True,0.5268595041322315
SIDER,fedavg_proto,0.5,0,1,200,16,16,0.1,test,client_2,26,101,42,143,True,0.5143800094295143
SIDER,fedavg_proto,0.5,0,1,200,16,16,0.1,test,client_3,0,72,71,143,True,0.5357981220657277
SIDER,fedavg_proto,0.5,0,1,200,16,16,0.1,test,client_3,1,105,38,143,True,0.5027568922305764
SIDER,fedavg_proto,0.5,0,1,200,16,16,0.1,test,client_3,2,5,138,143,True,0.4217391304347826
SIDER,fedavg_proto,0.5,0,1,200,16,16,0.1,test,client_3,3,90,53,143,True,0.6012578616352202
SIDER,fedavg_proto,0.5,0,1,200,16,16,0.1,test,client_3,4,118,25,143,True,0.4949152542372881
SIDER,fedavg_proto,0.5,0,1,200,16,16,0.1,test,client_3,5,104,39,143,True,0.47263313609467456
SIDER,fedavg_proto,0.5,0,1,200,16,16,0.1,test,client_3,6,134,9,143,True,0.4568822553897181
SIDER,fedavg_proto,0.5,0,1,200,16,16,0.1,test,client_3,7,24,119,143,True,0.3760504201680672
SIDER,fedavg_proto,0.5,0,1,200,16,16,0.1,test,client_3,8,91,52,143,True,0.4657650042265427
SIDER,fedavg_proto,0.5,0,1,200,16,16,0.1,test,client_3,9,74,69,143,True,0.5585585585585586
SIDER,fedavg_proto,0.5,0,1,200,16,16,0.1,test,client_3,10,39,104,143,True,0.4620315581854043
SIDER,fedavg_proto,0.5,0,1,200,16,16,0.1,test,client_3,11,130,13,143,True,0.4934911242603551
SIDER,fedavg_proto,0.5,0,1,200,16,16,0.1,test,client_3,12,33,110,143,True,0.5807162534435262
SIDER,fedavg_proto,0.5,0,1,200,16,16,0.1,test,client_3,13,20,123,143,True,0.5178861788617886
SIDER,fedavg_proto,0.5,0,1,200,16,16,0.1,test,client_3,14,113,30,143,True,0.5781710914454277
SIDER,fedavg_proto,0.5,0,1,200,16,16,0.1,test,client_3,15,83,60,143,True,0.5795180722891567
SIDER,fedavg_proto,0.5,0,1,200,16,16,0.1,test,client_3,16,131,12,143,True,0.6526717557251909
SIDER,fedavg_proto,0.5,0,1,200,16,16,0.1,test,client_3,17,30,113,143,True,0.4410029498525074
SIDER,fedavg_proto,0.5,0,1,200,16,16,0.1,test,client_3,18,109,34,143,True,0.5264436049649218
SIDER,fedavg_proto,0.5,0,1,200,16,16,0.1,test,client_3,19,104,39,143,True,0.5041913214990138
SIDER,fedavg_proto,0.5,0,1,200,16,16,0.1,test,client_3,20,102,41,143,True,0.5266618842659014
SIDER,fedavg_proto,0.5,0,1,200,16,16,0.1,test,client_3,21,98,45,143,True,0.5442176870748299
SIDER,fedavg_proto,0.5,0,1,200,16,16,0.1,test,client_3,22,14,129,143,True,0.4296788482834994
SIDER,fedavg_proto,0.5,0,1,200,16,16,0.1,test,client_3,23,60,83,143,True,0.45702811244979924
SIDER,fedavg_proto,0.5,0,1,200,16,16,0.1,test,client_3,24,98,45,143,True,0.49727891156462595
SIDER,fedavg_proto,0.5,0,1,200,16,16,0.1,test,client_3,25,132,11,143,True,0.694214876033058
SIDER,fedavg_proto,0.5,0,1,200,16,16,0.1,test,client_3,26,101,42,143,True,0.4811409712399811
SIDER,fedavg_proto,0.5,0,2,200,16,16,0.1,val,server,0,76,67,143,True,0.6413982717989002
SIDER,fedavg_proto,0.5,0,2,200,16,16,0.1,val,server,1,99,44,143,True,0.5589990817263544
SIDER,fedavg_proto,0.5,0,2,200,16,16,0.1,val,server,2,2,141,143,True,0.19858156028368795
SIDER,fedavg_proto,0.5,0,2,200,16,16,0.1,val,server,3,85,58,143,True,0.5766734279918864
SIDER,fedavg_proto,0.5,0,2,200,16,16,0.1,val,server,4,117,26,143,True,0.5798816568047337
SIDER,fedavg_proto,0.5,0,2,200,16,16,0.1,val,server,5,99,44,143,True,0.5335169880624426
SIDER,fedavg_proto,0.5,0,2,200,16,16,0.1,val,server,6,131,12,143,True,0.6857506361323156
SIDER,fedavg_proto,0.5,0,2,200,16,16,0.1,val,server,7,20,123,143,True,0.4516260162601626
SIDER,fedavg_proto,0.5,0,2,200,16,16,0.1,val,server,8,97,46,143,True,0.5891976692066339
SIDER,fedavg_proto,0.5,0,2,200,16,16,0.1,val,server,9,71,72,143,True,0.5848982785602503
SIDER,fedavg_proto,0.5,0,2,200,16,16,0.1,val,server,10,35,108,143,True,0.46957671957671954
SIDER,fedavg_proto,0.5,0,2,200,16,16,0.1,val,server,11,130,13,143,True,0.437869822485207
SIDER,fedavg_proto,0.5,0,2,200,16,16,0.1,val,server,12,37,106,143,True,0.5958694543600205
SIDER,fedavg_proto,0.5,0,2,200,16,16,0.1,val,server,13,20,123,143,True,0.4426829268292683
SIDER,fedavg_proto,0.5,0,2,200,16,16,0.1,val,server,14,107,36,143,True,0.49169262720664586
SIDER,fedavg_proto,0.5,0,2,200,16,16,0.1,val,server,15,94,49,143,True,0.630481980026053
SIDER,fedavg_proto,0.5,0,2,200,16,16,0.1,val,server,16,129,14,143,True,0.6517165005537099
SIDER,fedavg_proto,0.5,0,2,200,16,16,0.1,val,server,17,20,123,143,True,0.4479674796747967
SIDER,fedavg_proto,0.5,0,2,200,16,16,0.1,val,server,18,104,39,143,True,0.5645956607495068
SIDER,fedavg_proto,0.5,0,2,200,16,16,0.1,val,server,19,103,40,143,True,0.5271844660194175
SIDER,fedavg_proto,0.5,0,2,200,16,16,0.1,val,server,20,102,41,143,True,0.506934481109517
SIDER,fedavg_proto,0.5,0,2,200,16,16,0.1,val,server,21,98,45,143,True,0.58140589569161
SIDER,fedavg_proto,0.5,0,2,200,16,16,0.1,val,server,22,10,133,143,True,0.3759398496240602
SIDER,fedavg_proto,0.5,0,2,200,16,16,0.1,val,server,23,64,79,143,True,0.6354825949367088
SIDER,fedavg_proto,0.5,0,2,200,16,16,0.1,val,server,24,104,39,143,True,0.5648422090729783
SIDER,fedavg_proto,0.5,0,2,200,16,16,0.1,val,server,25,134,9,143,True,0.7645107794361526
SIDER,fedavg_proto,0.5,0,2,200,16,16,0.1,val,server,26,95,48,143,True,0.5603070175438597
SIDER,fedavg_proto,0.5,0,2,200,16,16,0.1,val,client_0,0,76,67,143,True,0.6437549096622152
SIDER,fedavg_proto,0.5,0,2,200,16,16,0.1,val,client_0,1,99,44,143,True,0.5635904499540864
SIDER,fedavg_proto,0.5,0,2,200,16,16,0.1,val,client_0,2,2,141,143,True,0.3297872340425532
SIDER,fedavg_proto,0.5,0,2,200,16,16,0.1,val,client_0,3,85,58,143,True,0.6294117647058823
SIDER,fedavg_proto,0.5,0,2,200,16,16,0.1,val,client_0,4,117,26,143,True,0.6456278763971072
SIDER,fedavg_proto,0.5,0,2,200,16,16,0.1,val,client_0,5,99,44,143,True,0.6033057851239669
SIDER,fedavg_proto,0.5,0,2,200,16,16,0.1,val,client_0,6,131,12,143,True,0.772264631043257
SIDER,fedavg_proto,0.5,0,2,200,16,16,0.1,val,client_0,7,20,123,143,True,0.4292682926829269
SIDER,fedavg_proto,0.5,0,2,200,16,16,0.1,val,client_0,8,97,46,143,True,0.5986104885701479
SIDER,fedavg_proto,0.5,0,2,200,16,16,0.1,val,client_0,9,71,72,143,True,0.5892018779342723
SIDER,fedavg_proto,0.5,0,2,200,16,16,0.1,val,client_0,10,35,108,143,True,0.4883597883597883
SIDER,fedavg_proto,0.5,0,2,200,16,16,0.1,val,client_0,11,130,13,143,True,0.5603550295857987
SIDER,fedavg_proto,0.5,0,2,200,16,16,0.1,val,client_0,12,37,106,143,True,0.5341662417134115
SIDER,fedavg_proto,0.5,0,2,200,16,16,0.1,val,client_0,13,20,123,143,True,0.42154471544715444
SIDER,fedavg_proto,0.5,0,2,200,16,16,0.1,val,client_0,14,107,36,143,True,0.6196780893042575
SIDER,fedavg_proto,0.5,0,2,200,16,16,0.1,val,client_0,15,94,49,143,True,0.6432913590968302
SIDER,fedavg_proto,0.5,0,2,200,16,16,0.1,val,client_0,16,129,14,143,True,0.6677740863787375
SIDER,fedavg_proto,0.5,0,2,200,16,16,0.1,val,client_0,17,20,123,143,True,0.46056910569105697
SIDER,fedavg_proto,0.5,0,2,200,16,16,0.1,val,client_0,18,104,39,143,True,0.5140532544378698
SIDER,fedavg_proto,0.5,0,2,200,16,16,0.1,val,client_0,19,103,40,143,True,0.6240291262135923
SIDER,fedavg_proto,0.5,0,2,200,16,16,0.1,val,client_0,20,102,41,143,True,0.6652319464371114
SIDER,fedavg_proto,0.5,0,2,200,16,16,0.1,val,client_0,21,98,45,143,True,0.616780045351474
SIDER,fedavg_proto,0.5,0,2,200,16,16,0.1,val,client_0,22,10,133,143,True,0.381203007518797
SIDER,fedavg_proto,0.5,0,2,200,16,16,0.1,val,client_0,23,64,79,143,True,0.6196598101265823
SIDER,fedavg_proto,0.5,0,2,200,16,16,0.1,val,client_0,24,104,39,143,True,0.6296844181459565
SIDER,fedavg_proto,0.5,0,2,200,16,16,0.1,val,client_0,25,134,9,143,True,0.8723051409618574
SIDER,fedavg_proto,0.5,0,2,200,16,16,0.1,val,client_0,26,95,48,143,True,0.5638157894736843
SIDER,fedavg_proto,0.5,0,2,200,16,16,0.1,val,client_1,0,76,67,143,True,0.6588766692851532
SIDER,fedavg_proto,0.5,0,2,200,16,16,0.1,val,client_1,1,99,44,143,True,0.5716253443526171
SIDER,fedavg_proto,0.5,0,2,200,16,16,0.1,val,client_1,2,2,141,143,True,0.1453900709219858
SIDER,fedavg_proto,0.5,0,2,200,16,16,0.1,val,client_1,3,85,58,143,True,0.5746450304259635
SIDER,fedavg_proto,0.5,0,2,200,16,16,0.1,val,client_1,4,117,26,143,True,0.6242603550295858
SIDER,fedavg_proto,0.5,0,2,200,16,16,0.1,val,client_1,5,99,44,143,True,0.5796602387511478
SIDER,fedavg_proto,0.5,0,2,200,16,16,0.1,val,client_1,6,131,12,143,True,0.7690839694656489
SIDER,fedavg_proto,0.5,0,2,200,16,16,0.1,val,client_1,7,20,123,143,True,0.40731707317073174
SIDER,fedavg_proto,0.5,0,2,200,16,16,0.1,val,client_1,8,97,46,143,True,0.6414164051994621
SIDER,fedavg_proto,0.5,0,2,200,16,16,0.1,val,client_1,9,71,72,143,True,0.5774647887323944
SIDER,fedavg_proto,0.5,0,2,200,16,16,0.1,val,client_1,10,35,108,143,True,0.48412698412698413
SIDER,fedavg_proto,0.5,0,2,200,16,16,0.1,val,client_1,11,130,13,143,True,0.47041420118343197
SIDER,fedavg_proto,0.5,0,2,200,16,16,0.1,val,client_1,12,37,106,143,True,0.5721570627231005
SIDER,fedavg_proto,0.5,0,2,200,16,16,0.1,val,client_1,13,20,123,143,True,0.4300813008130081
SIDER,fedavg_proto,0.5,0,2,200,16,16,0.1,val,client_1,14,107,36,143,True,0.5480269989615784
SIDER,fedavg_proto,0.5,0,2,200,16,16,0.1,val,client_1,15,94,49,143,True,0.6506730351715153
SIDER,fedavg_proto,0.5,0,2,200,16,16,0.1,val,client_1,16,129,14,143,True,0.6638981173864894
SIDER,fedavg_proto,0.5,0,2,200,16,16,0.1,val,client_1,17,20,123,143,True,0.4975609756097561
SIDER,fedavg_proto,0.5,0,2,200,16,16,0.1,val,client_1,18,104,39,143,True,0.533284023668639
SIDER,fedavg_proto,0.5,0,2,200,16,16,0.1,val,client_1,19,103,40,143,True,0.5485436893203883
SIDER,fedavg_proto,0.5,0,2,200,16,16,0.1,val,client_1,20,102,41,143,True,0.5729316116690579
SIDER,fedavg_proto,0.5,0,2,200,16,16,0.1,val,client_1,21,98,45,143,True,0.6029478458049886
SIDER,fedavg_proto,0.5,0,2,200,16,16,0.1,val,client_1,22,10,133,143,True,0.41654135338345866
SIDER,fedavg_proto,0.5,0,2,200,16,16,0.1,val,client_1,23,64,79,143,True,0.5816851265822784
SIDER,fedavg_proto,0.5,0,2,200,16,16,0.1,val,client_1,24,104,39,143,True,0.5732248520710059
SIDER,fedavg_proto,0.5,0,2,200,16,16,0.1,val,client_1,25,134,9,143,True,0.791044776119403
SIDER,fedavg_proto,0.5,0,2,200,16,16,0.1,val,client_1,26,95,48,143,True,0.5620614035087719
SIDER,fedavg_proto,0.5,0,2,200,16,16,0.1,val,client_2,0,76,67,143,True,0.6214650432050275
SIDER,fedavg_proto,0.5,0,2,200,16,16,0.1,val,client_2,1,99,44,143,True,0.5443067033976126
SIDER,fedavg_proto,0.5,0,2,200,16,16,0.1,val,client_2,2,2,141,143,True,0.14184397163120566
SIDER,fedavg_proto,0.5,0,2,200,16,16,0.1,val,client_2,3,85,58,143,True,0.545841784989858
SIDER,fedavg_proto,0.5,0,2,200,16,16,0.1,val,client_2,4,117,26,143,True,0.46318211702827083
SIDER,fedavg_proto,0.5,0,2,200,16,16,0.1,val,client_2,5,99,44,143,True,0.532139577594123
SIDER,fedavg_proto,0.5,0,2,200,16,16,0.1,val,client_2,6,131,12,143,True,0.5298982188295165
SIDER,fedavg_proto,0.5,0,2,200,16,16,0.1,val,client_2,7,20,123,143,True,0.3756097560975609
SIDER,fedavg_proto,0.5,0,2,200,16,16,0.1,val,client_2,8,97,46,143,True,0.545943523083819
SIDER,fedavg_proto,0.5,0,2,200,16,16,0.1,val,client_2,9,71,72,143,True,0.5655320813771518
SIDER,fedavg_proto,0.5,0,2,200,16,16,0.1,val,client_2,10,35,108,143,True,0.5002645502645502
SIDER,fedavg_proto,0.5,0,2,200,16,16,0.1,val,client_2,11,130,13,143,True,0.31065088757396453
SIDER,fedavg_proto,0.5,0,2,200,16,16,0.1,val,client_2,12,37,106,143,True,0.5770015298317185
SIDER,fedavg_proto,0.5,0,2,200,16,16,0.1,val,client_2,13,20,123,143,True,0.4654471544715447
SIDER,fedavg_proto,0.5,0,2,200,16,16,0.1,val,client_2,14,107,36,143,True,0.3990134994807892
SIDER,fedavg_proto,0.5,0,2,200,16,16,0.1,val,client_2,15,94,49,143,True,0.6244029526704299
SIDER,fedavg_proto,0.5,0,2,200,16,16,0.1,val,client_2,16,129,14,143,True,0.5797342192691031
SIDER,fedavg_proto,0.5,0,2,200,16,16,0.1,val,client_2,17,20,123,143,True,0.44065040650406506
SIDER,fedavg_proto,0.5,0,2,200,16,16,0.1,val,client_2,18,104,39,143,True,0.5613905325443788
SIDER,fedavg_proto,0.5,0,2,200,16,16,0.1,val,client_2,19,103,40,143,True,0.39757281553398055
SIDER,fedavg_proto,0.5,0,2,200,16,16,0.1,val,client_2,20,102,41,143,True,0.42611190817790534
SIDER,fedavg_proto,0.5,0,2,200,16,16,0.1,val,client_2,21,98,45,143,True,0.5392290249433107
SIDER,fedavg_proto,0.5,0,2,200,16,16,0.1,val,client_2,22,10,133,143,True,0.41127819548872185
SIDER,fedavg_proto,0.5,0,2,200,16,16,0.1,val,client_2,23,64,79,143,True,0.5245253164556962
SIDER,fedavg_proto,0.5,0,2,200,16,16,0.1,val,client_2,24,104,39,143,True,0.5416666666666667
SIDER,fedavg_proto,0.5,0,2,200,16,16,0.1,val,client_2,25,134,9,143,True,0.49917081260364843
SIDER,fedavg_proto,0.5,0,2,200,16,16,0.1,val,client_2,26,95,48,143,True,0.4888157894736842
SIDER,fedavg_proto,0.5,0,2,200,16,16,0.1,val,client_3,0,76,67,143,True,0.6142969363707778
SIDER,fedavg_proto,0.5,0,2,200,16,16,0.1,val,client_3,1,99,44,143,True,0.5546372819100093
SIDER,fedavg_proto,0.5,0,2,200,16,16,0.1,val,client_3,2,2,141,143,True,0.23049645390070922
SIDER,fedavg_proto,0.5,0,2,200,16,16,0.1,val,client_3,3,85,58,143,True,0.5630831643002028
SIDER,fedavg_proto,0.5,0,2,200,16,16,0.1,val,client_3,4,117,26,143,True,0.5624589086127547
SIDER,fedavg_proto,0.5,0,2,200,16,16,0.1,val,client_3,5,99,44,143,True,0.5227272727272727
SIDER,fedavg_proto,0.5,0,2,200,16,16,0.1,val,client_3,6,131,12,143,True,0.6055979643765904
SIDER,fedavg_proto,0.5,0,2,200,16,16,0.1,val,client_3,7,20,123,143,True,0.491869918699187
SIDER,fedavg_proto,0.5,0,2,200,16,16,0.1,val,client_3,8,97,46,143,True,0.58673240699238
SIDER,fedavg_proto,0.5,0,2,200,16,16,0.1,val,client_3,9,71,72,143,True,0.5631846635367763
SIDER,fedavg_proto,0.5,0,2,200,16,16,0.1,val,client_3,10,35,108,143,True,0.4666666666666667
SIDER,fedavg_proto,0.5,0,2,200,16,16,0.1,val,client_3,11,130,13,143,True,0.41834319526627217
SIDER,fedavg_proto,0.5,0,2,200,16,16,0.1,val,client_3,12,37,106,143,True,0.5486996430392657
SIDER,fedavg_proto,0.5,0,2,200,16,16,0.1,val,client_3,13,20,123,143,True,0.4605691056910569
SIDER,fedavg_proto,0.5,0,2,200,16,16,0.1,val,client_3,14,107,36,143,True,0.4618380062305296
SIDER,fedavg_proto,0.5,0,2,200,16,16,0.1,val,client_3,15,94,49,143,True,0.6016066000868433
SIDER,fedavg_proto,0.5,0,2,200,16,16,0.1,val,client_3,16,129,14,143,True,0.6799557032115172
SIDER,fedavg_proto,0.5,0,2,200,16,16,0.1,val,client_3,17,20,123,143,True,0.46544715447154467
SIDER,fedavg_proto,0.5,0,2,200,16,16,0.1,val,client_3,18,104,39,143,True,0.5803747534516766
SIDER,fedavg_proto,0.5,0,2,200,16,16,0.1,val,client_3,19,103,40,143,True,0.4592233009708738
SIDER,fedavg_proto,0.5,0,2,200,16,16,0.1,val,client_3,20,102,41,143,True,0.46700143472022954
SIDER,fedavg_proto,0.5,0,2,200,16,16,0.1,val,client_3,21,98,45,143,True,0.5458049886621315
SIDER,fedavg_proto,0.5,0,2,200,16,16,0.1,val,client_3,22,10,133,143,True,0.3503759398496241
SIDER,fedavg_proto,0.5,0,2,200,16,16,0.1,val,client_3,23,64,79,143,True,0.569620253164557
SIDER,fedavg_proto,0.5,0,2,200,16,16,0.1,val,client_3,24,104,39,143,True,0.5142998027613412
SIDER,fedavg_proto,0.5,0,2,200,16,16,0.1,val,client_3,25,134,9,143,True,0.6733001658374792
SIDER,fedavg_proto,0.5,0,2,200,16,16,0.1,val,client_3,26,95,48,143,True,0.5201754385964912
SIDER,fedavg_proto,0.5,0,2,200,16,16,0.1,test,server,0,72,71,143,True,0.604851330203443
SIDER,fedavg_proto,0.5,0,2,200,16,16,0.1,test,server,1,105,38,143,True,0.58796992481203
SIDER,fedavg_proto,0.5,0,2,200,16,16,0.1,test,server,2,5,138,143,True,0.4217391304347826
SIDER,fedavg_proto,0.5,0,2,200,16,16,0.1,test,server,3,90,53,143,True,0.620125786163522
SIDER,fedavg_proto,0.5,0,2,200,16,16,0.1,test,server,4,118,25,143,True,0.4908474576271186
SIDER,fedavg_proto,0.5,0,2,200,16,16,0.1,test,server,5,104,39,143,True,0.5179980276134123
SIDER,fedavg_proto,0.5,0,2,200,16,16,0.1,test,server,6,134,9,143,True,0.582089552238806
SIDER,fedavg_proto,0.5,0,2,200,16,16,0.1,test,server,7,24,119,143,True,0.3714985994397759
SIDER,fedavg_proto,0.5,0,2,200,16,16,0.1,test,server,8,91,52,143,True,0.49334319526627224
SIDER,fedavg_proto,0.5,0,2,200,16,16,0.1,test,server,9,74,69,143,True,0.627692910301606
SIDER,fedavg_proto,0.5,0,2,200,16,16,0.1,test,server,10,39,104,143,True,0.5125739644970414
SIDER,fedavg_proto,0.5,0,2,200,16,16,0.1,test,server,11,130,13,143,True,0.5076923076923077
SIDER,fedavg_proto,0.5,0,2,200,16,16,0.1,test,server,12,33,110,143,True,0.6484848484848484
SIDER,fedavg_proto,0.5,0,2,200,16,16,0.1,test,server,13,20,123,143,True,0.44410569105691056
SIDER,fedavg_proto,0.5,0,2,200,16,16,0.1,test,server,14,113,30,143,True,0.5501474926253688
SIDER,fedavg_proto,0.5,0,2,200,16,16,0.1,test,server,15,83,60,143,True,0.576706827309237
SIDER,fedavg_proto,0.5,0,2,200,16,16,0.1,test,server,16,131,12,143,True,0.7029262086513995
SIDER,fedavg_proto,0.5,0,2,200,16,16,0.1,test,server,17,30,113,143,True,0.4557522123893806
SIDER,fedavg_proto,0.5,0,2,200,16,16,0.1,test,server,18,109,34,143,True,0.5213167835941717
SIDER,fedavg_proto,0.5,0,2,200,16,16,0.1,test,server,19,104,39,143,True,0.597879684418146
SIDER,fedavg_proto,0.5,0,2,200,16,16,0.1,test,server,20,102,41,143,True,0.5485413677666188
SIDER,fedavg_proto,0.5,0,2,200,16,16,0.1,test,server,21,98,45,143,True,0.5573696145124717
SIDER,fedavg_proto,0.5,0,2,200,16,16,0.1,test,server,22,14,129,143,True,0.5044296788482835
SIDER,fedavg_proto,0.5,0,2,200,16,16,0.1,test,server,23,60,83,143,True,0.5271084337349398
SIDER,fedavg_proto,0.5,0,2,200,16,16,0.1,test,server,24,98,45,143,True,0.5920634920634921
SIDER,fedavg_proto,0.5,0,2,200,16,16,0.1,test,server,25,132,11,143,True,0.7134986225895317
SIDER,fedavg_proto,0.5,0,2,200,16,16,0.1,test,server,26,101,42,143,True,0.533003300330033
SIDER,fedavg_proto,0.5,0,2,200,16,16,0.1,test,client_0,0,72,71,143,True,0.6232394366197183
SIDER,fedavg_proto,0.5,0,2,200,16,16,0.1,test,client_0,1,105,38,143,True,0.5837092731829574
SIDER,fedavg_proto,0.5,0,2,200,16,16,0.1,test,client_0,2,5,138,143,True,0.47391304347826085
SIDER,fedavg_proto,0.5,0,2,200,16,16,0.1,test,client_0,3,90,53,143,True,0.5016771488469602
SIDER,fedavg_proto,0.5,0,2,200,16,16,0.1,test,client_0,4,118,25,143,True,0.6308474576271186
SIDER,fedavg_proto,0.5,0,2,200,16,16,0.1,test,client_0,5,104,39,143,True,0.5968934911242604
SIDER,fedavg_proto,0.5,0,2,200,16,16,0.1,test,client_0,6,134,9,143,True,0.7935323383084578
SIDER,fedavg_proto,0.5,0,2,200,16,16,0.1,test,client_0,7,24,119,143,True,0.3606442577030813
SIDER,fedavg_proto,0.5,0,2,200,16,16,0.1,test,client_0,8,91,52,143,True,0.5784023668639052
SIDER,fedavg_proto,0.5,0,2,200,16,16,0.1,test,client_0,9,74,69,143,True,0.5714845280062671
SIDER,fedavg_proto,0.5,0,2,200,16,16,0.1,test,client_0,10,39,104,143,True,0.5384615384615384
SIDER,fedavg_proto,0.5,0,2,200,16,16,0.1,test,client_0,11,130,13,143,True,0.5029585798816568
SIDER,fedavg_proto,0.5,0,2,200,16,16,0.1,test,client_0,12,33,110,143,True,0.4223140495867769
SIDER,fedavg_proto,0.5,0,2,200,16,16,0.1,test,client_0,13,20,123,143,True,0.43617886178861787
SIDER,fedavg_proto,0.5,0,2,200,16,16,0.1,test,client_0,14,113,30,143,True,0.5648967551622419
SIDER,fedavg_proto,0.5,0,2,200,16,16,0.1,test,client_0,15,83,60,143,True,0.5823293172690763
SIDER,fedavg_proto,0.5,0,2,200,16,16,0.1,test,client_0,16,131,12,143,True,0.7029262086513994
SIDER,fedavg_proto,0.5,0,2,200,16,16,0.1,test,client_0,17,30,113,143,True,0.4787610619469026
SIDER,fedavg_proto,0.5,0,2,200,16,16,0.1,test,client_0,18,109,34,143,True,0.47922288181327577
SIDER,fedavg_proto,0.5,0,2,200,16,16,0.1,test,client_0,19,104,39,143,True,0.5535009861932939
SIDER,fedavg_proto,0.5,0,2,200,16,16,0.1,test,client_0,20,102,41,143,True,0.553323768531803
SIDER,fedavg_proto,0.5,0,2,200,16,16,0.1,test,client_0,21,98,45,143,True,0.5723356009070294
SIDER,fedavg_proto,0.5,0,2,200,16,16,0.1,test,client_0,22,14,129,143,True,0.562015503875969
SIDER,fedavg_proto,0.5,0,2,200,16,16,0.1,test,client_0,23,60,83,143,True,0.48413654618473906
SIDER,fedavg_proto,0.5,0,2,200,16,16,0.1,test,client_0,24,98,45,143,True,0.5571428571428573
SIDER,fedavg_proto,0.5,0,2,200,16,16,0.1,test,client_0,25,132,11,143,True,0.7252066115702479
SIDER,fedavg_proto,0.5,0,2,200,16,16,0.1,test,client_0,26,101,42,143,True,0.5320603488920321
SIDER,fedavg_proto,0.5,0,2,200,16,16,0.1,test,client_1,0,72,71,143,True,0.6246087636932707
SIDER,fedavg_proto,0.5,0,2,200,16,16,0.1,test,client_1,1,105,38,143,True,0.5654135338345866
SIDER,fedavg_proto,0.5,0,2,200,16,16,0.1,test,client_1,2,5,138,143,True,0.5
SIDER,fedavg_proto,0.5,0,2,200,16,16,0.1,test,client_1,3,90,53,143,True,0.5775681341719078
SIDER,fedavg_proto,0.5,0,2,200,16,16,0.1,test,client_1,4,118,25,143,True,0.5698305084745763
SIDER,fedavg_proto,0.5,0,2,200,16,16,0.1,test,client_1,5,104,39,143,True,0.5608974358974359
SIDER,fedavg_proto,0.5,0,2,200,16,16,0.1,test,client_1,6,134,9,143,True,0.7114427860696517
SIDER,fedavg_proto,0.5,0,2,200,16,16,0.1,test,client_1,7,24,119,143,True,0.3876050420168067
SIDER,fedavg_proto,0.5,0,2,200,16,16,0.1,test,client_1,8,91,52,143,True,0.525570583262891
SIDER,fedavg_proto,0.5,0,2,200,16,16,0.1,test,client_1,9,74,69,143,True,0.6067371719545632
SIDER,fedavg_proto,0.5,0,2,200,16,16,0.1,test,client_1,10,39,104,143,True,0.4916173570019724
SIDER,fedavg_proto,0.5,0,2,200,16,16,0.1,test,client_1,11,130,13,143,True,0.5307692307692309
SIDER,fedavg_proto,0.5,0,2,200,16,16,0.1,test,client_1,12,33,110,143,True,0.5016528925619834
SIDER,fedavg_proto,0.5,0,2,200,16,16,0.1,test,client_1,13,20,123,143,True,0.3926829268292683
SIDER,fedavg_proto,0.5,0,2,200,16,16,0.1,test,client_1,14,113,30,143,True,0.5595870206489675
SIDER,fedavg_proto,0.5,0,2,200,16,16,0.1,test,client_1,15,83,60,143,True,0.5951807228915662
SIDER,fedavg_proto,0.5,0,2,200,16,16,0.1,test,client_1,16,131,12,143,True,0.7614503816793893
SIDER,fedavg_proto,0.5,0,2,200,16,16,0.1,test,client_1,17,30,113,143,True,0.4666666666666667
SIDER,fedavg_proto,0.5,0,2,200,16,16,0.1,test,client_1,18,109,34,143,True,0.5377765785213168
SIDER,fedavg_proto,0.5,0,2,200,16,16,0.1,test,client_1,19,104,39,143,True,0.5922090729783038
SIDER,fedavg_proto,0.5,0,2,200,16,16,0.1,test,client_1,20,102,41,143,True,0.5614538498326159
SIDER,fedavg_proto,0.5,0,2,200,16,16,0.1,test,client_1,21,98,45,143,True,0.5748299319727892
SIDER,fedavg_proto,0.5,0,2,200,16,16,0.1,test,client_1,22,14,129,143,True,0.49612403100775193
SIDER,fedavg_proto,0.5,0,2,200,16,16,0.1,test,client_1,23,60,83,143,True,0.5325301204819277
SIDER,fedavg_proto,0.5,0,2,200,16,16,0.1,test,client_1,24,98,45,143,True,0.578684807256236
SIDER,fedavg_proto,0.5,0,2,200,16,16,0.1,test,client_1,25,132,11,143,True,0.7121212121212122
SIDER,fedavg_proto,0.5,0,2,200,16,16,0.1,test,client_1,26,101,42,143,True,0.5318246110325319
SIDER,fedavg_proto,0.5,0,2,200,16,16,0.1,test,client_2,0,72,71,143,True,0.5530125195618154
SIDER,fedavg_proto,0.5,0,2,200,16,16,0.1,test,client_2,1,105,38,143,True,0.4295739348370927
SIDER,fedavg_proto,0.5,0,2,200,16,16,0.1,test,client_2,2,5,138,143,True,0.4144927536231884
SIDER,fedavg_proto,0.5,0,2,200,16,16,0.1,test,client_2,3,90,53,143,True,0.6140461215932914
SIDER,fedavg_proto,0.5,0,2,200,16,16,0.1,test,client_2,4,118,25,143,True,0.4311864406779661
SIDER,fedavg_proto,0.5,0,2,200,16,16,0.1,test,client_2,5,104,39,143,True,0.501232741617357
SIDER,fedavg_proto,0.5,0,2,200,16,16,0.1,test,client_2,6,134,9,143,True,0.47512437810945274
SIDER,fedavg_proto,0.5,0,2,200,16,16,0.1,test,client_2,7,24,119,143,True,0.3890056022408963
SIDER,fedavg_proto,0.5,0,2,200,16,16,0.1,test,client_2,8,91,52,143,True,0.4716821639898563
SIDER,fedavg_proto,0.5,0,2,200,16,16,0.1,test,client_2,9,74,69,143,True,0.5949862906384645
SIDER,fedavg_proto,0.5,0,2,200,16,16,0.1,test,client_2,10,39,104,143,True,0.5594181459566074
SIDER,fedavg_proto,0.5,0,2,200,16,16,0.1,test,client_2,11,130,13,143,True,0.4899408284023669
SIDER,fedavg_proto,0.5,0,2,200,16,16,0.1,test,client_2,12,33,110,143,True,0.646831955922865
SIDER,fedavg_proto,0.5,0,2,200,16,16,0.1,test,client_2,13,20,123,143,True,0.4130081300813008
SIDER,fedavg_proto,0.5,0,2,200,16,16,0.1,test,client_2,14,113,30,143,True,0.4817109144542773
SIDER,fedavg_proto,0.5,0,2,200,16,16,0.1,test,client_2,15,83,60,143,True,0.576706827309237
SIDER,fedavg_proto,0.5,0,2,200,16,16,0.1,test,client_2,16,131,12,143,True,0.6176844783715013
SIDER,fedavg_proto,0.5,0,2,200,16,16,0.1,test,client_2,17,30,113,143,True,0.49351032448377585
SIDER,fedavg_proto,0.5,0,2,200,16,16,0.1,test,client_2,18,109,34,143,True,0.5307609282245008
SIDER,fedavg_proto,0.5,0,2,200,16,16,0.1,test,client_2,19,104,39,143,True,0.5660749506903353
SIDER,fedavg_proto,0.5,0,2,200,16,16,0.1,test,client_2,20,102,41,143,True,0.49784791965566716
SIDER,fedavg_proto,0.5,0,2,200,16,16,0.1,test,client_2,21,98,45,143,True,0.5653061224489795
SIDER,fedavg_proto,0.5,0,2,200,16,16,0.1,test,client_2,22,14,129,143,True,0.37209302325581395
SIDER,fedavg_proto,0.5,0,2,200,16,16,0.1,test,client_2,23,60,83,143,True,0.5769076305220884
SIDER,fedavg_proto,0.5,0,2,200,16,16,0.1,test,client_2,24,98,45,143,True,0.5541950113378685
SIDER,fedavg_proto,0.5,0,2,200,16,16,0.1,test,client_2,25,132,11,143,True,0.5750688705234159
SIDER,fedavg_proto,0.5,0,2,200,16,16,0.1,test,client_2,26,101,42,143,True,0.47901933050447904
SIDER,fedavg_proto,0.5,0,2,200,16,16,0.1,test,client_3,0,72,71,143,True,0.5551643192488263
SIDER,fedavg_proto,0.5,0,2,200,16,16,0.1,test,client_3,1,105,38,143,True,0.5245614035087719
SIDER,fedavg_proto,0.5,0,2,200,16,16,0.1,test,client_3,2,5,138,143,True,0.37826086956521743
SIDER,fedavg_proto,0.5,0,2,200,16,16,0.1,test,client_3,3,90,53,143,True,0.5867924528301887
SIDER,fedavg_proto,0.5,0,2,200,16,16,0.1,test,client_3,4,118,25,143,True,0.4705084745762712
SIDER,fedavg_proto,0.5,0,2,200,16,16,0.1,test,client_3,5,104,39,143,True,0.4967948717948718
SIDER,fedavg_proto,0.5,0,2,200,16,16,0.1,test,client_3,6,134,9,143,True,0.49751243781094534
SIDER,fedavg_proto,0.5,0,2,200,16,16,0.1,test,client_3,7,24,119,143,True,0.3914565826330532
SIDER,fedavg_proto,0.5,0,2,200,16,16,0.1,test,client_3,8,91,52,143,True,0.4786559594251902
SIDER,fedavg_proto,0.5,0,2,200,16,16,0.1,test,client_3,9,74,69,143,True,0.5828437132784959
SIDER,fedavg_proto,0.5,0,2,200,16,16,0.1,test,client_3,10,39,104,143,True,0.4861932938856015
SIDER,fedavg_proto,0.5,0,2,200,16,16,0.1,test,client_3,11,130,13,143,True,0.455621301775148
SIDER,fedavg_proto,0.5,0,2,200,16,16,0.1,test,client_3,12,33,110,143,True,0.6168044077134986
SIDER,fedavg_proto,0.5,0,2,200,16,16,0.1,test,client_3,13,20,123,143,True,0.491869918699187
SIDER,fedavg_proto,0.5,0,2,200,16,16,0.1,test,client_3,14,113,30,143,True,0.5427728613569323
SIDER,fedavg_proto,0.5,0,2,200,16,16,0.1,test,client_3,15,83,60,143,True,0.5847389558232932
SIDER,fedavg_proto,0.5,0,2,200,16,16,0.1,test,client_3,16,131,12,143,True,0.633587786259542
SIDER,fedavg_proto,0.5,0,2,200,16,16,0.1,test,client_3,17,30,113,143,True,0.4902654867256637
SIDER,fedavg_proto,0.5,0,2,200,16,16,0.1,test,client_3,18,109,34,143,True,0.51753912574204
SIDER,fedavg_proto,0.5,0,2,200,16,16,0.1,test,client_3,19,104,39,143,True,0.592948717948718
SIDER,fedavg_proto,0.5,0,2,200,16,16,0.1,test,client_3,20,102,41,143,True,0.5090865614538498
SIDER,fedavg_proto,0.5,0,2,200,16,16,0.1,test,client_3,21,98,45,143,True,0.5607709750566894
SIDER,fedavg_proto,0.5,0,2,200,16,16,0.1,test,client_3,22,14,129,143,True,0.4623477297895902
SIDER,fedavg_proto,0.5,0,2,200,16,16,0.1,test,client_3,23,60,83,143,True,0.5602409638554218
SIDER,fedavg_proto,0.5,0,2,200,16,16,0.1,test,client_3,24,98,45,143,True,0.556235827664399
SIDER,fedavg_proto,0.5,0,2,200,16,16,0.1,test,client_3,25,132,11,143,True,0.6880165289256198
SIDER,fedavg_proto,0.5,0,2,200,16,16,0.1,test,client_3,26,101,42,143,True,0.5037718057520038
SIDER,fedavg_proto,0.5,0,3,200,16,16,0.1,val,server,0,76,67,143,True,0.6213668499607227
SIDER,fedavg_proto,0.5,0,3,200,16,16,0.1,val,server,1,99,44,143,True,0.5893021120293848
SIDER,fedavg_proto,0.5,0,3,200,16,16,0.1,val,server,2,2,141,143,True,0.12765957446808507
SIDER,fedavg_proto,0.5,0,3,200,16,16,0.1,val,server,3,85,58,143,True,0.572210953346856
SIDER,fedavg_proto,0.5,0,3,200,16,16,0.1,val,server,4,117,26,143,True,0.6265614727153189
SIDER,fedavg_proto,0.5,0,3,200,16,16,0.1,val,server,5,99,44,143,True,0.5865472910927457
SIDER,fedavg_proto,0.5,0,3,200,16,16,0.1,val,server,6,131,12,143,True,0.7913486005089059
SIDER,fedavg_proto,0.5,0,3,200,16,16,0.1,val,server,7,20,123,143,True,0.4719512195121951
SIDER,fedavg_proto,0.5,0,3,200,16,16,0.1,val,server,8,97,46,143,True,0.6149708650829225
SIDER,fedavg_proto,0.5,0,3,200,16,16,0.1,val,server,9,71,72,143,True,0.5903755868544601
SIDER,fedavg_proto,0.5,0,3,200,16,16,0.1,val,server,10,35,108,143,True,0.48544973544973546
SIDER,fedavg_proto,0.5,0,3,200,16,16,0.1,val,server,11,130,13,143,True,0.406508875739645
SIDER,fedavg_proto,0.5,0,3,200,16,16,0.1,val,server,12,37,106,143,True,0.617287098419174
SIDER,fedavg_proto,0.5,0,3,200,16,16,0.1,val,server,13,20,123,143,True,0.4073170731707317
SIDER,fedavg_proto,0.5,0,3,200,16,16,0.1,val,server,14,107,36,143,True,0.5350467289719626
SIDER,fedavg_proto,0.5,0,3,200,16,16,0.1,val,server,15,94,49,143,True,0.6726009552757274
SIDER,fedavg_proto,0.5,0,3,200,16,16,0.1,val,server,16,129,14,143,True,0.624031007751938
SIDER,fedavg_proto,0.5,0,3,200,16,16,0.1,val,server,17,20,123,143,True,0.45203252032520325
SIDER,fedavg_proto,0.5,0,3,200,16,16,0.1,val,server,18,104,39,143,True,0.540680473372781
SIDER,fedavg_proto,0.5,0,3,200,16,16,0.1,val,server,19,103,40,143,True,0.5405339805825242
SIDER,fedavg_proto,0.5,0,3,200,16,16,0.1,val,server,20,102,41,143,True,0.5246293639406981
SIDER,fedavg_proto,0.5,0,3,200,16,16,0.1,val,server,21,98,45,143,True,0.5950113378684807
SIDER,fedavg_proto,0.5,0,3,200,16,16,0.1,val,server,22,10,133,143,True,0.4127819548872181
SIDER,fedavg_proto,0.5,0,3,200,16,16,0.1,val,server,23,64,79,143,True,0.5569620253164557
SIDER,fedavg_proto,0.5,0,3,200,16,16,0.1,val,server,24,104,39,143,True,0.5451183431952662
SIDER,fedavg_proto,0.5,0,3,200,16,16,0.1,val,server,25,134,9,143,True,0.7520729684908789
SIDER,fedavg_proto,0.5,0,3,200,16,16,0.1,val,server,26,95,48,143,True,0.5517543859649122
SIDER,fedavg_proto,0.5,0,3,200,16,16,0.1,val,client_0,0,76,67,143,True,0.6820502749410841
SIDER,fedavg_proto,0.5,0,3,200,16,16,0.1,val,client_0,1,99,44,143,True,0.6166207529843895
SIDER,fedavg_proto,0.5,0,3,200,16,16,0.1,val,client_0,2,2,141,143,True,0.12765957446808507
SIDER,fedavg_proto,0.5,0,3,200,16,16,0.1,val,client_0,3,85,58,143,True,0.6198782961460446
SIDER,fedavg_proto,0.5,0,3,200,16,16,0.1,val,client_0,4,117,26,143,True,0.7416173570019724
SIDER,fedavg_proto,0.5,0,3,200,16,16,0.1,val,client_0,5,99,44,143,True,0.6248852157943067
SIDER,fedavg_proto,0.5,0,3,200,16,16,0.1,val,client_0,6,131,12,143,True,0.8142493638676845
SIDER,fedavg_proto,0.5,0,3,200,16,16,0.1,val,client_0,7,20,123,143,True,0.4853658536585366
SIDER,fedavg_proto,0.5,0,3,200,16,16,0.1,val,client_0,8,97,46,143,True,0.6526221425369789
SIDER,fedavg_proto,0.5,0,3,200,16,16,0.1,val,client_0,9,71,72,143,True,0.6128716744913928
SIDER,fedavg_proto,0.5,0,3,200,16,16,0.1,val,client_0,10,35,108,143,True,0.5251322751322751
SIDER,fedavg_proto,0.5,0,3,200,16,16,0.1,val,client_0,11,130,13,143,True,0.5715976331360947
SIDER,fedavg_proto,0.5,0,3,200,16,16,0.1,val,client_0,12,37,106,143,True,0.5747067822539521
SIDER,fedavg_proto,0.5,0,3,200,16,16,0.1,val,client_0,13,20,123,143,True,0.4223577235772358
SIDER,fedavg_proto,0.5,0,3,200,16,16,0.1,val,client_0,14,107,36,143,True,0.619158878504673
SIDER,fedavg_proto,0.5,0,3,200,16,16,0.1,val,client_0,15,94,49,143,True,0.7155883630047765
SIDER,fedavg_proto,0.5,0,3,200,16,16,0.1,val,client_0,16,129,14,143,True,0.7037652270210409
SIDER,fedavg_proto,0.5,0,3,200,16,16,0.1,val,client_0,17,20,123,143,True,0.39959349593495935
SIDER,fedavg_proto,0.5,0,3,200,16,16,0.1,val,client_0,18,104,39,143,True,0.5359960552268245
SIDER,fedavg_proto,0.5,0,3,200,16,16,0.1,val,client_0,19,103,40,143,True,0.624757281553398
SIDER,fedavg_proto,0.5,0,3,200,16,16,0.1,val,client_0,20,102,41,143,True,0.6642754662840746
SIDER,fedavg_proto,0.5,0,3,200,16,16,0.1,val,client_0,21,98,45,143,True,0.6215419501133786
SIDER,fedavg_proto,0.5,0,3,200,16,16,0.1,val,client_0,22,10,133,143,True,0.37969924812030076
SIDER,fedavg_proto,0.5,0,3,200,16,16,0.1,val,client_0,23,64,79,143,True,0.6194620253164557
SIDER,fedavg_proto,0.5,0,3,200,16,16,0.1,val,client_0,24,104,39,143,True,0.6010848126232742
SIDER,fedavg_proto,0.5,0,3,200,16,16,0.1,val,client_0,25,134,9,143,True,0.8739635157545604
SIDER,fedavg_proto,0.5,0,3,200,16,16,0.1,val,client_0,26,95,48,143,True,0.6030701754385965
SIDER,fedavg_proto,0.5,0,3,200,16,16,0.1,val,client_1,0,76,67,143,True,0.6268656716417911
SIDER,fedavg_proto,0.5,0,3,200,16,16,0.1,val,client_1,1,99,44,143,True,0.5831037649219467
SIDER,fedavg_proto,0.5,0,3,200,16,16,0.1,val,client_1,2,2,141,143,True,0.12056737588652483
SIDER,fedavg_proto,0.5,0,3,200,16,16,0.1,val,client_1,3,85,58,143,True,0.567342799188641
SIDER,fedavg_proto,0.5,0,3,200,16,16,0.1,val,client_1,4,117,26,143,True,0.6229454306377383
SIDER,fedavg_proto,0.5,0,3,200,16,16,0.1,val,client_1,5,99,44,143,True,0.5876951331496787
SIDER,fedavg_proto,0.5,0,3,200,16,16,0.1,val,client_1,6,131,12,143,True,0.8053435114503817
SIDER,fedavg_proto,0.5,0,3,200,16,16,0.1,val,client_1,7,20,123,143,True,0.4857723577235772
SIDER,fedavg_proto,0.5,0,3,200,16,16,0.1,val,client_1,8,97,46,143,True,0.6270730614074406
SIDER,fedavg_proto,0.5,0,3,200,16,16,0.1,val,client_1,9,71,72,143,True,0.5821596244131455
SIDER,fedavg_proto,0.5,0,3,200,16,16,0.1,val,client_1,10,35,108,143,True,0.49153439153439155
SIDER,fedavg_proto,0.5,0,3,200,16,16,0.1,val,client_1,11,130,13,143,True,0.421301775147929
SIDER,fedavg_proto,0.5,0,3,200,16,16,0.1,val,client_1,12,37,106,143,True,0.5879653238143804
SIDER,fedavg_proto,0.5,0,3,200,16,16,0.1,val,client_1,13,20,123,143,True,0.4166666666666667
SIDER,fedavg_proto,0.5,0,3,200,16,16,0.1,val,client_1,14,107,36,143,True,0.5402388369678089
SIDER,fedavg_proto,0.5,0,3,200,16,16,0.1,val,client_1,15,94,49,143,True,0.6619626574033869
SIDER,fedavg_proto,0.5,0,3,200,16,16,0.1,val,client_1,16,129,14,143,True,0.6173864894795127
SIDER,fedavg_proto,0.5,0,3,200,16,16,0.1,val,client_1,17,20,123,143,True,0.4048780487804878
SIDER,fedavg_proto,0.5,0,3,200,16,16,0.1,val,client_1,18,104,39,143,True,0.5327909270216963
SIDER,fedavg_proto,0.5,0,3,200,16,16,0.1,val,client_1,19,103,40,143,True,0.5390776699029126
SIDER,fedavg_proto,0.5,0,3,200,16,16,0.1,val,client_1,20,102,41,143,True,0.5155428024868483
SIDER,fedavg_proto,0.5,0,3,200,16,16,0.1,val,client_1,21,98,45,143,True,0.6052154195011338
SIDER,fedavg_proto,0.5,0,3,200,16,16,0.1,val,client_1,22,10,133,143,True,0.44135338345864655
SIDER,fedavg_proto,0.5,0,3,200,16,16,0.1,val,client_1,23,64,79,143,True,0.5278876582278481
SIDER,fedavg_proto,0.5,0,3,200,16,16,0.1,val,client_1,24,104,39,143,True,0.5438856015779092
SIDER,fedavg_proto,0.5,0,3,200,16,16,0.1,val,client_1,25,134,9,143,True,0.7611940298507462
SIDER,fedavg_proto,0.5,0,3,200,16,16,0.1,val,client_1,26,95,48,143,True,0.5618421052631579
SIDER,fedavg_proto,0.5,0,3,200,16,16,0.1,val,client_2,0,76,67,143,True,0.5573448546739984
SIDER,fedavg_proto,0.5,0,3,200,16,16,0.1,val,client_2,1,99,44,143,True,0.547979797979798
SIDER,fedavg_proto,0.5,0,3,200,16,16,0.1,val,client_2,2,2,141,143,True,0.09929078014184395
SIDER,fedavg_proto,0.5,0,3,200,16,16,0.1,val,client_2,3,85,58,143,True,0.543002028397566
SIDER,fedavg_proto,0.5,0,3,200,16,16,0.1,val,client_2,4,117,26,143,True,0.5105193951347797
SIDER,fedavg_proto,0.5,0,3,200,16,16,0.1,val,client_2,5,99,44,143,True,0.5440771349862259
SIDER,fedavg_proto,0.5,0,3,200,16,16,0.1,val,client_2,6,131,12,143,True,0.6444020356234097
SIDER,fedavg_proto,0.5,0,3,200,16,16,0.1,val,client_2,7,20,123,143,True,0.45081300813008124
SIDER,fedavg_proto,0.5,0,3,200,16,16,0.1,val,client_2,8,97,46,143,True,0.5587180636485881
SIDER,fedavg_proto,0.5,0,3,200,16,16,0.1,val,client_2,9,71,72,143,True,0.5805946791862285
SIDER,fedavg_proto,0.5,0,3,200,16,16,0.1,val,client_2,10,35,108,143,True,0.5335978835978836
SIDER,fedavg_proto,0.5,0,3,200,16,16,0.1,val,client_2,11,130,13,143,True,0.2591715976331361
SIDER,fedavg_proto,0.5,0,3,200,16,16,0.1,val,client_2,12,37,106,143,True,0.5999490056093829
SIDER,fedavg_proto,0.5,0,3,200,16,16,0.1,val,client_2,13,20,123,143,True,0.4617886178861788
SIDER,fedavg_proto,0.5,0,3,200,16,16,0.1,val,client_2,14,107,36,143,True,0.4475597092419522
SIDER,fedavg_proto,0.5,0,3,200,16,16,0.1,val,client_2,15,94,49,143,True,0.6137646547980895
SIDER,fedavg_proto,0.5,0,3,200,16,16,0.1,val,client_2,16,129,14,143,True,0.5769656699889258
SIDER,fedavg_proto,0.5,0,3,200,16,16,0.1,val,client_2,17,20,123,143,True,0.4508130081300813
SIDER,fedavg_proto,0.5,0,3,200,16,16,0.1,val,client_2,18,104,39,143,True,0.5498027613412229
SIDER,fedavg_proto,0.5,0,3,200,16,16,0.1,val,client_2,19,103,40,143,True,0.45097087378640777
SIDER,fedavg_proto,0.5,0,3,200,16,16,0.1,val,client_2,20,102,41,143,True,0.43472022955523676
SIDER,fedavg_proto,0.5,0,3,200,16,16,0.1,val,client_2,21,98,45,143,True,0.5566893424036281
SIDER,fedavg_proto,0.5,0,3,200,16,16,0.1,val,client_2,22,10,133,143,True,0.44661654135338347
SIDER,fedavg_proto,0.5,0,3,200,16,16,0.1,val,client_2,23,64,79,143,True,0.5069224683544303
SIDER,fedavg_proto,0.5,0,3,200,16,16,0.1,val,client_2,24,104,39,143,True,0.523422090729783
SIDER,fedavg_proto,0.5,0,3,200,16,16,0.1,val,client_2,25,134,9,143,True,0.5356550580431177
SIDER,fedavg_proto,0.5,0,3,200,16,16,0.1,val,client_2,26,95,48,143,True,0.5026315789473684
SIDER,fedavg_proto,0.5,0,3,200,16,16,0.1,val,client_3,0,76,67,143,True,0.589159465828751
SIDER,fedavg_proto,0.5,0,3,200,16,16,0.1,val,client_3,1,99,44,143,True,0.5837924701561065
SIDER,fedavg_proto,0.5,0,3,200,16,16,0.1,val,client_3,2,2,141,143,True,0.10283687943262415
SIDER,fedavg_proto,0.5,0,3,200,16,16,0.1,val,client_3,3,85,58,143,True,0.563894523326572
SIDER,fedavg_proto,0.5,0,3,200,16,16,0.1,val,client_3,4,117,26,143,True,0.6002629848783695
SIDER,fedavg_proto,0.5,0,3,200,16,16,0.1,val,client_3,5,99,44,143,True,0.5686409550045914
SIDER,fedavg_proto,0.5,0,3,200,16,16,0.1,val,client_3,6,131,12,143,True,0.7582697201017812
SIDER,fedavg_proto,0.5,0,3,200,16,16,0.1,val,client_3,7,20,123,143,True,0.4739837398373984
SIDER,fedavg_proto,0.5,0,3,200,16,16,0.1,val,client_3,8,97,46,143,True,0.60667861945316
SIDER,fedavg_proto,0.5,0,3,200,16,16,0.1,val,client_3,9,71,72,143,True,0.5923317683881064
SIDER,fedavg_proto,0.5,0,3,200,16,16,0.1,val,client_3,10,35,108,143,True,0.487037037037037
SIDER,fedavg_proto,0.5,0,3,200,16,16,0.1,val,client_3,11,130,13,143,True,0.357396449704142
SIDER,fedavg_proto,0.5,0,3,200,16,16,0.1,val,client_3,12,37,106,143,True,0.6121876593574707
SIDER,fedavg_proto,0.5,0,3,200,16,16,0.1,val,client_3,13,20,123,143,True,0.4060975609756098
SIDER,fedavg_proto,0.5,0,3,200,16,16,0.1,val,client_3,14,107,36,143,True,0.5114226375908619
SIDER,fedavg_proto,0.5,0,3,200,16,16,0.1,val,client_3,15,94,49,143,True,0.6404689535388624
SIDER,fedavg_proto,0.5,0,3,200,16,16,0.1,val,client_3,16,129,14,143,True,0.6184939091915836
SIDER,fedavg_proto,0.5,0,3,200,16,16,0.1,val,client_3,17,20,123,143,True,0.44674796747967477
SIDER,fedavg_proto,0.5,0,3,200,16,16,0.1,val,client_3,18,104,39,143,True,0.5465976331360947
SIDER,fedavg_proto,0.5,0,3,200,16,16,0.1,val,client_3,19,103,40,143,True,0.5194174757281553
SIDER,fedavg_proto,0.5,0,3,200,16,16,0.1,val,client_3,20,102,41,143,True,0.5066953610712578
SIDER,fedavg_proto,0.5,0,3,200,16,16,0.1,val,client_3,21,98,45,143,True,0.5755102040816327
SIDER,fedavg_proto,0.5,0,3,200,16,16,0.1,val,client_3,22,10,133,143,True,0.3774436090225564
SIDER,fedavg_proto,0.5,0,3,200,16,16,0.1,val,client_3,23,64,79,143,True,0.5405458860759493
SIDER,fedavg_proto,0.5,0,3,200,16,16,0.1,val,client_3,24,104,39,143,True,0.55103550295858
SIDER,fedavg_proto,0.5,0,3,200,16,16,0.1,val,client_3,25,134,9,143,True,0.7097844112769487
SIDER,fedavg_proto,0.5,0,3,200,16,16,0.1,val,client_3,26,95,48,143,True,0.5322368421052631
SIDER,fedavg_proto,0.5,0,3,200,16,16,0.1,test,server,0,72,71,143,True,0.6156103286384977
SIDER,fedavg_proto,0.5,0,3,200,16,16,0.1,test,server,1,105,38,143,True,0.5586466165413534
SIDER,fedavg_proto,0.5,0,3,200,16,16,0.1,test,server,2,5,138,143,True,0.36376811594202896
SIDER,fedavg_proto,0.5,0,3,200,16,16,0.1,test,server,3,90,53,143,True,0.5865828092243187
SIDER,fedavg_proto,0.5,0,3,200,16,16,0.1,test,server,4,118,25,143,True,0.5657627118644067
SIDER,fedavg_proto,0.5,0,3,200,16,16,0.1,test,server,5,104,39,143,True,0.5771696252465484
SIDER,fedavg_proto,0.5,0,3,200,16,16,0.1,test,server,6,134,9,143,True,0.7056384742951907
SIDER,fedavg_proto,0.5,0,3,200,16,16,0.1,test,server,7,24,119,143,True,0.4775910364145658
SIDER,fedavg_proto,0.5,0,3,200,16,16,0.1,test,server,8,91,52,143,True,0.5302197802197802
SIDER,fedavg_proto,0.5,0,3,200,16,16,0.1,test,server,9,74,69,143,True,0.6719545632589111
SIDER,fedavg_proto,0.5,0,3,200,16,16,0.1,test,server,10,39,104,143,True,0.5680473372781065
SIDER,fedavg_proto,0.5,0,3,200,16,16,0.1,test,server,11,130,13,143,True,0.5461538461538462
SIDER,fedavg_proto,0.5,0,3,200,16,16,0.1,test,server,12,33,110,143,True,0.5988980716253444
SIDER,fedavg_proto,0.5,0,3,200,16,16,0.1,test,server,13,20,123,143,True,0.41666666666666663
SIDER,fedavg_proto,0.5,0,3,200,16,16,0.1,test,server,14,113,30,143,True,0.548377581120944
SIDER,fedavg_proto,0.5,0,3,200,16,16,0.1,test,server,15,83,60,143,True,0.5997991967871485
SIDER,fedavg_proto,0.5,0,3,200,16,16,0.1,test,server,16,131,12,143,True,0.7283715012722646
SIDER,fedavg_proto,0.5,0,3,200,16,16,0.1,test,server,17,30,113,143,True,0.4504424778761062
SIDER,fedavg_proto,0.5,0,3,200,16,16,0.1,test,server,18,109,34,143,True,0.5369670804101456
SIDER,fedavg_proto,0.5,0,3,200,16,16,0.1,test,server,19,104,39,143,True,0.6257396449704142
SIDER,fedavg_proto,0.5,0,3,200,16,16,0.1,test,server,20,102,41,143,True,0.5813008130081301
SIDER,fedavg_proto,0.5,0,3,200,16,16,0.1,test,server,21,98,45,143,True,0.6027210884353742
SIDER,fedavg_proto,0.5,0,3,200,16,16,0.1,test,server,22,14,129,143,True,0.5581395348837209
SIDER,fedavg_proto,0.5,0,3,200,16,16,0.1,test,server,23,60,83,143,True,0.5616465863453816
SIDER,fedavg_proto,0.5,0,3,200,16,16,0.1,test,server,24,98,45,143,True,0.5993197278911566
SIDER,fedavg_proto,0.5,0,3,200,16,16,0.1,test,server,25,132,11,143,True,0.7100550964187328
SIDER,fedavg_proto,0.5,0,3,200,16,16,0.1,test,server,26,101,42,143,True,0.553983969825554
SIDER,fedavg_proto,0.5,0,3,200,16,16,0.1,test,client_0,0,72,71,143,True,0.6459311424100157
SIDER,fedavg_proto,0.5,0,3,200,16,16,0.1,test,client_0,1,105,38,143,True,0.5598997493734336
SIDER,fedavg_proto,0.5,0,3,200,16,16,0.1,test,client_0,2,5,138,143,True,0.4202898550724638
SIDER,fedavg_proto,0.5,0,3,200,16,16,0.1,test,client_0,3,90,53,143,True,0.4945492662473795
SIDER,fedavg_proto,0.5,0,3,200,16,16,0.1,test,client_0,4,118,25,143,True,0.6427118644067796
SIDER,fedavg_proto,0.5,0,3,200,16,16,0.1,test,client_0,5,104,39,143,True,0.5801282051282051
SIDER,fedavg_proto,0.5,0,3,200,16,16,0.1,test,client_0,6,134,9,143,True,0.7462686567164181
SIDER,fedavg_proto,0.5,0,3,200,16,16,0.1,test,client_0,7,24,119,143,True,0.4761904761904763
SIDER,fedavg_proto,0.5,0,3,200,16,16,0.1,test,client_0,8,91,52,143,True,0.5680473372781064
SIDER,fedavg_proto,0.5,0,3,200,16,16,0.1,test,client_0,9,74,69,143,True,0.599686643164904
SIDER,fedavg_proto,0.5,0,3,200,16,16,0.1,test,client_0,10,39,104,143,True,0.5695266272189349
SIDER,fedavg_proto,0.5,0,3,200,16,16,0.1,test,client_0,11,130,13,143,True,0.5704142011834319
SIDER,fedavg_proto,0.5,0,3,200,16,16,0.1,test,client_0,12,33,110,143,True,0.42148760330578516
SIDER,fedavg_proto,0.5,0,3,200,16,16,0.1,test,client_0,13,20,123,143,True,0.44268292682926824
SIDER,fedavg_proto,0.5,0,3,200,16,16,0.1,test,client_0,14,113,30,143,True,0.5174041297935104
SIDER,fedavg_proto,0.5,0,3,200,16,16,0.1,test,client_0,15,83,60,143,True,0.5887550200803212
SIDER,fedavg_proto,0.5,0,3,200,16,16,0.1,test,client_0,16,131,12,143,True,0.7798982188295165
SIDER,fedavg_proto,0.5,0,3,200,16,16,0.1,test,client_0,17,30,113,143,True,0.5174041297935102
SIDER,fedavg_proto,0.5,0,3,200,16,16,0.1,test,client_0,18,109,34,143,True,0.5159201295196979
SIDER,fedavg_proto,0.5,0,3,200,16,16,0.1,test,client_0,19,104,39,143,True,0.5766765285996056
SIDER,fedavg_proto,0.5,0,3,200,16,16,0.1,test,client_0,20,102,41,143,True,0.5442372070779531
SIDER,fedavg_proto,0.5,0,3,200,16,16,0.1,test,client_0,21,98,45,143,True,0.58140589569161
SIDER,fedavg_proto,0.5,0,3,200,16,16,0.1,test,client_0,22,14,129,143,True,0.58859357696567
SIDER,fedavg_proto,0.5,0,3,200,16,16,0.1,test,client_0,23,60,83,143,True,0.49979919678714857
SIDER,fedavg_proto,0.5,0,3,200,16,16,0.1,test,client_0,24,98,45,143,True,0.5437641723356009
SIDER,fedavg_proto,0.5,0,3,200,16,16,0.1,test,client_0,25,132,11,143,True,0.7376033057851239
SIDER,fedavg_proto,0.5,0,3,200,16,16,0.1,test,client_0,26,101,42,143,True,0.5374823196605375
SIDER,fedavg_proto,0.5,0,3,200,16,16,0.1,test,client_1,0,72,71,143,True,0.6122848200312989
SIDER,fedavg_proto,0.5,0,3,200,16,16,0.1,test,client_1,1,105,38,143,True,0.5546365914786967
SIDER,fedavg_proto,0.5,0,3,200,16,16,0.1,test,client_1,2,5,138,143,True,0.4057971014492754
SIDER,fedavg_proto,0.5,0,3,200,16,16,0.1,test,client_1,3,90,53,143,True,0.5951781970649894
SIDER,fedavg_proto,0.5,0,3,200,16,16,0.1,test,client_1,4,118,25,143,True,0.5698305084745763
SIDER,fedavg_proto,0.5,0,3,200,16,16,0.1,test,client_1,5,104,39,143,True,0.5788954635108481
SIDER,fedavg_proto,0.5,0,3,200,16,16,0.1,test,client_1,6,134,9,143,True,0.7197346600331674
SIDER,fedavg_proto,0.5,0,3,200,16,16,0.1,test,client_1,7,24,119,143,True,0.46638655462184875
SIDER,fedavg_proto,0.5,0,3,200,16,16,0.1,test,client_1,8,91,52,143,True,0.5329670329670331
SIDER,fedavg_proto,0.5,0,3,200,16,16,0.1,test,client_1,9,74,69,143,True,0.6631414022718369
SIDER,fedavg_proto,0.5,0,3,200,16,16,0.1,test,client_1,10,39,104,143,True,0.585552268244576
SIDER,fedavg_proto,0.5,0,3,200,16,16,0.1,test,client_1,11,130,13,143,True,0.5591715976331361
SIDER,fedavg_proto,0.5,0,3,200,16,16,0.1,test,client_1,12,33,110,143,True,0.5845730027548209
SIDER,fedavg_proto,0.5,0,3,200,16,16,0.1,test,client_1,13,20,123,143,True,0.3788617886178862
SIDER,fedavg_proto,0.5,0,3,200,16,16,0.1,test,client_1,14,113,30,143,True,0.5666666666666667
SIDER,fedavg_proto,0.5,0,3,200,16,16,0.1,test,client_1,15,83,60,143,True,0.610441767068273
SIDER,fedavg_proto,0.5,0,3,200,16,16,0.1,test,client_1,16,131,12,143,True,0.7385496183206106
SIDER,fedavg_proto,0.5,0,3,200,16,16,0.1,test,client_1,17,30,113,143,True,0.4548672566371681
SIDER,fedavg_proto,0.5,0,3,200,16,16,0.1,test,client_1,18,109,34,143,True,0.5423637344846196
SIDER,fedavg_proto,0.5,0,3,200,16,16,0.1,test,client_1,19,104,39,143,True,0.6161242603550295
SIDER,fedavg_proto,0.5,0,3,200,16,16,0.1,test,client_1,20,102,41,143,True,0.5836920133907221
SIDER,fedavg_proto,0.5,0,3,200,16,16,0.1,test,client_1,21,98,45,143,True,0.600907029478458
SIDER,fedavg_proto,0.5,0,3,200,16,16,0.1,test,client_1,22,14,129,143,True,0.5011074197120708
SIDER,fedavg_proto,0.5,0,3,200,16,16,0.1,test,client_1,23,60,83,143,True,0.5592369477911647
SIDER,fedavg_proto,0.5,0,3,200,16,16,0.1,test,client_1,24,98,45,143,True,0.590702947845805
SIDER,fedavg_proto,0.5,0,3,200,16,16,0.1,test,client_1,25,132,11,143,True,0.7086776859504132
SIDER,fedavg_proto,0.5,0,3,200,16,16,0.1,test,client_1,26,101,42,143,True,0.5473833097595474
SIDER,fedavg_proto,0.5,0,3,200,16,16,0.1,test,client_2,0,72,71,143,True,0.5649452269170578
SIDER,fedavg_proto,0.5,0,3,200,16,16,0.1,test,client_2,1,105,38,143,True,0.5197994987468672
SIDER,fedavg_proto,0.5,0,3,200,16,16,0.1,test,client_2,2,5,138,143,True,0.4144927536231884
SIDER,fedavg_proto,0.5,0,3,200,16,16,0.1,test,client_2,3,90,53,143,True,0.6067085953878407
SIDER,fedavg_proto,0.5,0,3,200,16,16,0.1,test,client_2,4,118,25,143,True,0.4576271186440678
SIDER,fedavg_proto,0.5,0,3,200,16,16,0.1,test,client_2,5,104,39,143,True,0.5216962524654832
SIDER,fedavg_proto,0.5,0,3,200,16,16,0.1,test,client_2,6,134,9,143,True,0.5223880597014925
SIDER,fedavg_proto,0.5,0,3,200,16,16,0.1,test,client_2,7,24,119,143,True,0.4362745098039216
SIDER,fedavg_proto,0.5,0,3,200,16,16,0.1,test,client_2,8,91,52,143,True,0.49344885883347417
SIDER,fedavg_proto,0.5,0,3,200,16,16,0.1,test,client_2,9,74,69,143,True,0.6233842538190364
SIDER,fedavg_proto,0.5,0,3,200,16,16,0.1,test,client_2,10,39,104,143,True,0.5645956607495068
SIDER,fedavg_proto,0.5,0,3,200,16,16,0.1,test,client_2,11,130,13,143,True,0.47869822485207103
SIDER,fedavg_proto,0.5,0,3,200,16,16,0.1,test,client_2,12,33,110,143,True,0.6633608815426998
SIDER,fedavg_proto,0.5,0,3,200,16,16,0.1,test,client_2,13,20,123,143,True,0.4073170731707317
SIDER,fedavg_proto,0.5,0,3,200,16,16,0.1,test,client_2,14,113,30,143,True,0.48525073746312686
SIDER,fedavg_proto,0.5,0,3,200,16,16,0.1,test,client_2,15,83,60,143,True,0.5915662650602409
SIDER,fedavg_proto,0.5,0,3,200,16,16,0.1,test,client_2,16,131,12,143,True,0.6316793893129771
SIDER,fedavg_proto,0.5,0,3,200,16,16,0.1,test,client_2,17,30,113,143,True,0.5294985250737463
SIDER,fedavg_proto,0.5,0,3,200,16,16,0.1,test,client_2,18,109,34,143,True,0.5531570426335671
SIDER,fedavg_proto,0.5,0,3,200,16,16,0.1,test,client_2,19,104,39,143,True,0.5853057199211045
SIDER,fedavg_proto,0.5,0,3,200,16,16,0.1,test,client_2,20,102,41,143,True,0.5208034433285509
SIDER,fedavg_proto,0.5,0,3,200,16,16,0.1,test,client_2,21,98,45,143,True,0.5755102040816327
SIDER,fedavg_proto,0.5,0,3,200,16,16,0.1,test,client_2,22,14,129,143,True,0.5044296788482835
SIDER,fedavg_proto,0.5,0,3,200,16,16,0.1,test,client_2,23,60,83,143,True,0.5453815261044177
SIDER,fedavg_proto,0.5,0,3,200,16,16,0.1,test,client_2,24,98,45,143,True,0.5662131519274376
SIDER,fedavg_proto,0.5,0,3,200,16,16,0.1,test,client_2,25,132,11,143,True,0.6322314049586777
SIDER,fedavg_proto,0.5,0,3,200,16,16,0.1,test,client_2,26,101,42,143,True,0.48444130127298446
SIDER,fedavg_proto,0.5,0,3,200,16,16,0.1,test,client_3,0,72,71,143,True,0.585093896713615
SIDER,fedavg_proto,0.5,0,3,200,16,16,0.1,test,client_3,1,105,38,143,True,0.5634085213032581
SIDER,fedavg_proto,0.5,0,3,200,16,16,0.1,test,client_3,2,5,138,143,True,0.3289855072463768
SIDER,fedavg_proto,0.5,0,3,200,16,16,0.1,test,client_3,3,90,53,143,True,0.60020964360587
SIDER,fedavg_proto,0.5,0,3,200,16,16,0.1,test,client_3,4,118,25,143,True,0.5423728813559322
SIDER,fedavg_proto,0.5,0,3,200,16,16,0.1,test,client_3,5,104,39,143,True,0.5638560157790927
SIDER,fedavg_proto,0.5,0,3,200,16,16,0.1,test,client_3,6,134,9,143,True,0.6592039800995025
SIDER,fedavg_proto,0.5,0,3,200,16,16,0.1,test,client_3,7,24,119,143,True,0.47093837535014005
SIDER,fedavg_proto,0.5,0,3,200,16,16,0.1,test,client_3,8,91,52,143,True,0.5213440405748098
SIDER,fedavg_proto,0.5,0,3,200,16,16,0.1,test,client_3,9,74,69,143,True,0.6721504112808461
SIDER,fedavg_proto,0.5,0,3,200,16,16,0.1,test,client_3,10,39,104,143,True,0.5313116370808679
SIDER,fedavg_proto,0.5,0,3,200,16,16,0.1,test,client_3,11,130,13,143,True,0.514792899408284
SIDER,fedavg_proto,0.5,0,3,200,16,16,0.1,test,client_3,12,33,110,143,True,0.6195592286501377
SIDER,fedavg_proto,0.5,0,3,200,16,16,0.1,test,client_3,13,20,123,143,True,0.42276422764227645
SIDER,fedavg_proto,0.5,0,3,200,16,16,0.1,test,client_3,14,113,30,143,True,0.5589970501474927
SIDER,fedavg_proto,0.5,0,3,200,16,16,0.1,test,client_3,15,83,60,143,True,0.5829317269076305
SIDER,fedavg_proto,0.5,0,3,200,16,16,0.1,test,client_3,16,131,12,143,True,0.6946564885496184
SIDER,fedavg_proto,0.5,0,3,200,16,16,0.1,test,client_3,17,30,113,143,True,0.5035398230088495
SIDER,fedavg_proto,0.5,0,3,200,16,16,0.1,test,client_3,18,109,34,143,True,0.5434430652995144
SIDER,fedavg_proto,0.5,0,3,200,16,16,0.1,test,client_3,19,104,39,143,True,0.6198224852071006
SIDER,fedavg_proto,0.5,0,3,200,16,16,0.1,test,client_3,20,102,41,143,True,0.5674318507890961
SIDER,fedavg_proto,0.5,0,3,200,16,16,0.1,test,client_3,21,98,45,143,True,0.6190476190476191
SIDER,fedavg_proto,0.5,0,3,200,16,16,0.1,test,client_3,22,14,129,143,True,0.5188261351052048
SIDER,fedavg_proto,0.5,0,3,200,16,16,0.1,test,client_3,23,60,83,143,True,0.557429718875502
SIDER,fedavg_proto,0.5,0,3,200,16,16,0.1,test,client_3,24,98,45,143,True,0.6070294784580499
SIDER,fedavg_proto,0.5,0,3,200,16,16,0.1,test,client_3,25,132,11,143,True,0.6728650137741047
SIDER,fedavg_proto,0.5,0,3,200,16,16,0.1,test,client_3,26,101,42,143,True,0.5393682225365394
SIDER,fedavg_proto,0.5,0,4,200,16,16,0.1,val,server,0,76,67,143,True,0.6095836606441477
SIDER,fedavg_proto,0.5,0,4,200,16,16,0.1,val,server,1,99,44,143,True,0.5984848484848485
SIDER,fedavg_proto,0.5,0,4,200,16,16,0.1,val,server,2,2,141,143,True,0.23404255319148937
SIDER,fedavg_proto,0.5,0,4,200,16,16,0.1,val,server,3,85,58,143,True,0.5760649087221096
SIDER,fedavg_proto,0.5,0,4,200,16,16,0.1,val,server,4,117,26,143,True,0.6433267587113741
SIDER,fedavg_proto,0.5,0,4,200,16,16,0.1,val,server,5,99,44,143,True,0.5936639118457301
SIDER,fedavg_proto,0.5,0,4,200,16,16,0.1,val,server,6,131,12,143,True,0.8129770992366412
SIDER,fedavg_proto,0.5,0,4,200,16,16,0.1,val,server,7,20,123,143,True,0.5447154471544715
SIDER,fedavg_proto,0.5,0,4,200,16,16,0.1,val,server,8,97,46,143,True,0.6216943074854325
SIDER,fedavg_proto,0.5,0,4,200,16,16,0.1,val,server,9,71,72,143,True,0.5989827856025038
SIDER,fedavg_proto,0.5,0,4,200,16,16,0.1,val,server,10,35,108,143,True,0.530952380952381
SIDER,fedavg_proto,0.5,0,4,200,16,16,0.1,val,server,11,130,13,143,True,0.42071005917159765
SIDER,fedavg_proto,0.5,0,4,200,16,16,0.1,val,server,12,37,106,143,True,0.6346251912289649
SIDER,fedavg_proto,0.5,0,4,200,16,16,0.1,val,server,13,20,123,143,True,0.41056910569105687
SIDER,fedavg_proto,0.5,0,4,200,16,16,0.1,val,server,14,107,36,143,True,0.5495846313603323
SIDER,fedavg_proto,0.5,0,4,200,16,16,0.1,val,server,15,94,49,143,True,0.6758575770733826
SIDER,fedavg_proto,0.5,0,4,200,16,16,0.1,val,server,16,129,14,143,True,0.6173864894795128
SIDER,fedavg_proto,0.5,0,4,200,16,16,0.1,val,server,17,20,123,143,True,0.5
SIDER,fedavg_proto,0.5,0,4,200,16,16,0.1,val,server,18,104,39,143,True,0.5379684418145957
SIDER,fedavg_proto,0.5,0,4,200,16,16,0.1,val,server,19,103,40,143,True,0.5575242718446601
SIDER,fedavg_proto,0.5,0,4,200,16,16,0.1,val,server,20,102,41,143,True,0.5327594452415112
SIDER,fedavg_proto,0.5,0,4,200,16,16,0.1,val,server,21,98,45,143,True,0.5950113378684807
SIDER,fedavg_proto,0.5,0,4,200,16,16,0.1,val,server,22,10,133,143,True,0.36541353383458647
SIDER,fedavg_proto,0.5,0,4,200,16,16,0.1,val,server,23,64,79,143,True,0.5520174050632911
SIDER,fedavg_proto,0.5,0,4,200,16,16,0.1,val,server,24,104,39,143,True,0.5522682445759369
SIDER,fedavg_proto,0.5,0,4,200,16,16,0.1,val,server,25,134,9,143,True,0.7545605306799337
SIDER,fedavg_proto,0.5,0,4,200,16,16,0.1,val,server,26,95,48,143,True,0.5499999999999999
SIDER,fedavg_proto,0.5,0,4,200,16,16,0.1,val,client_0,0,76,67,143,True,0.6755695208169679
SIDER,fedavg_proto,0.5,0,4,200,16,16,0.1,val,client_0,1,99,44,143,True,0.6483011937557391
SIDER,fedavg_proto,0.5,0,4,200,16,16,0.1,val,client_0,2,2,141,143,True,0.10638297872340424
SIDER,fedavg_proto,0.5,0,4,200,16,16,0.1,val,client_0,3,85,58,143,True,0.6141987829614605
SIDER,fedavg_proto,0.5,0,4,200,16,16,0.1,val,client_0,4,117,26,143,True,0.754766600920447
SIDER,fedavg_proto,0.5,0,4,200,16,16,0.1,val,client_0,5,99,44,143,True,0.6315426997245178
SIDER,fedavg_proto,0.5,0,4,200,16,16,0.1,val,client_0,6,131,12,143,True,0.8136132315521629
SIDER,fedavg_proto,0.5,0,4,200,16,16,0.1,val,client_0,7,20,123,143,True,0.5699186991869918
SIDER,fedavg_proto,0.5,0,4,200,16,16,0.1,val,client_0,8,97,46,143,True,0.656656207978485
SIDER,fedavg_proto,0.5,0,4,200,16,16,0.1,val,client_0,9,71,72,143,True,0.6130672926447573
SIDER,fedavg_proto,0.5,0,4,200,16,16,0.1,val,client_0,10,35,108,143,True,0.5481481481481482
SIDER,fedavg_proto,0.5,0,4,200,16,16,0.1,val,client_0,11,130,13,143,True,0.5840236686390532
SIDER,fedavg_proto,0.5,0,4,200,16,16,0.1,val,client_0,12,37,106,143,True,0.5767465578786334
SIDER,fedavg_proto,0.5,0,4,200,16,16,0.1,val,client_0,13,20,123,143,True,0.5804878048780487
SIDER,fedavg_proto,0.5,0,4,200,16,16,0.1,val,client_0,14,107,36,143,True,0.6165628245067497
SIDER,fedavg_proto,0.5,0,4,200,16,16,0.1,val,client_0,15,94,49,143,True,0.731003039513678
SIDER,fedavg_proto,0.5,0,4,200,16,16,0.1,val,client_0,16,129,14,143,True,0.7093023255813953
SIDER,fedavg_proto,0.5,0,4,200,16,16,0.1,val,client_0,17,20,123,143,True,0.5686991869918699
SIDER,fedavg_proto,0.5,0,4,200,16,16,0.1,val,client_0,18,104,39,143,True,0.5387080867850099
SIDER,fedavg_proto,0.5,0,4,200,16,16,0.1,val,client_0,19,103,40,143,True,0.6276699029126214
SIDER,fedavg_proto,0.5,0,4,200,16,16,0.1,val,client_0,20,102,41,143,True,0.6530368244858918
SIDER,fedavg_proto,0.5,0,4,200,16,16,0.1,val,client_0,21,98,45,143,True,0.6136054421768706
SIDER,fedavg_proto,0.5,0,4,200,16,16,0.1,val,client_0,22,10,133,143,True,0.38646616541353385
SIDER,fedavg_proto,0.5,0,4,200,16,16,0.1,val,client_0,23,64,79,143,True,0.6000791139240507
SIDER,fedavg_proto,0.5,0,4,200,16,16,0.1,val,client_0,24,104,39,143,True,0.5978796844181459
SIDER,fedavg_proto,0.5,0,4,200,16,16,0.1,val,client_0,25,134,9,143,True,0.8756218905472637
SIDER,fedavg_proto,0.5,0,4,200,16,16,0.1,val,client_0,26,95,48,143,True,0.6032894736842105
SIDER,fedavg_proto,0.5,0,4,200,16,16,0.1,val,client_1,0,76,67,143,True,0.6302042419481539
SIDER,fedavg_proto,0.5,0,4,200,16,16,0.1,val,client_1,1,99,44,143,True,0.5952708907254363
SIDER,fedavg_proto,0.5,0,4,200,16,16,0.1,val,client_1,2,2,141,143,True,0.16312056737588654
SIDER,fedavg_proto,0.5,0,4,200,16,16,0.1,val,client_1,3,85,58,143,True,0.5841784989858012
SIDER,fedavg_proto,0.5,0,4,200,16,16,0.1,val,client_1,4,117,26,143,True,0.6413543721236029
SIDER,fedavg_proto,0.5,0,4,200,16,16,0.1,val,client_1,5,99,44,143,True,0.5872359963269054
SIDER,fedavg_proto,0.5,0,4,200,16,16,0.1,val,client_1,6,131,12,143,True,0.8295165394402035
SIDER,fedavg_proto,0.5,0,4,200,16,16,0.1,val,client_1,7,20,123,143,True,0.5378048780487805
SIDER,fedavg_proto,0.5,0,4,200,16,16,0.1,val,client_1,8,97,46,143,True,0.6228148812191842
SIDER,fedavg_proto,0.5,0,4,200,16,16,0.1,val,client_1,9,71,72,143,True,0.5919405320813772
SIDER,fedavg_proto,0.5,0,4,200,16,16,0.1,val,client_1,10,35,108,143,True,0.5132275132275133
SIDER,fedavg_proto,0.5,0,4,200,16,16,0.1,val,client_1,11,130,13,143,True,0.46745562130177515
SIDER,fedavg_proto,0.5,0,4,200,16,16,0.1,val,client_1,12,37,106,143,True,0.6050484446710862
SIDER,fedavg_proto,0.5,0,4,200,16,16,0.1,val,client_1,13,20,123,143,True,0.4016260162601626
SIDER,fedavg_proto,0.5,0,4,200,16,16,0.1,val,client_1,14,107,36,143,True,0.5529595015576323
SIDER,fedavg_proto,0.5,0,4,200,16,16,0.1,val,client_1,15,94,49,143,True,0.67216673903604
SIDER,fedavg_proto,0.5,0,4,200,16,16,0.1,val,client_1,16,129,14,143,True,0.6173864894795128
SIDER,fedavg_proto,0.5,0,4,200,16,16,0.1,val,client_1,17,20,123,143,True,0.46178861788617886
SIDER,fedavg_proto,0.5,0,4,200,16,16,0.1,val,client_1,18,104,39,143,True,0.5394477317554242
SIDER,fedavg_proto,0.5,0,4,200,16,16,0.1,val,client_1,19,103,40,143,True,0.550242718446602
SIDER,fedavg_proto,0.5,0,4,200,16,16,0.1,val,client_1,20,102,41,143,True,0.5198469631755142
SIDER,fedavg_proto,0.5,0,4,200,16,16,0.1,val,client_1,21,98,45,143,True,0.6126984126984126
SIDER,fedavg_proto,0.5,0,4,200,16,16,0.1,val,client_1,22,10,133,143,True,0.4135338345864662
SIDER,fedavg_proto,0.5,0,4,200,16,16,0.1,val,client_1,23,64,79,143,True,0.5393591772151898
SIDER,fedavg_proto,0.5,0,4,200,16,16,0.1,val,client_1,24,104,39,143,True,0.5480769230769231
SIDER,fedavg_proto,0.5,0,4,200,16,16,0.1,val,client_1,25,134,9,143,True,0.7603648424543947
SIDER,fedavg_proto,0.5,0,4,200,16,16,0.1,val,client_1,26,95,48,143,True,0.5572368421052631
SIDER,fedavg_proto,0.5,0,4,200,16,16,0.1,val,client_2,0,76,67,143,True,0.5227808326787117
SIDER,fedavg_proto,0.5,0,4,200,16,16,0.1,val,client_2,1,99,44,143,True,0.5709366391184574
SIDER,fedavg_proto,0.5,0,4,200,16,16,0.1,val,client_2,2,2,141,143,True,0.23404255319148937
SIDER,fedavg_proto,0.5,0,4,200,16,16,0.1,val,client_2,3,85,58,143,True,0.5407707910750508
SIDER,fedavg_proto,0.5,0,4,200,16,16,0.1,val,client_2,4,117,26,143,True,0.5151216305062459
SIDER,fedavg_proto,0.5,0,4,200,16,16,0.1,val,client_2,5,99,44,143,True,0.5438475665748392
SIDER,fedavg_proto,0.5,0,4,200,16,16,0.1,val,client_2,6,131,12,143,True,0.6927480916030535
SIDER,fedavg_proto,0.5,0,4,200,16,16,0.1,val,client_2,7,20,123,143,True,0.5036585365853659
SIDER,fedavg_proto,0.5,0,4,200,16,16,0.1,val,client_2,8,97,46,143,True,0.5703720304796056
SIDER,fedavg_proto,0.5,0,4,200,16,16,0.1,val,client_2,9,71,72,143,True,0.5815727699530516
SIDER,fedavg_proto,0.5,0,4,200,16,16,0.1,val,client_2,10,35,108,143,True,0.5383597883597884
SIDER,fedavg_proto,0.5,0,4,200,16,16,0.1,val,client_2,11,130,13,143,True,0.2680473372781065
SIDER,fedavg_proto,0.5,0,4,200,16,16,0.1,val,client_2,12,37,106,143,True,0.6101478837327895
SIDER,fedavg_proto,0.5,0,4,200,16,16,0.1,val,client_2,13,20,123,143,True,0.43252032520325207
SIDER,fedavg_proto,0.5,0,4,200,16,16,0.1,val,client_2,14,107,36,143,True,0.4631360332294912
SIDER,fedavg_proto,0.5,0,4,200,16,16,0.1,val,client_2,15,94,49,143,True,0.6244029526704298
SIDER,fedavg_proto,0.5,0,4,200,16,16,0.1,val,client_2,16,129,14,143,True,0.5991140642303433
SIDER,fedavg_proto,0.5,0,4,200,16,16,0.1,val,client_2,17,20,123,143,True,0.44308943089430897
SIDER,fedavg_proto,0.5,0,4,200,16,16,0.1,val,client_2,18,104,39,143,True,0.5357495069033531
SIDER,fedavg_proto,0.5,0,4,200,16,16,0.1,val,client_2,19,103,40,143,True,0.4696601941747573
SIDER,fedavg_proto,0.5,0,4,200,16,16,0.1,val,client_2,20,102,41,143,True,0.43902439024390244
SIDER,fedavg_proto,0.5,0,4,200,16,16,0.1,val,client_2,21,98,45,143,True,0.5691609977324262
SIDER,fedavg_proto,0.5,0,4,200,16,16,0.1,val,client_2,22,10,133,143,True,0.38721804511278196
SIDER,fedavg_proto,0.5,0,4,200,16,16,0.1,val,client_2,23,64,79,143,True,0.5007911392405063
SIDER,fedavg_proto,0.5,0,4,200,16,16,0.1,val,client_2,24,104,39,143,True,0.52465483234714
SIDER,fedavg_proto,0.5,0,4,200,16,16,0.1,val,client_2,25,134,9,143,True,0.5820895522388061
SIDER,fedavg_proto,0.5,0,4,200,16,16,0.1,val,client_2,26,95,48,143,True,0.5118421052631579
SIDER,fedavg_proto,0.5,0,4,200,16,16,0.1,val,client_3,0,76,67,143,True,0.5646111547525531
SIDER,fedavg_proto,0.5,0,4,200,16,16,0.1,val,client_3,1,99,44,143,True,0.5837924701561065
SIDER,fedavg_proto,0.5,0,4,200,16,16,0.1,val,client_3,2,2,141,143,True,0.1524822695035461
SIDER,fedavg_proto,0.5,0,4,200,16,16,0.1,val,client_3,3,85,58,143,True,0.5724137931034483
SIDER,fedavg_proto,0.5,0,4,200,16,16,0.1,val,client_3,4,117,26,143,True,0.5959894806048652
SIDER,fedavg_proto,0.5,0,4,200,16,16,0.1,val,client_3,5,99,44,143,True,0.5778236914600551
SIDER,fedavg_proto,0.5,0,4,200,16,16,0.1,val,client_3,6,131,12,143,True,0.7684478371501272
SIDER,fedavg_proto,0.5,0,4,200,16,16,0.1,val,client_3,7,20,123,143,True,0.5203252032520325
SIDER,fedavg_proto,0.5,0,4,200,16,16,0.1,val,client_3,8,97,46,143,True,0.6093679964141641
SIDER,fedavg_proto,0.5,0,4,200,16,16,0.1,val,client_3,9,71,72,143,True,0.5919405320813772
SIDER,fedavg_proto,0.5,0,4,200,16,16,0.1,val,client_3,10,35,108,143,True,0.5224867724867726
SIDER,fedavg_proto,0.5,0,4,200,16,16,0.1,val,client_3,11,130,13,143,True,0.35562130177514795
SIDER,fedavg_proto,0.5,0,4,200,16,16,0.1,val,client_3,12,37,106,143,True,0.6251912289648138
SIDER,fedavg_proto,0.5,0,4,200,16,16,0.1,val,client_3,13,20,123,143,True,0.4508130081300813
SIDER,fedavg_proto,0.5,0,4,200,16,16,0.1,val,client_3,14,107,36,143,True,0.523104880581516
SIDER,fedavg_proto,0.5,0,4,200,16,16,0.1,val,client_3,15,94,49,143,True,0.6220147633521493
SIDER,fedavg_proto,0.5,0,4,200,16,16,0.1,val,client_3,16,129,14,143,True,0.6124031007751938
SIDER,fedavg_proto,0.5,0,4,200,16,16,0.1,val,client_3,17,20,123,143,True,0.516260162601626
SIDER,fedavg_proto,0.5,0,4,200,16,16,0.1,val,client_3,18,104,39,143,True,0.5421597633136096
SIDER,fedavg_proto,0.5,0,4,200,16,16,0.1,val,client_3,19,103,40,143,True,0.5344660194174757
SIDER,fedavg_proto,0.5,0,4,200,16,16,0.1,val,client_3,20,102,41,143,True,0.5069344811095171
SIDER,fedavg_proto,0.5,0,4,200,16,16,0.1,val,client_3,21,98,45,143,True,0.5709750566893423
SIDER,fedavg_proto,0.5,0,4,200,16,16,0.1,val,client_3,22,10,133,143,True,0.3315789473684211
SIDER,fedavg_proto,0.5,0,4,200,16,16,0.1,val,client_3,23,64,79,143,True,0.5478639240506329
SIDER,fedavg_proto,0.5,0,4,200,16,16,0.1,val,client_3,24,104,39,143,True,0.5581854043392506
SIDER,fedavg_proto,0.5,0,4,200,16,16,0.1,val,client_3,25,134,9,143,True,0.7056384742951908
SIDER,fedavg_proto,0.5,0,4,200,16,16,0.1,val,client_3,26,95,48,143,True,0.5296052631578948
SIDER,fedavg_proto,0.5,0,4,200,16,16,0.1,test,server,0,72,71,143,True,0.6199139280125195
SIDER,fedavg_proto,0.5,0,4,200,16,16,0.1,test,server,1,105,38,143,True,0.5676691729323309
SIDER,fedavg_proto,0.5,0,4,200,16,16,0.1,test,server,2,5,138,143,True,0.3463768115942029
SIDER,fedavg_proto,0.5,0,4,200,16,16,0.1,test,server,3,90,53,143,True,0.5825995807127883
SIDER,fedavg_proto,0.5,0,4,200,16,16,0.1,test,server,4,118,25,143,True,0.5752542372881355
SIDER,fedavg_proto,0.5,0,4,200,16,16,0.1,test,server,5,104,39,143,True,0.5946745562130178
SIDER,fedavg_proto,0.5,0,4,200,16,16,0.1,test,server,6,134,9,143,True,0.7346600331674957
SIDER,fedavg_proto,0.5,0,4,200,16,16,0.1,test,server,7,24,119,143,True,0.5812324929971988
SIDER,fedavg_proto,0.5,0,4,200,16,16,0.1,test,server,8,91,52,143,True,0.5454353338968723
SIDER,fedavg_proto,0.5,0,4,200,16,16,0.1,test,server,9,74,69,143,True,0.6737171954563259
SIDER,fedavg_proto,0.5,0,4,200,16,16,0.1,test,server,10,39,104,143,True,0.5761834319526628
SIDER,fedavg_proto,0.5,0,4,200,16,16,0.1,test,server,11,130,13,143,True,0.5532544378698224
SIDER,fedavg_proto,0.5,0,4,200,16,16,0.1,test,server,12,33,110,143,True,0.5964187327823691
SIDER,fedavg_proto,0.5,0,4,200,16,16,0.1,test,server,13,20,123,143,True,0.5138211382113821
SIDER,fedavg_proto,0.5,0,4,200,16,16,0.1,test,server,14,113,30,143,True,0.5557522123893804
SIDER,fedavg_proto,0.5,0,4,200,16,16,0.1,test,server,15,83,60,143,True,0.609437751004016
SIDER,fedavg_proto,0.5,0,4,200,16,16,0.1,test,server,16,131,12,143,True,0.7340966921119593
SIDER,fedavg_proto,0.5,0,4,200,16,16,0.1,test,server,17,30,113,143,True,0.44572271386430673
SIDER,fedavg_proto,0.5,0,4,200,16,16,0.1,test,server,18,109,34,143,True,0.5342687533729089
SIDER,fedavg_proto,0.5,0,4,200,16,16,0.1,test,server,19,104,39,143,True,0.6178500986193295
SIDER,fedavg_proto,0.5,0,4,200,16,16,0.1,test,server,20,102,41,143,True,0.5899091343854616
SIDER,fedavg_proto,0.5,0,4,200,16,16,0.1,test,server,21,98,45,143,True,0.6151927437641723
SIDER,fedavg_proto,0.5,0,4,200,16,16,0.1,test,server,22,14,129,143,True,0.6101882613510521
SIDER,fedavg_proto,0.5,0,4,200,16,16,0.1,test,server,23,60,83,143,True,0.5534136546184739
SIDER,fedavg_proto,0.5,0,4,200,16,16,0.1,test,server,24,98,45,143,True,0.5975056689342404
SIDER,fedavg_proto,0.5,0,4,200,16,16,0.1,test,server,25,132,11,143,True,0.7258953168044078
SIDER,fedavg_proto,0.5,0,4,200,16,16,0.1,test,server,26,101,42,143,True,0.5631777463460632
SIDER,fedavg_proto,0.5,0,4,200,16,16,0.1,test,client_0,0,72,71,143,True,0.653169014084507
SIDER,fedavg_proto,0.5,0,4,200,16,16,0.1,test,client_0,1,105,38,143,True,0.5696741854636591
SIDER,fedavg_proto,0.5,0,4,200,16,16,0.1,test,client_0,2,5,138,143,True,0.4028985507246377
SIDER,fedavg_proto,0.5,0,4,200,16,16,0.1,test,client_0,3,90,53,143,True,0.5035639412997903
SIDER,fedavg_proto,0.5,0,4,200,16,16,0.1,test,client_0,4,118,25,143,True,0.6440677966101696
SIDER,fedavg_proto,0.5,0,4,200,16,16,0.1,test,client_0,5,104,39,143,True,0.5825936883629191
SIDER,fedavg_proto,0.5,0,4,200,16,16,0.1,test,client_0,6,134,9,143,True,0.7512437810945274
SIDER,fedavg_proto,0.5,0,4,200,16,16,0.1,test,client_0,7,24,119,143,True,0.5535714285714285
SIDER,fedavg_proto,0.5,0,4,200,16,16,0.1,test,client_0,8,91,52,143,True,0.5604395604395604
SIDER,fedavg_proto,0.5,0,4,200,16,16,0.1,test,client_0,9,74,69,143,True,0.618096357226792
SIDER,fedavg_proto,0.5,0,4,200,16,16,0.1,test,client_0,10,39,104,143,True,0.5840729783037475
SIDER,fedavg_proto,0.5,0,4,200,16,16,0.1,test,client_0,11,130,13,143,True,0.563905325443787
SIDER,fedavg_proto,0.5,0,4,200,16,16,0.1,test,client_0,12,33,110,143,True,0.44325068870523415
SIDER,fedavg_proto,0.5,0,4,200,16,16,0.1,test,client_0,13,20,123,143,True,0.556910569105691
SIDER,fedavg_proto,0.5,0,4,200,16,16,0.1,test,client_0,14,113,30,143,True,0.5227138643067847
SIDER,fedavg_proto,0.5,0,4,200,16,16,0.1,test,client_0,15,83,60,143,True,0.6052208835341365
SIDER,fedavg_proto,0.5,0,4,200,16,16,0.1,test,client_0,16,131,12,143,True,0.7843511450381679
SIDER,fedavg_proto,0.5,0,4,200,16,16,0.1,test,client_0,17,30,113,143,True,0.4132743362831859
SIDER,fedavg_proto,0.5,0,4,200,16,16,0.1,test,client_0,18,109,34,143,True,0.5269832703723691
SIDER,fedavg_proto,0.5,0,4,200,16,16,0.1,test,client_0,19,104,39,143,True,0.5828402366863905
SIDER,fedavg_proto,0.5,0,4,200,16,16,0.1,test,client_0,20,102,41,143,True,0.5576279292204687
SIDER,fedavg_proto,0.5,0,4,200,16,16,0.1,test,client_0,21,98,45,143,True,0.5904761904761905
SIDER,fedavg_proto,0.5,0,4,200,16,16,0.1,test,client_0,22,14,129,143,True,0.5946843853820598
SIDER,fedavg_proto,0.5,0,4,200,16,16,0.1,test,client_0,23,60,83,143,True,0.5092369477911647
SIDER,fedavg_proto,0.5,0,4,200,16,16,0.1,test,client_0,24,98,45,143,True,0.5410430839002268
SIDER,fedavg_proto,0.5,0,4,200,16,16,0.1,test,client_0,25,132,11,143,True,0.7651515151515152
SIDER,fedavg_proto,0.5,0,4,200,16,16,0.1,test,client_0,26,101,42,143,True,0.5685997171145687
SIDER,fedavg_proto,0.5,0,4,200,16,16,0.1,test,client_1,0,72,71,143,True,0.6206964006259781
SIDER,fedavg_proto,0.5,0,4,200,16,16,0.1,test,client_1,1,105,38,143,True,0.5686716791979949
SIDER,fedavg_proto,0.5,0,4,200,16,16,0.1,test,client_1,2,5,138,143,True,0.36231884057971014
SIDER,fedavg_proto,0.5,0,4,200,16,16,0.1,test,client_1,3,90,53,143,True,0.5962264150943396
SIDER,fedavg_proto,0.5,0,4,200,16,16,0.1,test,client_1,4,118,25,143,True,0.5728813559322034
SIDER,fedavg_proto,0.5,0,4,200,16,16,0.1,test,client_1,5,104,39,143,True,0.6070019723865877
SIDER,fedavg_proto,0.5,0,4,200,16,16,0.1,test,client_1,6,134,9,143,True,0.7827529021558871
SIDER,fedavg_proto,0.5,0,4,200,16,16,0.1,test,client_1,7,24,119,143,True,0.5819327731092437
SIDER,fedavg_proto,0.5,0,4,200,16,16,0.1,test,client_1,8,91,52,143,True,0.5454353338968725
SIDER,fedavg_proto,0.5,0,4,200,16,16,0.1,test,client_1,9,74,69,143,True,0.6713670191931063
SIDER,fedavg_proto,0.5,0,4,200,16,16,0.1,test,client_1,10,39,104,143,True,0.5931952662721893
SIDER,fedavg_proto,0.5,0,4,200,16,16,0.1,test,client_1,11,130,13,143,True,0.5520710059171597
SIDER,fedavg_proto,0.5,0,4,200,16,16,0.1,test,client_1,12,33,110,143,True,0.5900826446280991
SIDER,fedavg_proto,0.5,0,4,200,16,16,0.1,test,client_1,13,20,123,143,True,0.4735772357723577
SIDER,fedavg_proto,0.5,0,4,200,16,16,0.1,test,client_1,14,113,30,143,True,0.589085545722714
SIDER,fedavg_proto,0.5,0,4,200,16,16,0.1,test,client_1,15,83,60,143,True,0.6170682730923696
SIDER,fedavg_proto,0.5,0,4,200,16,16,0.1,test,client_1,16,131,12,143,True,0.7315521628498727
SIDER,fedavg_proto,0.5,0,4,200,16,16,0.1,test,client_1,17,30,113,143,True,0.4631268436578171
SIDER,fedavg_proto,0.5,0,4,200,16,16,0.1,test,client_1,18,109,34,143,True,0.5364274150026983
SIDER,fedavg_proto,0.5,0,4,200,16,16,0.1,test,client_1,19,104,39,143,True,0.6230276134122289
SIDER,fedavg_proto,0.5,0,4,200,16,16,0.1,test,client_1,20,102,41,143,True,0.5973218555714969
SIDER,fedavg_proto,0.5,0,4,200,16,16,0.1,test,client_1,21,98,45,143,True,0.6083900226757369
SIDER,fedavg_proto,0.5,0,4,200,16,16,0.1,test,client_1,22,14,129,143,True,0.5553709856035438
SIDER,fedavg_proto,0.5,0,4,200,16,16,0.1,test,client_1,23,60,83,143,True,0.5550200803212851
SIDER,fedavg_proto,0.5,0,4,200,16,16,0.1,test,client_1,24,98,45,143,True,0.610204081632653
SIDER,fedavg_proto,0.5,0,4,200,16,16,0.1,test,client_1,25,132,11,143,True,0.740358126721763
SIDER,fedavg_proto,0.5,0,4,200,16,16,0.1,test,client_1,26,101,42,143,True,0.5638849599245639
SIDER,fedavg_proto,0.5,0,4,200,16,16,0.1,test,client_2,0,72,71,143,True,0.5635758998435055
SIDER,fedavg_proto,0.5,0,4,200,16,16,0.1,test,client_2,1,105,38,143,True,0.5471177944862156
SIDER,fedavg_proto,0.5,0,4,200,16,16,0.1,test,client_2,2,5,138,143,True,0.35797101449275365
SIDER,fedavg_proto,0.5,0,4,200,16,16,0.1,test,client_2,3,90,53,143,True,0.6052410901467505
SIDER,fedavg_proto,0.5,0,4,200,16,16,0.1,test,client_2,4,118,25,143,True,0.4762711864406779
SIDER,fedavg_proto,0.5,0,4,200,16,16,0.1,test,client_2,5,104,39,143,True,0.5325443786982249
SIDER,fedavg_proto,0.5,0,4,200,16,16,0.1,test,client_2,6,134,9,143,True,0.5812603648424544
SIDER,fedavg_proto,0.5,0,4,200,16,16,0.1,test,client_2,7,24,119,143,True,0.5266106442577031
SIDER,fedavg_proto,0.5,0,4,200,16,16,0.1,test,client_2,8,91,52,143,True,0.5065511411665258
SIDER,fedavg_proto,0.5,0,4,200,16,16,0.1,test,client_2,9,74,69,143,True,0.6249510379945162
SIDER,fedavg_proto,0.5,0,4,200,16,16,0.1,test,client_2,10,39,104,143,True,0.5446252465483234
SIDER,fedavg_proto,0.5,0,4,200,16,16,0.1,test,client_2,11,130,13,143,True,0.47159763313609465
SIDER,fedavg_proto,0.5,0,4,200,16,16,0.1,test,client_2,12,33,110,143,True,0.6482093663911846
SIDER,fedavg_proto,0.5,0,4,200,16,16,0.1,test,client_2,13,20,123,143,True,0.5260162601626016
SIDER,fedavg_proto,0.5,0,4,200,16,16,0.1,test,client_2,14,113,30,143,True,0.5002949852507375
SIDER,fedavg_proto,0.5,0,4,200,16,16,0.1,test,client_2,15,83,60,143,True,0.6002008032128514
SIDER,fedavg_proto,0.5,0,4,200,16,16,0.1,test,client_2,16,131,12,143,True,0.6482188295165394
SIDER,fedavg_proto,0.5,0,4,200,16,16,0.1,test,client_2,17,30,113,143,True,0.49557522123893805
SIDER,fedavg_proto,0.5,0,4,200,16,16,0.1,test,client_2,18,109,34,143,True,0.5493793847814356
SIDER,fedavg_proto,0.5,0,4,200,16,16,0.1,test,client_2,19,104,39,143,True,0.5877712031558185
SIDER,fedavg_proto,0.5,0,4,200,16,16,0.1,test,client_2,20,102,41,143,True,0.5483022477283597
SIDER,fedavg_proto,0.5,0,4,200,16,16,0.1,test,client_2,21,98,45,143,True,0.5854875283446712
SIDER,fedavg_proto,0.5,0,4,200,16,16,0.1,test,client_2,22,14,129,143,True,0.5636766334440753
SIDER,fedavg_proto,0.5,0,4,200,16,16,0.1,test,client_2,23,60,83,143,True,0.5514056224899598
SIDER,fedavg_proto,0.5,0,4,200,16,16,0.1,test,client_2,24,98,45,143,True,0.5684807256235828
SIDER,fedavg_proto,0.5,0,4,200,16,16,0.1,test,client_2,25,132,11,143,True,0.6735537190082646
SIDER,fedavg_proto,0.5,0,4,200,16,16,0.1,test,client_2,26,101,42,143,True,0.49858557284299865
SIDER,fedavg_proto,0.5,0,4,200,16,16,0.1,test,client_3,0,72,71,143,True,0.5884194053208138
SIDER,fedavg_proto,0.5,0,4,200,16,16,0.1,test,client_3,1,105,38,143,True,0.5819548872180451
SIDER,fedavg_proto,0.5,0,4,200,16,16,0.1,test,client_3,2,5,138,143,True,0.3289855072463768
SIDER,fedavg_proto,0.5,0,4,200,16,16,0.1,test,client_3,3,90,53,143,True,0.60062893081761
SIDER,fedavg_proto,0.5,0,4,200,16,16,0.1,test,client_3,4,118,25,143,True,0.568135593220339
SIDER,fedavg_proto,0.5,0,4,200,16,16,0.1,test,client_3,5,104,39,143,True,0.5929487179487181
SIDER,fedavg_proto,0.5,0,4,200,16,16,0.1,test,client_3,6,134,9,143,True,0.6849087893864014
SIDER,fedavg_proto,0.5,0,4,200,16,16,0.1,test,client_3,7,24,119,143,True,0.5868347338935574
SIDER,fedavg_proto,0.5,0,4,200,16,16,0.1,test,client_3,8,91,52,143,True,0.5321217244294167
SIDER,fedavg_proto,0.5,0,4,200,16,16,0.1,test,client_3,9,74,69,143,True,0.6600078339208775
SIDER,fedavg_proto,0.5,0,4,200,16,16,0.1,test,client_3,10,39,104,143,True,0.5653353057199212
SIDER,fedavg_proto,0.5,0,4,200,16,16,0.1,test,client_3,11,130,13,143,True,0.5514792899408283
SIDER,fedavg_proto,0.5,0,4,200,16,16,0.1,test,client_3,12,33,110,143,True,0.6024793388429752
SIDER,fedavg_proto,0.5,0,4,200,16,16,0.1,test,client_3,13,20,123,143,True,0.5699186991869919
SIDER,fedavg_proto,0.5,0,4,200,16,16,0.1,test,client_3,14,113,30,143,True,0.5752212389380531
SIDER,fedavg_proto,0.5,0,4,200,16,16,0.1,test,client_3,15,83,60,143,True,0.5917670682730924
SIDER,fedavg_proto,0.5,0,4,200,16,16,0.1,test,client_3,16,131,12,143,True,0.7194656488549619
SIDER,fedavg_proto,0.5,0,4,200,16,16,0.1,test,client_3,17,30,113,143,True,0.47817109144542774
SIDER,fedavg_proto,0.5,0,4,200,16,16,0.1,test,client_3,18,109,34,143,True,0.5488397193739882
SIDER,fedavg_proto,0.5,0,4,200,16,16,0.1,test,client_3,19,104,39,143,True,0.6296844181459567
SIDER,fedavg_proto,0.5,0,4,200,16,16,0.1,test,client_3,20,102,41,143,True,0.5714968914395027
SIDER,fedavg_proto,0.5,0,4,200,16,16,0.1,test,client_3,21,98,45,143,True,0.6310657596371883
SIDER,fedavg_proto,0.5,0,4,200,16,16,0.1,test,client_3,22,14,129,143,True,0.5620155038759689
SIDER,fedavg_proto,0.5,0,4,200,16,16,0.1,test,client_3,23,60,83,143,True,0.5682730923694779
SIDER,fedavg_proto,0.5,0,4,200,16,16,0.1,test,client_3,24,98,45,143,True,0.6120181405895692
SIDER,fedavg_proto,0.5,0,4,200,16,16,0.1,test,client_3,25,132,11,143,True,0.6707988980716254
SIDER,fedavg_proto,0.5,0,4,200,16,16,0.1,test,client_3,26,101,42,143,True,0.5396039603960396
SIDER,fedavg_proto,0.5,0,5,200,16,16,0.1,val,server,0,76,67,143,True,0.6087981146897095
SIDER,fedavg_proto,0.5,0,5,200,16,16,0.1,val,server,1,99,44,143,True,0.6049127640036731
SIDER,fedavg_proto,0.5,0,5,200,16,16,0.1,val,server,2,2,141,143,True,0.3546099290780142
SIDER,fedavg_proto,0.5,0,5,200,16,16,0.1,val,server,3,85,58,143,True,0.5898580121703854
SIDER,fedavg_proto,0.5,0,5,200,16,16,0.1,val,server,4,117,26,143,True,0.6452991452991453
SIDER,fedavg_proto,0.5,0,5,200,16,16,0.1,val,server,5,99,44,143,True,0.5817263544536272
SIDER,fedavg_proto,0.5,0,5,200,16,16,0.1,val,server,6,131,12,143,True,0.8155216284987277
SIDER,fedavg_proto,0.5,0,5,200,16,16,0.1,val,server,7,20,123,143,True,0.6016260162601627
SIDER,fedavg_proto,0.5,0,5,200,16,16,0.1,val,server,8,97,46,143,True,0.6266248319139399
SIDER,fedavg_proto,0.5,0,5,200,16,16,0.1,val,server,9,71,72,143,True,0.605829420970266
SIDER,fedavg_proto,0.5,0,5,200,16,16,0.1,val,server,10,35,108,143,True,0.5383597883597884
SIDER,fedavg_proto,0.5,0,5,200,16,16,0.1,val,server,11,130,13,143,True,0.4650887573964497
SIDER,fedavg_proto,0.5,0,5,200,16,16,0.1,val,server,12,37,106,143,True,0.6409994900560938
SIDER,fedavg_proto,0.5,0,5,200,16,16,0.1,val,server,13,20,123,143,True,0.5556910569105691
SIDER,fedavg_proto,0.5,0,5,200,16,16,0.1,val,server,14,107,36,143,True,0.5519210799584632
SIDER,fedavg_proto,0.5,0,5,200,16,16,0.1,val,server,15,94,49,143,True,0.6815023881893183
SIDER,fedavg_proto,0.5,0,5,200,16,16,0.1,val,server,16,129,14,143,True,0.6306755260243633
SIDER,fedavg_proto,0.5,0,5,200,16,16,0.1,val,server,17,20,123,143,True,0.5300813008130081
SIDER,fedavg_proto,0.5,0,5,200,16,16,0.1,val,server,18,104,39,143,True,0.5421597633136095
SIDER,fedavg_proto,0.5,0,5,200,16,16,0.1,val,server,19,103,40,143,True,0.554126213592233
SIDER,fedavg_proto,0.5,0,5,200,16,16,0.1,val,server,20,102,41,143,True,0.5289335246293639
SIDER,fedavg_proto,0.5,0,5,200,16,16,0.1,val,server,21,98,45,143,True,0.6054421768707483
SIDER,fedavg_proto,0.5,0,5,200,16,16,0.1,val,server,22,10,133,143,True,0.4804511278195489
SIDER,fedavg_proto,0.5,0,5,200,16,16,0.1,val,server,23,64,79,143,True,0.561115506329114
SIDER,fedavg_proto,0.5,0,5,200,16,16,0.1,val,server,24,104,39,143,True,0.5537475345167653
SIDER,fedavg_proto,0.5,0,5,200,16,16,0.1,val,server,25,134,9,143,True,0.7446102819237148
SIDER,fedavg_proto,0.5,0,5,200,16,16,0.1,val,server,26,95,48,143,True,0.5510964912280701
SIDER,fedavg_proto,0.5,0,5,200,16,16,0.1,val,client_0,0,76,67,143,True,0.6686959937156324
SIDER,fedavg_proto,0.5,0,5,200,16,16,0.1,val,client_0,1,99,44,143,True,0.6478420569329659
SIDER,fedavg_proto,0.5,0,5,200,16,16,0.1,val,client_0,2,2,141,143,True,0.12765957446808512
SIDER,fedavg_proto,0.5,0,5,200,16,16,0.1,val,client_0,3,85,58,143,True,0.6085192697768762
SIDER,fedavg_proto,0.5,0,5,200,16,16,0.1,val,client_0,4,117,26,143,True,0.7600262984878369
SIDER,fedavg_proto,0.5,0,5,200,16,16,0.1,val,client_0,5,99,44,143,True,0.6326905417814509
SIDER,fedavg_proto,0.5,0,5,200,16,16,0.1,val,client_0,6,131,12,143,True,0.8148854961832062
SIDER,fedavg_proto,0.5,0,5,200,16,16,0.1,val,client_0,7,20,123,143,True,0.5947154471544716
SIDER,fedavg_proto,0.5,0,5,200,16,16,0.1,val,client_0,8,97,46,143,True,0.655311519497983
SIDER,fedavg_proto,0.5,0,5,200,16,16,0.1,val,client_0,9,71,72,143,True,0.6073943661971831
SIDER,fedavg_proto,0.5,0,5,200,16,16,0.1,val,client_0,10,35,108,143,True,0.5492063492063491
SIDER,fedavg_proto,0.5,0,5,200,16,16,0.1,val,client_0,11,130,13,143,True,0.5934911242603551
SIDER,fedavg_proto,0.5,0,5,200,16,16,0.1,val,client_0,12,37,106,143,True,0.5716471188169302
SIDER,fedavg_proto,0.5,0,5,200,16,16,0.1,val,client_0,13,20,123,143,True,0.6272357723577235
SIDER,fedavg_proto,0.5,0,5,200,16,16,0.1,val,client_0,14,107,36,143,True,0.618380062305296
SIDER,fedavg_proto,0.5,0,5,200,16,16,0.1,val,client_0,15,94,49,143,True,0.733608336951802
SIDER,fedavg_proto,0.5,0,5,200,16,16,0.1,val,client_0,16,129,14,143,True,0.7015503875968992
SIDER,fedavg_proto,0.5,0,5,200,16,16,0.1,val,client_0,17,20,123,143,True,0.5991869918699186
SIDER,fedavg_proto,0.5,0,5,200,16,16,0.1,val,client_0,18,104,39,143,True,0.5377218934911243
SIDER,fedavg_proto,0.5,0,5,200,16,16,0.1,val,client_0,19,103,40,143,True,0.6266990291262137
SIDER,fedavg_proto,0.5,0,5,200,16,16,0.1,val,client_0,20,102,41,143,True,0.6470588235294118
SIDER,fedavg_proto,0.5,0,5,200,16,16,0.1,val,client_0,21,98,45,143,True,0.6122448979591837
SIDER,fedavg_proto,0.5,0,5,200,16,16,0.1,val,client_0,22,10,133,143,True,0.4962406015037594
SIDER,fedavg_proto,0.5,0,5,200,16,16,0.1,val,client_0,23,64,79,143,True,0.5981012658227849
SIDER,fedavg_proto,0.5,0,5,200,16,16,0.1,val,client_0,24,104,39,143,True,0.5912228796844182
SIDER,fedavg_proto,0.5,0,5,200,16,16,0.1,val,client_0,25,134,9,143,True,0.8706467661691542
SIDER,fedavg_proto,0.5,0,5,200,16,16,0.1,val,client_0,26,95,48,143,True,0.6024122807017543
SIDER,fedavg_proto,0.5,0,5,200,16,16,0.1,val,client_1,0,76,67,143,True,0.6313825608798115
SIDER,fedavg_proto,0.5,0,5,200,16,16,0.1,val,client_1,1,99,44,143,True,0.5980257116620752
SIDER,fedavg_proto,0.5,0,5,200,16,16,0.1,val,client_1,2,2,141,143,True,0.2872340425531915
SIDER,fedavg_proto,0.5,0,5,200,16,16,0.1,val,client_1,3,85,58,143,True,0.6014198782961461
SIDER,fedavg_proto,0.5,0,5,200,16,16,0.1,val,client_1,4,117,26,143,True,0.6515450361604208
SIDER,fedavg_proto,0.5,0,5,200,16,16,0.1,val,client_1,5,99,44,143,True,0.57277318640955
SIDER,fedavg_proto,0.5,0,5,200,16,16,0.1,val,client_1,6,131,12,143,True,0.83587786259542
SIDER,fedavg_proto,0.5,0,5,200,16,16,0.1,val,client_1,7,20,123,143,True,0.5886178861788618
SIDER,fedavg_proto,0.5,0,5,200,16,16,0.1,val,client_1,8,97,46,143,True,0.628641864634693
SIDER,fedavg_proto,0.5,0,5,200,16,16,0.1,val,client_1,9,71,72,143,True,0.5982003129890454
SIDER,fedavg_proto,0.5,0,5,200,16,16,0.1,val,client_1,10,35,108,143,True,0.5407407407407407
SIDER,fedavg_proto,0.5,0,5,200,16,16,0.1,val,client_1,11,130,13,143,True,0.5189349112426036
SIDER,fedavg_proto,0.5,0,5,200,16,16,0.1,val,client_1,12,37,106,143,True,0.6216216216216216
SIDER,fedavg_proto,0.5,0,5,200,16,16,0.1,val,client_1,13,20,123,143,True,0.5146341463414634
SIDER,fedavg_proto,0.5,0,5,200,16,16,0.1,val,client_1,14,107,36,143,True,0.5589304257528557
SIDER,fedavg_proto,0.5,0,5,200,16,16,0.1,val,client_1,15,94,49,143,True,0.6812852800694746
SIDER,fedavg_proto,0.5,0,5,200,16,16,0.1,val,client_1,16,129,14,143,True,0.6351052048726468
SIDER,fedavg_proto,0.5,0,5,200,16,16,0.1,val,client_1,17,20,123,143,True,0.49552845528455286
SIDER,fedavg_proto,0.5,0,5,200,16,16,0.1,val,client_1,18,104,39,143,True,0.5389546351084813
SIDER,fedavg_proto,0.5,0,5,200,16,16,0.1,val,client_1,19,103,40,143,True,0.5480582524271845
SIDER,fedavg_proto,0.5,0,5,200,16,16,0.1,val,client_1,20,102,41,143,True,0.526781444285031
SIDER,fedavg_proto,0.5,0,5,200,16,16,0.1,val,client_1,21,98,45,143,True,0.6160997732426304
SIDER,fedavg_proto,0.5,0,5,200,16,16,0.1,val,client_1,22,10,133,143,True,0.3744360902255639
SIDER,fedavg_proto,0.5,0,5,200,16,16,0.1,val,client_1,23,64,79,143,True,0.5553797468354431
SIDER,fedavg_proto,0.5,0,5,200,16,16,0.1,val,client_1,24,104,39,143,True,0.5512820512820512
SIDER,fedavg_proto,0.5,0,5,200,16,16,0.1,val,client_1,25,134,9,143,True,0.75787728026534
SIDER,fedavg_proto,0.5,0,5,200,16,16,0.1,val,client_1,26,95,48,143,True,0.5508771929824563
SIDER,fedavg_proto,0.5,0,5,200,16,16,0.1,val,client_2,0,76,67,143,True,0.513157894736842
SIDER,fedavg_proto,0.5,0,5,200,16,16,0.1,val,client_2,1,99,44,143,True,0.560376492194674
SIDER,fedavg_proto,0.5,0,5,200,16,16,0.1,val,client_2,2,2,141,143,True,0.4078014184397163
SIDER,fedavg_proto,0.5,0,5,200,16,16,0.1,val,client_2,3,85,58,143,True,0.5679513184584178
SIDER,fedavg_proto,0.5,0,5,200,16,16,0.1,val,client_2,4,117,26,143,True,0.5009861932938856
SIDER,fedavg_proto,0.5,0,5,200,16,16,0.1,val,client_2,5,99,44,143,True,0.5305325987144169
SIDER,fedavg_proto,0.5,0,5,200,16,16,0.1,val,client_2,6,131,12,143,True,0.6768447837150128
SIDER,fedavg_proto,0.5,0,5,200,16,16,0.1,val,client_2,7,20,123,143,True,0.5691056910569106
SIDER,fedavg_proto,0.5,0,5,200,16,16,0.1,val,client_2,8,97,46,143,True,0.5508740475123263
SIDER,fedavg_proto,0.5,0,5,200,16,16,0.1,val,client_2,9,71,72,143,True,0.5903755868544601
SIDER,fedavg_proto,0.5,0,5,200,16,16,0.1,val,client_2,10,35,108,143,True,0.5298941798941799
SIDER,fedavg_proto,0.5,0,5,200,16,16,0.1,val,client_2,11,130,13,143,True,0.2982248520710059
SIDER,fedavg_proto,0.5,0,5,200,16,16,0.1,val,client_2,12,37,106,143,True,0.6160122386537481
SIDER,fedavg_proto,0.5,0,5,200,16,16,0.1,val,client_2,13,20,123,143,True,0.5093495934959349
SIDER,fedavg_proto,0.5,0,5,200,16,16,0.1,val,client_2,14,107,36,143,True,0.4813084112149532
SIDER,fedavg_proto,0.5,0,5,200,16,16,0.1,val,client_2,15,94,49,143,True,0.6109422492401217
SIDER,fedavg_proto,0.5,0,5,200,16,16,0.1,val,client_2,16,129,14,143,True,0.5913621262458472
SIDER,fedavg_proto,0.5,0,5,200,16,16,0.1,val,client_2,17,20,123,143,True,0.4707317073170731
SIDER,fedavg_proto,0.5,0,5,200,16,16,0.1,val,client_2,18,104,39,143,True,0.5421597633136095
SIDER,fedavg_proto,0.5,0,5,200,16,16,0.1,val,client_2,19,103,40,143,True,0.4616504854368932
SIDER,fedavg_proto,0.5,0,5,200,16,16,0.1,val,client_2,20,102,41,143,True,0.4416547106647537
SIDER,fedavg_proto,0.5,0,5,200,16,16,0.1,val,client_2,21,98,45,143,True,0.5782312925170068
SIDER,fedavg_proto,0.5,0,5,200,16,16,0.1,val,client_2,22,10,133,143,True,0.4571428571428572
SIDER,fedavg_proto,0.5,0,5,200,16,16,0.1,val,client_2,23,64,79,143,True,0.5160205696202532
SIDER,fedavg_proto,0.5,0,5,200,16,16,0.1,val,client_2,24,104,39,143,True,0.5382149901380671
SIDER,fedavg_proto,0.5,0,5,200,16,16,0.1,val,client_2,25,134,9,143,True,0.5522388059701493
SIDER,fedavg_proto,0.5,0,5,200,16,16,0.1,val,client_2,26,95,48,143,True,0.5256578947368421
SIDER,fedavg_proto,0.5,0,5,200,16,16,0.1,val,client_3,0,76,67,143,True,0.5650039277297723
SIDER,fedavg_proto,0.5,0,5,200,16,16,0.1,val,client_3,1,99,44,143,True,0.5828741965105602
SIDER,fedavg_proto,0.5,0,5,200,16,16,0.1,val,client_3,2,2,141,143,True,0.25177304964539005
SIDER,fedavg_proto,0.5,0,5,200,16,16,0.1,val,client_3,3,85,58,143,True,0.5793103448275861
SIDER,fedavg_proto,0.5,0,5,200,16,16,0.1,val,client_3,4,117,26,143,True,0.5973044049967127
SIDER,fedavg_proto,0.5,0,5,200,16,16,0.1,val,client_3,5,99,44,143,True,0.5741505968778696
SIDER,fedavg_proto,0.5,0,5,200,16,16,0.1,val,client_3,6,131,12,143,True,0.7754452926208651
SIDER,fedavg_proto,0.5,0,5,200,16,16,0.1,val,client_3,7,20,123,143,True,0.5495934959349593
SIDER,fedavg_proto,0.5,0,5,200,16,16,0.1,val,client_3,8,97,46,143,True,0.6154190945764232
SIDER,fedavg_proto,0.5,0,5,200,16,16,0.1,val,client_3,9,71,72,143,True,0.6009389671361502
SIDER,fedavg_proto,0.5,0,5,200,16,16,0.1,val,client_3,10,35,108,143,True,0.5333333333333333
SIDER,fedavg_proto,0.5,0,5,200,16,16,0.1,val,client_3,11,130,13,143,True,0.3662721893491124
SIDER,fedavg_proto,0.5,0,5,200,16,16,0.1,val,client_3,12,37,106,143,True,0.6279959204487506
SIDER,fedavg_proto,0.5,0,5,200,16,16,0.1,val,client_3,13,20,123,143,True,0.5304878048780487
SIDER,fedavg_proto,0.5,0,5,200,16,16,0.1,val,client_3,14,107,36,143,True,0.5251817237798546
SIDER,fedavg_proto,0.5,0,5,200,16,16,0.1,val,client_3,15,94,49,143,True,0.6270082501085541
SIDER,fedavg_proto,0.5,0,5,200,16,16,0.1,val,client_3,16,129,14,143,True,0.615171650055371
SIDER,fedavg_proto,0.5,0,5,200,16,16,0.1,val,client_3,17,20,123,143,True,0.563821138211382
SIDER,fedavg_proto,0.5,0,5,200,16,16,0.1,val,client_3,18,104,39,143,True,0.5475838264299804
SIDER,fedavg_proto,0.5,0,5,200,16,16,0.1,val,client_3,19,103,40,143,True,0.5344660194174757
SIDER,fedavg_proto,0.5,0,5,200,16,16,0.1,val,client_3,20,102,41,143,True,0.506934481109517
SIDER,fedavg_proto,0.5,0,5,200,16,16,0.1,val,client_3,21,98,45,143,True,0.5775510204081632
SIDER,fedavg_proto,0.5,0,5,200,16,16,0.1,val,client_3,22,10,133,143,True,0.5345864661654136
SIDER,fedavg_proto,0.5,0,5,200,16,16,0.1,val,client_3,23,64,79,143,True,0.5500395569620253
SIDER,fedavg_proto,0.5,0,5,200,16,16,0.1,val,client_3,24,104,39,143,True,0.5569526627218935
SIDER,fedavg_proto,0.5,0,5,200,16,16,0.1,val,client_3,25,134,9,143,True,0.7031509121061361
SIDER,fedavg_proto,0.5,0,5,200,16,16,0.1,val,client_3,26,95,48,143,True,0.5324561403508772
SIDER,fedavg_proto,0.5,0,5,200,16,16,0.1,test,server,0,72,71,143,True,0.6322378716744913
SIDER,fedavg_proto,0.5,0,5,200,16,16,0.1,test,server,1,105,38,143,True,0.5699248120300752
SIDER,fedavg_proto,0.5,0,5,200,16,16,0.1,test,server,2,5,138,143,True,0.38405797101449274
SIDER,fedavg_proto,0.5,0,5,200,16,16,0.1,test,server,3,90,53,143,True,0.5851153039832285
SIDER,fedavg_proto,0.5,0,5,200,16,16,0.1,test,server,4,118,25,143,True,0.567457627118644
SIDER,fedavg_proto,0.5,0,5,200,16,16,0.1,test,server,5,104,39,143,True,0.6045364891518739
SIDER,fedavg_proto,0.5,0,5,200,16,16,0.1,test,server,6,134,9,143,True,0.765339966832504
SIDER,fedavg_proto,0.5,0,5,200,16,16,0.1,test,server,7,24,119,143,True,0.6193977591036415
SIDER,fedavg_proto,0.5,0,5,200,16,16,0.1,test,server,8,91,52,143,True,0.5462806424344886
SIDER,fedavg_proto,0.5,0,5,200,16,16,0.1,test,server,9,74,69,143,True,0.6603995299647474
SIDER,fedavg_proto,0.5,0,5,200,16,16,0.1,test,server,10,39,104,143,True,0.5850591715976332
SIDER,fedavg_proto,0.5,0,5,200,16,16,0.1,test,server,11,130,13,143,True,0.5272189349112426
SIDER,fedavg_proto,0.5,0,5,200,16,16,0.1,test,server,12,33,110,143,True,0.6107438016528925
SIDER,fedavg_proto,0.5,0,5,200,16,16,0.1,test,server,13,20,123,143,True,0.6276422764227642
SIDER,fedavg_proto,0.5,0,5,200,16,16,0.1,test,server,14,113,30,143,True,0.5696165191740413
SIDER,fedavg_proto,0.5,0,5,200,16,16,0.1,test,server,15,83,60,143,True,0.6287148594377511
SIDER,fedavg_proto,0.5,0,5,200,16,16,0.1,test,server,16,131,12,143,True,0.7302798982188294
SIDER,fedavg_proto,0.5,0,5,200,16,16,0.1,test,server,17,30,113,143,True,0.4678466076696165
SIDER,fedavg_proto,0.5,0,5,200,16,16,0.1,test,server,18,109,34,143,True,0.5326497571505666
SIDER,fedavg_proto,0.5,0,5,200,16,16,0.1,test,server,19,104,39,143,True,0.6025641025641025
SIDER,fedavg_proto,0.5,0,5,200,16,16,0.1,test,server,20,102,41,143,True,0.6001912960306074
SIDER,fedavg_proto,0.5,0,5,200,16,16,0.1,test,server,21,98,45,143,True,0.6065759637188208
SIDER,fedavg_proto,0.5,0,5,200,16,16,0.1,test,server,22,14,129,143,True,0.5138427464008859
SIDER,fedavg_proto,0.5,0,5,200,16,16,0.1,test,server,23,60,83,143,True,0.545582329317269
SIDER,fedavg_proto,0.5,0,5,200,16,16,0.1,test,server,24,98,45,143,True,0.5927437641723357
SIDER,fedavg_proto,0.5,0,5,200,16,16,0.1,test,server,25,132,11,143,True,0.7520661157024793
SIDER,fedavg_proto,0.5,0,5,200,16,16,0.1,test,server,26,101,42,143,True,0.5777934936350778
SIDER,fedavg_proto,0.5,0,5,200,16,16,0.1,test,client_0,0,72,71,143,True,0.6562989045383412
SIDER,fedavg_proto,0.5,0,5,200,16,16,0.1,test,client_0,1,105,38,143,True,0.5706766917293232
SIDER,fedavg_proto,0.5,0,5,200,16,16,0.1,test,client_0,2,5,138,143,True,0.3826086956521739
SIDER,fedavg_proto,0.5,0,5,200,16,16,0.1,test,client_0,3,90,53,143,True,0.5102725366876311
SIDER,fedavg_proto,0.5,0,5,200,16,16,0.1,test,client_0,4,118,25,143,True,0.648135593220339
SIDER,fedavg_proto,0.5,0,5,200,16,16,0.1,test,client_0,5,104,39,143,True,0.5865384615384615
SIDER,fedavg_proto,0.5,0,5,200,16,16,0.1,test,client_0,6,134,9,143,True,0.7661691542288557
SIDER,fedavg_proto,0.5,0,5,200,16,16,0.1,test,client_0,7,24,119,143,True,0.5763305322128851
SIDER,fedavg_proto,0.5,0,5,200,16,16,0.1,test,client_0,8,91,52,143,True,0.558748943364328
SIDER,fedavg_proto,0.5,0,5,200,16,16,0.1,test,client_0,9,74,69,143,True,0.6239717978848414
SIDER,fedavg_proto,0.5,0,5,200,16,16,0.1,test,client_0,10,39,104,143,True,0.5961538461538461
SIDER,fedavg_proto,0.5,0,5,200,16,16,0.1,test,client_0,11,130,13,143,True,0.5633136094674556
SIDER,fedavg_proto,0.5,0,5,200,16,16,0.1,test,client_0,12,33,110,143,True,0.46969696969696967
SIDER,fedavg_proto,0.5,0,5,200,16,16,0.1,test,client_0,13,20,123,143,True,0.6004065040650406
SIDER,fedavg_proto,0.5,0,5,200,16,16,0.1,test,client_0,14,113,30,143,True,0.5168141592920354
SIDER,fedavg_proto,0.5,0,5,200,16,16,0.1,test,client_0,15,83,60,143,True,0.6271084337349397
SIDER,fedavg_proto,0.5,0,5,200,16,16,0.1,test,client_0,16,131,12,143,True,0.7754452926208651
SIDER,fedavg_proto,0.5,0,5,200,16,16,0.1,test,client_0,17,30,113,143,True,0.4533923303834808
SIDER,fedavg_proto,0.5,0,5,200,16,16,0.1,test,client_0,18,109,34,143,True,0.525364274150027
SIDER,fedavg_proto,0.5,0,5,200,16,16,0.1,test,client_0,19,104,39,143,True,0.5781558185404339
SIDER,fedavg_proto,0.5,0,5,200,16,16,0.1,test,client_0,20,102,41,143,True,0.5686274509803921
SIDER,fedavg_proto,0.5,0,5,200,16,16,0.1,test,client_0,21,98,45,143,True,0.5918367346938775
SIDER,fedavg_proto,0.5,0,5,200,16,16,0.1,test,client_0,22,14,129,143,True,0.3815060908084164
SIDER,fedavg_proto,0.5,0,5,200,16,16,0.1,test,client_0,23,60,83,143,True,0.5204819277108433
SIDER,fedavg_proto,0.5,0,5,200,16,16,0.1,test,client_0,24,98,45,143,True,0.5403628117913832
SIDER,fedavg_proto,0.5,0,5,200,16,16,0.1,test,client_0,25,132,11,143,True,0.7858126721763086
SIDER,fedavg_proto,0.5,0,5,200,16,16,0.1,test,client_0,26,101,42,143,True,0.5707213578500706
SIDER,fedavg_proto,0.5,0,5,200,16,16,0.1,test,client_1,0,72,71,143,True,0.6285211267605634
SIDER,fedavg_proto,0.5,0,5,200,16,16,0.1,test,client_1,1,105,38,143,True,0.5716791979949873
SIDER,fedavg_proto,0.5,0,5,200,16,16,0.1,test,client_1,2,5,138,143,True,0.37971014492753624
SIDER,fedavg_proto,0.5,0,5,200,16,16,0.1,test,client_1,3,90,53,143,True,0.5880503144654088
SIDER,fedavg_proto,0.5,0,5,200,16,16,0.1,test,client_1,4,118,25,143,True,0.5745762711864406
SIDER,fedavg_proto,0.5,0,5,200,16,16,0.1,test,client_1,5,104,39,143,True,0.6227810650887574
SIDER,fedavg_proto,0.5,0,5,200,16,16,0.1,test,client_1,6,134,9,143,True,0.8101160862354893
SIDER,fedavg_proto,0.5,0,5,200,16,16,0.1,test,client_1,7,24,119,143,True,0.6274509803921569
SIDER,fedavg_proto,0.5,0,5,200,16,16,0.1,test,client_1,8,91,52,143,True,0.5566356720202874
SIDER,fedavg_proto,0.5,0,5,200,16,16,0.1,test,client_1,9,74,69,143,True,0.6613787700744223
SIDER,fedavg_proto,0.5,0,5,200,16,16,0.1,test,client_1,10,39,104,143,True,0.5968934911242603
SIDER,fedavg_proto,0.5,0,5,200,16,16,0.1,test,client_1,11,130,13,143,True,0.5396449704142012
SIDER,fedavg_proto,0.5,0,5,200,16,16,0.1,test,client_1,12,33,110,143,True,0.5928374655647383
SIDER,fedavg_proto,0.5,0,5,200,16,16,0.1,test,client_1,13,20,123,143,True,0.6065040650406504
SIDER,fedavg_proto,0.5,0,5,200,16,16,0.1,test,client_1,14,113,30,143,True,0.6032448377581121
SIDER,fedavg_proto,0.5,0,5,200,16,16,0.1,test,client_1,15,83,60,143,True,0.6134538152610443
SIDER,fedavg_proto,0.5,0,5,200,16,16,0.1,test,client_1,16,131,12,143,True,0.744910941475827
SIDER,fedavg_proto,0.5,0,5,200,16,16,0.1,test,client_1,17,30,113,143,True,0.4607669616519174
SIDER,fedavg_proto,0.5,0,5,200,16,16,0.1,test,client_1,18,109,34,143,True,0.5313005936319481
SIDER,fedavg_proto,0.5,0,5,200,16,16,0.1,test,client_1,19,104,39,143,True,0.6042899408284024
SIDER,fedavg_proto,0.5,0,5,200,16,16,0.1,test,client_1,20,102,41,143,True,0.6013868962219033
SIDER,fedavg_proto,0.5,0,5,200,16,16,0.1,test,client_1,21,98,45,143,True,0.5909297052154195
SIDER,fedavg_proto,0.5,0,5,200,16,16,0.1,test,client_1,22,14,129,143,True,0.6040974529346622
SIDER,fedavg_proto,0.5,0,5,200,16,16,0.1,test,client_1,23,60,83,143,True,0.5423694779116466
SIDER,fedavg_proto,0.5,0,5,200,16,16,0.1,test,client_1,24,98,45,143,True,0.5927437641723358
SIDER,fedavg_proto,0.5,0,5,200,16,16,0.1,test,client_1,25,132,11,143,True,0.7603305785123966
SIDER,fedavg_proto,0.5,0,5,200,16,16,0.1,test,client_1,26,101,42,143,True,0.5716643092880718
SIDER,fedavg_proto,0.5,0,5,200,16,16,0.1,test,client_2,0,72,71,143,True,0.54518779342723
SIDER,fedavg_proto,0.5,0,5,200,16,16,0.1,test,client_2,1,105,38,143,True,0.524812030075188
SIDER,fedavg_proto,0.5,0,5,200,16,16,0.1,test,client_2,2,5,138,143,True,0.4318840579710145
SIDER,fedavg_proto,0.5,0,5,200,16,16,0.1,test,client_2,3,90,53,143,True,0.5886792452830188
SIDER,fedavg_proto,0.5,0,5,200,16,16,0.1,test,client_2,4,118,25,143,True,0.4603389830508474
SIDER,fedavg_proto,0.5,0,5,200,16,16,0.1,test,client_2,5,104,39,143,True,0.5268737672583828
SIDER,fedavg_proto,0.5,0,5,200,16,16,0.1,test,client_2,6,134,9,143,True,0.5505804311774462
SIDER,fedavg_proto,0.5,0,5,200,16,16,0.1,test,client_2,7,24,119,143,True,0.5770308123249299
SIDER,fedavg_proto,0.5,0,5,200,16,16,0.1,test,client_2,8,91,52,143,True,0.5150042265426881
SIDER,fedavg_proto,0.5,0,5,200,16,16,0.1,test,client_2,9,74,69,143,True,0.6075205640423031
SIDER,fedavg_proto,0.5,0,5,200,16,16,0.1,test,client_2,10,39,104,143,True,0.5515285996055227
SIDER,fedavg_proto,0.5,0,5,200,16,16,0.1,test,client_2,11,130,13,143,True,0.4751479289940828
SIDER,fedavg_proto,0.5,0,5,200,16,16,0.1,test,client_2,12,33,110,143,True,0.6523415977961433
SIDER,fedavg_proto,0.5,0,5,200,16,16,0.1,test,client_2,13,20,123,143,True,0.6040650406504066
SIDER,fedavg_proto,0.5,0,5,200,16,16,0.1,test,client_2,14,113,30,143,True,0.5185840707964602
SIDER,fedavg_proto,0.5,0,5,200,16,16,0.1,test,client_2,15,83,60,143,True,0.55
SIDER,fedavg_proto,0.5,0,5,200,16,16,0.1,test,client_2,16,131,12,143,True,0.6520356234096691
SIDER,fedavg_proto,0.5,0,5,200,16,16,0.1,test,client_2,17,30,113,143,True,0.5162241887905605
SIDER,fedavg_proto,0.5,0,5,200,16,16,0.1,test,client_2,18,109,34,143,True,0.5461413923367512
SIDER,fedavg_proto,0.5,0,5,200,16,16,0.1,test,client_2,19,104,39,143,True,0.5784023668639052
SIDER,fedavg_proto,0.5,0,5,200,16,16,0.1,test,client_2,20,102,41,143,True,0.5521281683405069
SIDER,fedavg_proto,0.5,0,5,200,16,16,0.1,test,client_2,21,98,45,143,True,0.5653061224489796
SIDER,fedavg_proto,0.5,0,5,200,16,16,0.1,test,client_2,22,14,129,143,True,0.5636766334440754
SIDER,fedavg_proto,0.5,0,5,200,16,16,0.1,test,client_2,23,60,83,143,True,0.5357429718875503
SIDER,fedavg_proto,0.5,0,5,200,16,16,0.1,test,client_2,24,98,45,143,True,0.5421768707482992
SIDER,fedavg_proto,0.5,0,5,200,16,16,0.1,test,client_2,25,132,11,143,True,0.6549586776859504
SIDER,fedavg_proto,0.5,0,5,200,16,16,0.1,test,client_2,26,101,42,143,True,0.49363507779349364
SIDER,fedavg_proto,0.5,0,5,200,16,16,0.1,test,client_3,0,72,71,143,True,0.5917449139280125
SIDER,fedavg_proto,0.5,0,5,200,16,16,0.1,test,client_3,1,105,38,143,True,0.575187969924812
SIDER,fedavg_proto,0.5,0,5,200,16,16,0.1,test,client_3,2,5,138,143,True,0.36376811594202896
SIDER,fedavg_proto,0.5,0,5,200,16,16,0.1,test,client_3,3,90,53,143,True,0.6046121593291404
SIDER,fedavg_proto,0.5,0,5,200,16,16,0.1,test,client_3,4,118,25,143,True,0.5664406779661018
SIDER,fedavg_proto,0.5,0,5,200,16,16,0.1,test,client_3,5,104,39,143,True,0.5894970414201184
SIDER,fedavg_proto,0.5,0,5,200,16,16,0.1,test,client_3,6,134,9,143,True,0.6940298507462688
SIDER,fedavg_proto,0.5,0,5,200,16,16,0.1,test,client_3,7,24,119,143,True,0.5917366946778712
SIDER,fedavg_proto,0.5,0,5,200,16,16,0.1,test,client_3,8,91,52,143,True,0.5336010143702451
SIDER,fedavg_proto,0.5,0,5,200,16,16,0.1,test,client_3,9,74,69,143,True,0.6508029768899335
SIDER,fedavg_proto,0.5,0,5,200,16,16,0.1,test,client_3,10,39,104,143,True,0.5608974358974359
SIDER,fedavg_proto,0.5,0,5,200,16,16,0.1,test,client_3,11,130,13,143,True,0.5467455621301776
SIDER,fedavg_proto,0.5,0,5,200,16,16,0.1,test,client_3,12,33,110,143,True,0.6022038567493113
SIDER,fedavg_proto,0.5,0,5,200,16,16,0.1,test,client_3,13,20,123,143,True,0.6410569105691057
SIDER,fedavg_proto,0.5,0,5,200,16,16,0.1,test,client_3,14,113,30,143,True,0.5722713864306784
SIDER,fedavg_proto,0.5,0,5,200,16,16,0.1,test,client_3,15,83,60,143,True,0.5889558232931728
SIDER,fedavg_proto,0.5,0,5,200,16,16,0.1,test,client_3,16,131,12,143,True,0.7194656488549618
SIDER,fedavg_proto,0.5,0,5,200,16,16,0.1,test,client_3,17,30,113,143,True,0.4902654867256637
SIDER,fedavg_proto,0.5,0,5,200,16,16,0.1,test,client_3,18,109,34,143,True,0.5555855369670804
SIDER,fedavg_proto,0.5,0,5,200,16,16,0.1,test,client_3,19,104,39,143,True,0.6272189349112426
SIDER,fedavg_proto,0.5,0,5,200,16,16,0.1,test,client_3,20,102,41,143,True,0.5698230511716882
SIDER,fedavg_proto,0.5,0,5,200,16,16,0.1,test,client_3,21,98,45,143,True,0.6238095238095238
SIDER,fedavg_proto,0.5,0,5,200,16,16,0.1,test,client_3,22,14,129,143,True,0.5326688815060907
SIDER,fedavg_proto,0.5,0,5,200,16,16,0.1,test,client_3,23,60,83,143,True,0.5632530120481928
SIDER,fedavg_proto,0.5,0,5,200,16,16,0.1,test,client_3,24,98,45,143,True,0.6117913832199546
SIDER,fedavg_proto,0.5,0,5,200,16,16,0.1,test,client_3,25,132,11,143,True,0.6776859504132232
SIDER,fedavg_proto,0.5,0,5,200,16,16,0.1,test,client_3,26,101,42,143,True,0.5424328147100423
SIDER,fedavg_proto,0.5,0,6,200,16,16,0.1,val,server,0,76,67,143,True,0.6040848389630793
SIDER,fedavg_proto,0.5,0,6,200,16,16,0.1,val,server,1,99,44,143,True,0.6076675849403123
SIDER,fedavg_proto,0.5,0,6,200,16,16,0.1,val,server,2,2,141,143,True,0.4929078014184397
SIDER,fedavg_proto,0.5,0,6,200,16,16,0.1,val,server,3,85,58,143,True,0.6
SIDER,fedavg_proto,0.5,0,6,200,16,16,0.1,val,server,4,117,26,143,True,0.6291913214990139
SIDER,fedavg_proto,0.5,0,6,200,16,16,0.1,val,server,5,99,44,143,True,0.570018365472911
SIDER,fedavg_proto,0.5,0,6,200,16,16,0.1,val,server,6,131,12,143,True,0.8097964376590331
SIDER,fedavg_proto,0.5,0,6,200,16,16,0.1,val,server,7,20,123,143,True,0.6162601626016261
SIDER,fedavg_proto,0.5,0,6,200,16,16,0.1,val,server,8,97,46,143,True,0.6172120125504258
SIDER,fedavg_proto,0.5,0,6,200,16,16,0.1,val,server,9,71,72,143,True,0.6066118935837245
SIDER,fedavg_proto,0.5,0,6,200,16,16,0.1,val,server,10,35,108,143,True,0.5412698412698412
SIDER,fedavg_proto,0.5,0,6,200,16,16,0.1,val,server,11,130,13,143,True,0.4757396449704142
SIDER,fedavg_proto,0.5,0,6,200,16,16,0.1,val,server,12,37,106,143,True,0.6415094339622642
SIDER,fedavg_proto,0.5,0,6,200,16,16,0.1,val,server,13,20,123,143,True,0.6008130081300813
SIDER,fedavg_proto,0.5,0,6,200,16,16,0.1,val,server,14,107,36,143,True,0.5594496365524403
SIDER,fedavg_proto,0.5,0,6,200,16,16,0.1,val,server,15,94,49,143,True,0.6806339557099436
SIDER,fedavg_proto,0.5,0,6,200,16,16,0.1,val,server,16,129,14,143,True,0.627906976744186
SIDER,fedavg_proto,0.5,0,6,200,16,16,0.1,val,server,17,20,123,143,True,0.5560975609756098
SIDER,fedavg_proto,0.5,0,6,200,16,16,0.1,val,server,18,104,39,143,True,0.5377218934911243
SIDER,fedavg_proto,0.5,0,6,200,16,16,0.1,val,server,19,103,40,143,True,0.5563106796116505
SIDER,fedavg_proto,0.5,0,6,200,16,16,0.1,val,server,20,102,41,143,True,0.5286944045911047
SIDER,fedavg_proto,0.5,0,6,200,16,16,0.1,val,server,21,98,45,143,True,0.610204081632653
SIDER,fedavg_proto,0.5,0,6,200,16,16,0.1,val,server,22,10,133,143,True,0.5556390977443609
SIDER,fedavg_proto,0.5,0,6,200,16,16,0.1,val,server,23,64,79,143,True,0.5634889240506329
SIDER,fedavg_proto,0.5,0,6,200,16,16,0.1,val,server,24,104,39,143,True,0.5613905325443787
SIDER,fedavg_proto,0.5,0,6,200,16,16,0.1,val,server,25,134,9,143,True,0.730514096185738
SIDER,fedavg_proto,0.5,0,6,200,16,16,0.1,val,server,26,95,48,143,True,0.5581140350877194
SIDER,fedavg_proto,0.5,0,6,200,16,16,0.1,val,client_0,0,76,67,143,True,0.6673212882953653
SIDER,fedavg_proto,0.5,0,6,200,16,16,0.1,val,client_0,1,99,44,143,True,0.6457759412304866
SIDER,fedavg_proto,0.5,0,6,200,16,16,0.1,val,client_0,2,2,141,143,True,0.19148936170212766
SIDER,fedavg_proto,0.5,0,6,200,16,16,0.1,val,client_0,3,85,58,143,True,0.6261663286004056
SIDER,fedavg_proto,0.5,0,6,200,16,16,0.1,val,client_0,4,117,26,143,True,0.7593688362919131
SIDER,fedavg_proto,0.5,0,6,200,16,16,0.1,val,client_0,5,99,44,143,True,0.6315426997245179
SIDER,fedavg_proto,0.5,0,6,200,16,16,0.1,val,client_0,6,131,12,143,True,0.8059796437659034
SIDER,fedavg_proto,0.5,0,6,200,16,16,0.1,val,client_0,7,20,123,143,True,0.6166666666666667
SIDER,fedavg_proto,0.5,0,6,200,16,16,0.1,val,client_0,8,97,46,143,True,0.6577767817122367
SIDER,fedavg_proto,0.5,0,6,200,16,16,0.1,val,client_0,9,71,72,143,True,0.6185446009389671
SIDER,fedavg_proto,0.5,0,6,200,16,16,0.1,val,client_0,10,35,108,143,True,0.5592592592592592
SIDER,fedavg_proto,0.5,0,6,200,16,16,0.1,val,client_0,11,130,13,143,True,0.6218934911242604
SIDER,fedavg_proto,0.5,0,6,200,16,16,0.1,val,client_0,12,37,106,143,True,0.5874553799082101
SIDER,fedavg_proto,0.5,0,6,200,16,16,0.1,val,client_0,13,20,123,143,True,0.6459349593495934
SIDER,fedavg_proto,0.5,0,6,200,16,16,0.1,val,client_0,14,107,36,143,True,0.6131879543094496
SIDER,fedavg_proto,0.5,0,6,200,16,16,0.1,val,client_0,15,94,49,143,True,0.7372991749891447
SIDER,fedavg_proto,0.5,0,6,200,16,16,0.1,val,client_0,16,129,14,143,True,0.7081949058693244
SIDER,fedavg_proto,0.5,0,6,200,16,16,0.1,val,client_0,17,20,123,143,True,0.6191056910569106
SIDER,fedavg_proto,0.5,0,6,200,16,16,0.1,val,client_0,18,104,39,143,True,0.5305719921104537
SIDER,fedavg_proto,0.5,0,6,200,16,16,0.1,val,client_0,19,103,40,143,True,0.6296116504854369
SIDER,fedavg_proto,0.5,0,6,200,16,16,0.1,val,client_0,20,102,41,143,True,0.6432329029172644
SIDER,fedavg_proto,0.5,0,6,200,16,16,0.1,val,client_0,21,98,45,143,True,0.6131519274376417
SIDER,fedavg_proto,0.5,0,6,200,16,16,0.1,val,client_0,22,10,133,143,True,0.5353383458646617
SIDER,fedavg_proto,0.5,0,6,200,16,16,0.1,val,client_0,23,64,79,143,True,0.6042325949367089
SIDER,fedavg_proto,0.5,0,6,200,16,16,0.1,val,client_0,24,104,39,143,True,0.5875246548323472
SIDER,fedavg_proto,0.5,0,6,200,16,16,0.1,val,client_0,25,134,9,143,True,0.8640132669983416
SIDER,fedavg_proto,0.5,0,6,200,16,16,0.1,val,client_0,26,95,48,143,True,0.6048245614035088
SIDER,fedavg_proto,0.5,0,6,200,16,16,0.1,val,client_1,0,76,67,143,True,0.639238020424195
SIDER,fedavg_proto,0.5,0,6,200,16,16,0.1,val,client_1,1,99,44,143,True,0.6101928374655647
SIDER,fedavg_proto,0.5,0,6,200,16,16,0.1,val,client_1,2,2,141,143,True,0.41843971631205673
SIDER,fedavg_proto,0.5,0,6,200,16,16,0.1,val,client_1,3,85,58,143,True,0.6004056795131846
SIDER,fedavg_proto,0.5,0,6,200,16,16,0.1,val,client_1,4,117,26,143,True,0.6528599605522681
SIDER,fedavg_proto,0.5,0,6,200,16,16,0.1,val,client_1,5,99,44,143,True,0.5697887970615243
SIDER,fedavg_proto,0.5,0,6,200,16,16,0.1,val,client_1,6,131,12,143,True,0.8346055979643767
SIDER,fedavg_proto,0.5,0,6,200,16,16,0.1,val,client_1,7,20,123,143,True,0.6117886178861789
SIDER,fedavg_proto,0.5,0,6,200,16,16,0.1,val,client_1,8,97,46,143,True,0.6281936351411923
SIDER,fedavg_proto,0.5,0,6,200,16,16,0.1,val,client_1,9,71,72,143,True,0.6038732394366197
SIDER,fedavg_proto,0.5,0,6,200,16,16,0.1,val,client_1,10,35,108,143,True,0.5439153439153439
SIDER,fedavg_proto,0.5,0,6,200,16,16,0.1,val,client_1,11,130,13,143,True,0.5479289940828402
SIDER,fedavg_proto,0.5,0,6,200,16,16,0.1,val,client_1,12,37,106,143,True,0.6177970423253444
SIDER,fedavg_proto,0.5,0,6,200,16,16,0.1,val,client_1,13,20,123,143,True,0.5764227642276423
SIDER,fedavg_proto,0.5,0,6,200,16,16,0.1,val,client_1,14,107,36,143,True,0.5695742471443407
SIDER,fedavg_proto,0.5,0,6,200,16,16,0.1,val,client_1,15,94,49,143,True,0.6904038211029093
SIDER,fedavg_proto,0.5,0,6,200,16,16,0.1,val,client_1,16,129,14,143,True,0.6417497231450721
SIDER,fedavg_proto,0.5,0,6,200,16,16,0.1,val,client_1,17,20,123,143,True,0.532520325203252
SIDER,fedavg_proto,0.5,0,6,200,16,16,0.1,val,client_1,18,104,39,143,True,0.534516765285996
SIDER,fedavg_proto,0.5,0,6,200,16,16,0.1,val,client_1,19,103,40,143,True,0.5526699029126214
SIDER,fedavg_proto,0.5,0,6,200,16,16,0.1,val,client_1,20,102,41,143,True,0.5435198469631755
SIDER,fedavg_proto,0.5,0,6,200,16,16,0.1,val,client_1,21,98,45,143,True,0.6222222222222221
SIDER,fedavg_proto,0.5,0,6,200,16,16,0.1,val,client_1,22,10,133,143,True,0.44511278195488724
SIDER,fedavg_proto,0.5,0,6,200,16,16,0.1,val,client_1,23,64,79,143,True,0.5561708860759493
SIDER,fedavg_proto,0.5,0,6,200,16,16,0.1,val,client_1,24,104,39,143,True,0.5564595660749507
SIDER,fedavg_proto,0.5,0,6,200,16,16,0.1,val,client_1,25,134,9,143,True,0.767827529021559
SIDER,fedavg_proto,0.5,0,6,200,16,16,0.1,val,client_1,26,95,48,143,True,0.5532894736842104
SIDER,fedavg_proto,0.5,0,6,200,16,16,0.1,val,client_2,0,76,67,143,True,0.5145326001571092
SIDER,fedavg_proto,0.5,0,6,200,16,16,0.1,val,client_2,1,99,44,143,True,0.547979797979798
SIDER,fedavg_proto,0.5,0,6,200,16,16,0.1,val,client_2,2,2,141,143,True,0.5638297872340425
SIDER,fedavg_proto,0.5,0,6,200,16,16,0.1,val,client_2,3,85,58,143,True,0.578498985801217
SIDER,fedavg_proto,0.5,0,6,200,16,16,0.1,val,client_2,4,117,26,143,True,0.4809335963182117
SIDER,fedavg_proto,0.5,0,6,200,16,16,0.1,val,client_2,5,99,44,143,True,0.5103305785123967
SIDER,fedavg_proto,0.5,0,6,200,16,16,0.1,val,client_2,6,131,12,143,True,0.6800254452926209
SIDER,fedavg_proto,0.5,0,6,200,16,16,0.1,val,client_2,7,20,123,143,True,0.5776422764227642
SIDER,fedavg_proto,0.5,0,6,200,16,16,0.1,val,client_2,8,97,46,143,True,0.5206185567010309
SIDER,fedavg_proto,0.5,0,6,200,16,16,0.1,val,client_2,9,71,72,143,True,0.5901799687010956
SIDER,fedavg_proto,0.5,0,6,200,16,16,0.1,val,client_2,10,35,108,143,True,0.5283068783068783
SIDER,fedavg_proto,0.5,0,6,200,16,16,0.1,val,client_2,11,130,13,143,True,0.31479289940828403
SIDER,fedavg_proto,0.5,0,6,200,16,16,0.1,val,client_2,12,37,106,143,True,0.6167771545130036
SIDER,fedavg_proto,0.5,0,6,200,16,16,0.1,val,client_2,13,20,123,143,True,0.5532520325203253
SIDER,fedavg_proto,0.5,0,6,200,16,16,0.1,val,client_2,14,107,36,143,True,0.47897196261682234
SIDER,fedavg_proto,0.5,0,6,200,16,16,0.1,val,client_2,15,94,49,143,True,0.5996526270082502
SIDER,fedavg_proto,0.5,0,6,200,16,16,0.1,val,client_2,16,129,14,143,True,0.5836101882613511
SIDER,fedavg_proto,0.5,0,6,200,16,16,0.1,val,client_2,17,20,123,143,True,0.5191056910569105
SIDER,fedavg_proto,0.5,0,6,200,16,16,0.1,val,client_2,18,104,39,143,True,0.5345167652859961
SIDER,fedavg_proto,0.5,0,6,200,16,16,0.1,val,client_2,19,103,40,143,True,0.46067961165048543
SIDER,fedavg_proto,0.5,0,6,200,16,16,0.1,val,client_2,20,102,41,143,True,0.46078431372549017
SIDER,fedavg_proto,0.5,0,6,200,16,16,0.1,val,client_2,21,98,45,143,True,0.5755102040816326
SIDER,fedavg_proto,0.5,0,6,200,16,16,0.1,val,client_2,22,10,133,143,True,0.5969924812030075
SIDER,fedavg_proto,0.5,0,6,200,16,16,0.1,val,client_2,23,64,79,143,True,0.5181962025316456
SIDER,fedavg_proto,0.5,0,6,200,16,16,0.1,val,client_2,24,104,39,143,True,0.5616370808678501
SIDER,fedavg_proto,0.5,0,6,200,16,16,0.1,val,client_2,25,134,9,143,True,0.5497512437810945
SIDER,fedavg_proto,0.5,0,6,200,16,16,0.1,val,client_2,26,95,48,143,True,0.5366228070175438
SIDER,fedavg_proto,0.5,0,6,200,16,16,0.1,val,client_3,0,76,67,143,True,0.5642183817753339
SIDER,fedavg_proto,0.5,0,6,200,16,16,0.1,val,client_3,1,99,44,143,True,0.5844811753902663
SIDER,fedavg_proto,0.5,0,6,200,16,16,0.1,val,client_3,2,2,141,143,True,0.3297872340425532
SIDER,fedavg_proto,0.5,0,6,200,16,16,0.1,val,client_3,3,85,58,143,True,0.5908722109533469
SIDER,fedavg_proto,0.5,0,6,200,16,16,0.1,val,client_3,4,117,26,143,True,0.598948060486522
SIDER,fedavg_proto,0.5,0,6,200,16,16,0.1,val,client_3,5,99,44,143,True,0.5713957759412305
SIDER,fedavg_proto,0.5,0,6,200,16,16,0.1,val,client_3,6,131,12,143,True,0.7792620865139949
SIDER,fedavg_proto,0.5,0,6,200,16,16,0.1,val,client_3,7,20,123,143,True,0.5638211382113821
SIDER,fedavg_proto,0.5,0,6,200,16,16,0.1,val,client_3,8,97,46,143,True,0.6149708650829225
SIDER,fedavg_proto,0.5,0,6,200,16,16,0.1,val,client_3,9,71,72,143,True,0.6011345852895148
SIDER,fedavg_proto,0.5,0,6,200,16,16,0.1,val,client_3,10,35,108,143,True,0.5378306878306879
SIDER,fedavg_proto,0.5,0,6,200,16,16,0.1,val,client_3,11,130,13,143,True,0.38402366863905324
SIDER,fedavg_proto,0.5,0,6,200,16,16,0.1,val,client_3,12,37,106,143,True,0.6216216216216216
SIDER,fedavg_proto,0.5,0,6,200,16,16,0.1,val,client_3,13,20,123,143,True,0.552439024390244
SIDER,fedavg_proto,0.5,0,6,200,16,16,0.1,val,client_3,14,107,36,143,True,0.5267393561786086
SIDER,fedavg_proto,0.5,0,6,200,16,16,0.1,val,client_3,15,94,49,143,True,0.6276595744680851
SIDER,fedavg_proto,0.5,0,6,200,16,16,0.1,val,client_3,16,129,14,143,True,0.6096345514950167
SIDER,fedavg_proto,0.5,0,6,200,16,16,0.1,val,client_3,17,20,123,143,True,0.5804878048780489
SIDER,fedavg_proto,0.5,0,6,200,16,16,0.1,val,client_3,18,104,39,143,True,0.5431459566074951
SIDER,fedavg_proto,0.5,0,6,200,16,16,0.1,val,client_3,19,103,40,143,True,0.5337378640776699
SIDER,fedavg_proto,0.5,0,6,200,16,16,0.1,val,client_3,20,102,41,143,True,0.5095648015303682
SIDER,fedavg_proto,0.5,0,6,200,16,16,0.1,val,client_3,21,98,45,143,True,0.5802721088435374
SIDER,fedavg_proto,0.5,0,6,200,16,16,0.1,val,client_3,22,10,133,143,True,0.5849624060150376
SIDER,fedavg_proto,0.5,0,6,200,16,16,0.1,val,client_3,23,64,79,143,True,0.5524129746835443
SIDER,fedavg_proto,0.5,0,6,200,16,16,0.1,val,client_3,24,104,39,143,True,0.5576923076923077
SIDER,fedavg_proto,0.5,0,6,200,16,16,0.1,val,client_3,25,134,9,143,True,0.6998341625207297
SIDER,fedavg_proto,0.5,0,6,200,16,16,0.1,val,client_3,26,95,48,143,True,0.5364035087719299
SIDER,fedavg_proto,0.5,0,6,200,16,16,0.1,test,server,0,72,71,143,True,0.6224569640062597
SIDER,fedavg_proto,0.5,0,6,200,16,16,0.1,test,server,1,105,38,143,True,0.556641604010025
SIDER,fedavg_proto,0.5,0,6,200,16,16,0.1,test,server,2,5,138,143,True,0.40869565217391307
SIDER,fedavg_proto,0.5,0,6,200,16,16,0.1,test,server,3,90,53,143,True,0.569811320754717
SIDER,fedavg_proto,0.5,0,6,200,16,16,0.1,test,server,4,118,25,143,True,0.5623728813559322
SIDER,fedavg_proto,0.5,0,6,200,16,16,0.1,test,server,5,104,39,143,True,0.6072485207100592
SIDER,fedavg_proto,0.5,0,6,200,16,16,0.1,test,server,6,134,9,143,True,0.7728026533996682
SIDER,fedavg_proto,0.5,0,6,200,16,16,0.1,test,server,7,24,119,143,True,0.6274509803921569
SIDER,fedavg_proto,0.5,0,6,200,16,16,0.1,test,server,8,91,52,143,True,0.5515638207945901
SIDER,fedavg_proto,0.5,0,6,200,16,16,0.1,test,server,9,74,69,143,True,0.6453192322757542
SIDER,fedavg_proto,0.5,0,6,200,16,16,0.1,test,server,10,39,104,143,True,0.5912228796844181
SIDER,fedavg_proto,0.5,0,6,200,16,16,0.1,test,server,11,130,13,143,True,0.521301775147929
SIDER,fedavg_proto,0.5,0,6,200,16,16,0.1,test,server,12,33,110,143,True,0.6203856749311295
SIDER,fedavg_proto,0.5,0,6,200,16,16,0.1,test,server,13,20,123,143,True,0.6491869918699187
SIDER,fedavg_proto,0.5,0,6,200,16,16,0.1,test,server,14,113,30,143,True,0.5734513274336283
SIDER,fedavg_proto,0.5,0,6,200,16,16,0.1,test,server,15,83,60,143,True,0.6218875502008032
SIDER,fedavg_proto,0.5,0,6,200,16,16,0.1,test,server,16,131,12,143,True,0.7181933842239185
SIDER,fedavg_proto,0.5,0,6,200,16,16,0.1,test,server,17,30,113,143,True,0.4825958702064897
SIDER,fedavg_proto,0.5,0,6,200,16,16,0.1,test,server,18,109,34,143,True,0.5296815974096061
SIDER,fedavg_proto,0.5,0,6,200,16,16,0.1,test,server,19,104,39,143,True,0.5808678500986193
SIDER,fedavg_proto,0.5,0,6,200,16,16,0.1,test,server,20,102,41,143,True,0.6018651362984219
SIDER,fedavg_proto,0.5,0,6,200,16,16,0.1,test,server,21,98,45,143,True,0.5888888888888888
SIDER,fedavg_proto,0.5,0,6,200,16,16,0.1,test,server,22,14,129,143,True,0.554263565891473
SIDER,fedavg_proto,0.5,0,6,200,16,16,0.1,test,server,23,60,83,143,True,0.521285140562249
SIDER,fedavg_proto,0.5,0,6,200,16,16,0.1,test,server,24,98,45,143,True,0.5702947845804989
SIDER,fedavg_proto,0.5,0,6,200,16,16,0.1,test,server,25,132,11,143,True,0.7451790633608815
SIDER,fedavg_proto,0.5,0,6,200,16,16,0.1,test,server,26,101,42,143,True,0.5782649693540782
SIDER,fedavg_proto,0.5,0,6,200,16,16,0.1,test,client_0,0,72,71,143,True,0.6727308294209703
SIDER,fedavg_proto,0.5,0,6,200,16,16,0.1,test,client_0,1,105,38,143,True,0.5766917293233083
SIDER,fedavg_proto,0.5,0,6,200,16,16,0.1,test,client_0,2,5,138,143,True,0.37246376811594206
SIDER,fedavg_proto,0.5,0,6,200,16,16,0.1,test,client_0,3,90,53,143,True,0.5033542976939203
SIDER,fedavg_proto,0.5,0,6,200,16,16,0.1,test,client_0,4,118,25,143,True,0.6254237288135593
SIDER,fedavg_proto,0.5,0,6,200,16,16,0.1,test,client_0,5,104,39,143,True,0.5902366863905326
SIDER,fedavg_proto,0.5,0,6,200,16,16,0.1,test,client_0,6,134,9,143,True,0.7529021558872306
SIDER,fedavg_proto,0.5,0,6,200,16,16,0.1,test,client_0,7,24,119,143,True,0.5850840336134454
SIDER,fedavg_proto,0.5,0,6,200,16,16,0.1,test,client_0,8,91,52,143,True,0.569949281487743
SIDER,fedavg_proto,0.5,0,6,200,16,16,0.1,test,client_0,9,74,69,143,True,0.6106541323932628
SIDER,fedavg_proto,0.5,0,6,200,16,16,0.1,test,client_0,10,39,104,143,True,0.6013313609467456
SIDER,fedavg_proto,0.5,0,6,200,16,16,0.1,test,client_0,11,130,13,143,True,0.5491124260355029
SIDER,fedavg_proto,0.5,0,6,200,16,16,0.1,test,client_0,12,33,110,143,True,0.5011019283746556
SIDER,fedavg_proto,0.5,0,6,200,16,16,0.1,test,client_0,13,20,123,143,True,0.5979674796747968
SIDER,fedavg_proto,0.5,0,6,200,16,16,0.1,test,client_0,14,113,30,143,True,0.4876106194690265
SIDER,fedavg_proto,0.5,0,6,200,16,16,0.1,test,client_0,15,83,60,143,True,0.6272088353413655
SIDER,fedavg_proto,0.5,0,6,200,16,16,0.1,test,client_0,16,131,12,143,True,0.7563613231552163
SIDER,fedavg_proto,0.5,0,6,200,16,16,0.1,test,client_0,17,30,113,143,True,0.4764011799410029
SIDER,fedavg_proto,0.5,0,6,200,16,16,0.1,test,client_0,18,109,34,143,True,0.513221802482461
SIDER,fedavg_proto,0.5,0,6,200,16,16,0.1,test,client_0,19,104,39,143,True,0.5761834319526626
SIDER,fedavg_proto,0.5,0,6,200,16,16,0.1,test,client_0,20,102,41,143,True,0.5841702534672406
SIDER,fedavg_proto,0.5,0,6,200,16,16,0.1,test,client_0,21,98,45,143,True,0.5793650793650793
SIDER,fedavg_proto,0.5,0,6,200,16,16,0.1,test,client_0,22,14,129,143,True,0.4496124031007752
SIDER,fedavg_proto,0.5,0,6,200,16,16,0.1,test,client_0,23,60,83,143,True,0.5088353413654618
SIDER,fedavg_proto,0.5,0,6,200,16,16,0.1,test,client_0,24,98,45,143,True,0.5056689342403629
SIDER,fedavg_proto,0.5,0,6,200,16,16,0.1,test,client_0,25,132,11,143,True,0.8023415977961432
SIDER,fedavg_proto,0.5,0,6,200,16,16,0.1,test,client_0,26,101,42,143,True,0.5464403583215465
SIDER,fedavg_proto,0.5,0,6,200,16,16,0.1,test,client_1,0,72,71,143,True,0.6296948356807512
SIDER,fedavg_proto,0.5,0,6,200,16,16,0.1,test,client_1,1,105,38,143,True,0.5614035087719298
SIDER,fedavg_proto,0.5,0,6,200,16,16,0.1,test,client_1,2,5,138,143,True,0.44347826086956527
SIDER,fedavg_proto,0.5,0,6,200,16,16,0.1,test,client_1,3,90,53,143,True,0.5777777777777778
SIDER,fedavg_proto,0.5,0,6,200,16,16,0.1,test,client_1,4,118,25,143,True,0.5715254237288134
SIDER,fedavg_proto,0.5,0,6,200,16,16,0.1,test,client_1,5,104,39,143,True,0.6116863905325445
SIDER,fedavg_proto,0.5,0,6,200,16,16,0.1,test,client_1,6,134,9,143,True,0.796849087893864
SIDER,fedavg_proto,0.5,0,6,200,16,16,0.1,test,client_1,7,24,119,143,True,0.6376050420168067
SIDER,fedavg_proto,0.5,0,6,200,16,16,0.1,test,client_1,8,91,52,143,True,0.5606508875739644
SIDER,fedavg_proto,0.5,0,6,200,16,16,0.1,test,client_1,9,74,69,143,True,0.6594202898550724
SIDER,fedavg_proto,0.5,0,6,200,16,16,0.1,test,client_1,10,39,104,143,True,0.5899901380670611
SIDER,fedavg_proto,0.5,0,6,200,16,16,0.1,test,client_1,11,130,13,143,True,0.5224852071005917
SIDER,fedavg_proto,0.5,0,6,200,16,16,0.1,test,client_1,12,33,110,143,True,0.6016528925619835
SIDER,fedavg_proto,0.5,0,6,200,16,16,0.1,test,client_1,13,20,123,143,True,0.6447154471544716
SIDER,fedavg_proto,0.5,0,6,200,16,16,0.1,test,client_1,14,113,30,143,True,0.5929203539823009
SIDER,fedavg_proto,0.5,0,6,200,16,16,0.1,test,client_1,15,83,60,143,True,0.6126506024096385
SIDER,fedavg_proto,0.5,0,6,200,16,16,0.1,test,client_1,16,131,12,143,True,0.727735368956743
SIDER,fedavg_proto,0.5,0,6,200,16,16,0.1,test,client_1,17,30,113,143,True,0.4834808259587021
SIDER,fedavg_proto,0.5,0,6,200,16,16,0.1,test,client_1,18,109,34,143,True,0.5267134376686455
SIDER,fedavg_proto,0.5,0,6,200,16,16,0.1,test,client_1,19,104,39,143,True,0.6000986193293886
SIDER,fedavg_proto,0.5,0,6,200,16,16,0.1,test,client_1,20,102,41,143,True,0.6083213773314203
SIDER,fedavg_proto,0.5,0,6,200,16,16,0.1,test,client_1,21,98,45,143,True,0.5809523809523809
SIDER,fedavg_proto,0.5,0,6,200,16,16,0.1,test,client_1,22,14,129,143,True,0.540420819490587
SIDER,fedavg_proto,0.5,0,6,200,16,16,0.1,test,client_1,23,60,83,143,True,0.5273092369477912
SIDER,fedavg_proto,0.5,0,6,200,16,16,0.1,test,client_1,24,98,45,143,True,0.5798185941043085
SIDER,fedavg_proto,0.5,0,6,200,16,16,0.1,test,client_1,25,132,11,143,True,0.7651515151515151
SIDER,fedavg_proto,0.5,0,6,200,16,16,0.1,test,client_1,26,101,42,143,True,0.5773220179160773
SIDER,fedavg_proto,0.5,0,6,200,16,16,0.1,test,client_2,0,72,71,143,True,0.5195618153364632
SIDER,fedavg_proto,0.5,0,6,200,16,16,0.1,test,client_2,1,105,38,143,True,0.4967418546365915
SIDER,fedavg_proto,0.5,0,6,200,16,16,0.1,test,client_2,2,5,138,143,True,0.4956521739130435
SIDER,fedavg_proto,0.5,0,6,200,16,16,0.1,test,client_2,3,90,53,143,True,0.5660377358490566
SIDER,fedavg_proto,0.5,0,6,200,16,16,0.1,test,client_2,4,118,25,143,True,0.4569491525423729
SIDER,fedavg_proto,0.5,0,6,200,16,16,0.1,test,client_2,5,104,39,143,True,0.5278599605522682
SIDER,fedavg_proto,0.5,0,6,200,16,16,0.1,test,client_2,6,134,9,143,True,0.5779436152570481
SIDER,fedavg_proto,0.5,0,6,200,16,16,0.1,test,client_2,7,24,119,143,True,0.6099439775910365
SIDER,fedavg_proto,0.5,0,6,200,16,16,0.1,test,client_2,8,91,52,143,True,0.5164835164835164
SIDER,fedavg_proto,0.5,0,6,200,16,16,0.1,test,client_2,9,74,69,143,True,0.5793184488836662
SIDER,fedavg_proto,0.5,0,6,200,16,16,0.1,test,client_2,10,39,104,143,True,0.5567061143984221
SIDER,fedavg_proto,0.5,0,6,200,16,16,0.1,test,client_2,11,130,13,143,True,0.4562130177514793
SIDER,fedavg_proto,0.5,0,6,200,16,16,0.1,test,client_2,12,33,110,143,True,0.6410468319559228
SIDER,fedavg_proto,0.5,0,6,200,16,16,0.1,test,client_2,13,20,123,143,True,0.6170731707317073
SIDER,fedavg_proto,0.5,0,6,200,16,16,0.1,test,client_2,14,113,30,143,True,0.5392330383480826
SIDER,fedavg_proto,0.5,0,6,200,16,16,0.1,test,client_2,15,83,60,143,True,0.5385542168674698
SIDER,fedavg_proto,0.5,0,6,200,16,16,0.1,test,client_2,16,131,12,143,True,0.6456743002544528
SIDER,fedavg_proto,0.5,0,6,200,16,16,0.1,test,client_2,17,30,113,143,True,0.5297935103244837
SIDER,fedavg_proto,0.5,0,6,200,16,16,0.1,test,client_2,18,109,34,143,True,0.5353480841878036
SIDER,fedavg_proto,0.5,0,6,200,16,16,0.1,test,client_2,19,104,39,143,True,0.5498027613412229
SIDER,fedavg_proto,0.5,0,6,200,16,16,0.1,test,client_2,20,102,41,143,True,0.5559540889526542
SIDER,fedavg_proto,0.5,0,6,200,16,16,0.1,test,client_2,21,98,45,143,True,0.5430839002267573
SIDER,fedavg_proto,0.5,0,6,200,16,16,0.1,test,client_2,22,14,129,143,True,0.5952380952380953
SIDER,fedavg_proto,0.5,0,6,200,16,16,0.1,test,client_2,23,60,83,143,True,0.5162650602409637
SIDER,fedavg_proto,0.5,0,6,200,16,16,0.1,test,client_2,24,98,45,143,True,0.5061224489795919
SIDER,fedavg_proto,0.5,0,6,200,16,16,0.1,test,client_2,25,132,11,143,True,0.6308539944903582
SIDER,fedavg_proto,0.5,0,6,200,16,16,0.1,test,client_2,26,101,42,143,True,0.5141442715700142
SIDER,fedavg_proto,0.5,0,6,200,16,16,0.1,test,client_3,0,72,71,143,True,0.5964397496087637
SIDER,fedavg_proto,0.5,0,6,200,16,16,0.1,test,client_3,1,105,38,143,True,0.5754385964912281
SIDER,fedavg_proto,0.5,0,6,200,16,16,0.1,test,client_3,2,5,138,143,True,0.37826086956521743
SIDER,fedavg_proto,0.5,0,6,200,16,16,0.1,test,client_3,3,90,53,143,True,0.5987421383647799
SIDER,fedavg_proto,0.5,0,6,200,16,16,0.1,test,client_3,4,118,25,143,True,0.563050847457627
SIDER,fedavg_proto,0.5,0,6,200,16,16,0.1,test,client_3,5,104,39,143,True,0.590483234714004
SIDER,fedavg_proto,0.5,0,6,200,16,16,0.1,test,client_3,6,134,9,143,True,0.6882255389718077
SIDER,fedavg_proto,0.5,0,6,200,16,16,0.1,test,client_3,7,24,119,143,True,0.5906862745098039
SIDER,fedavg_proto,0.5,0,6,200,16,16,0.1,test,client_3,8,91,52,143,True,0.5407861369399831
SIDER,fedavg_proto,0.5,0,6,200,16,16,0.1,test,client_3,9,74,69,143,True,0.6367019193106149
SIDER,fedavg_proto,0.5,0,6,200,16,16,0.1,test,client_3,10,39,104,143,True,0.5700197238658777
SIDER,fedavg_proto,0.5,0,6,200,16,16,0.1,test,client_3,11,130,13,143,True,0.5402366863905326
SIDER,fedavg_proto,0.5,0,6,200,16,16,0.1,test,client_3,12,33,110,143,True,0.5988980716253444
SIDER,fedavg_proto,0.5,0,6,200,16,16,0.1,test,client_3,13,20,123,143,True,0.6402439024390243
SIDER,fedavg_proto,0.5,0,6,200,16,16,0.1,test,client_3,14,113,30,143,True,0.5793510324483776
SIDER,fedavg_proto,0.5,0,6,200,16,16,0.1,test,client_3,15,83,60,143,True,0.6002008032128514
SIDER,fedavg_proto,0.5,0,6,200,16,16,0.1,test,client_3,16,131,12,143,True,0.710559796437659
SIDER,fedavg_proto,0.5,0,6,200,16,16,0.1,test,client_3,17,30,113,143,True,0.49410029498525065
SIDER,fedavg_proto,0.5,0,6,200,16,16,0.1,test,client_3,18,109,34,143,True,0.5582838640043173
SIDER,fedavg_proto,0.5,0,6,200,16,16,0.1,test,client_3,19,104,39,143,True,0.6227810650887574
SIDER,fedavg_proto,0.5,0,6,200,16,16,0.1,test,client_3,20,102,41,143,True,0.5674318507890962
SIDER,fedavg_proto,0.5,0,6,200,16,16,0.1,test,client_3,21,98,45,143,True,0.6231292517006802
SIDER,fedavg_proto,0.5,0,6,200,16,16,0.1,test,client_3,22,14,129,143,True,0.5891472868217055
SIDER,fedavg_proto,0.5,0,6,200,16,16,0.1,test,client_3,23,60,83,143,True,0.5568273092369478
SIDER,fedavg_proto,0.5,0,6,200,16,16,0.1,test,client_3,24,98,45,143,True,0.6040816326530613
SIDER,fedavg_proto,0.5,0,6,200,16,16,0.1,test,client_3,25,132,11,143,True,0.6604683195592287
SIDER,fedavg_proto,0.5,0,6,200,16,16,0.1,test,client_3,26,101,42,143,True,0.5450259311645449
SIDER,fedavg_proto,0.5,0,7,200,16,16,0.1,val,server,0,76,67,143,True,0.6038884524744698
SIDER,fedavg_proto,0.5,0,7,200,16,16,0.1,val,server,1,99,44,143,True,0.6058310376492194
SIDER,fedavg_proto,0.5,0,7,200,16,16,0.1,val,server,2,2,141,143,True,0.574468085106383
SIDER,fedavg_proto,0.5,0,7,200,16,16,0.1,val,server,3,85,58,143,True,0.5941176470588235
SIDER,fedavg_proto,0.5,0,7,200,16,16,0.1,val,server,4,117,26,143,True,0.6190006574621959
SIDER,fedavg_proto,0.5,0,7,200,16,16,0.1,val,server,5,99,44,143,True,0.5661157024793388
SIDER,fedavg_proto,0.5,0,7,200,16,16,0.1,val,server,6,131,12,143,True,0.8123409669211196
SIDER,fedavg_proto,0.5,0,7,200,16,16,0.1,val,server,7,20,123,143,True,0.6166666666666667
SIDER,fedavg_proto,0.5,0,7,200,16,16,0.1,val,server,8,97,46,143,True,0.6086956521739131
SIDER,fedavg_proto,0.5,0,7,200,16,16,0.1,val,server,9,71,72,143,True,0.603677621283255
SIDER,fedavg_proto,0.5,0,7,200,16,16,0.1,val,server,10,35,108,143,True,0.5396825396825397
SIDER,fedavg_proto,0.5,0,7,200,16,16,0.1,val,server,11,130,13,143,True,0.4834319526627219
SIDER,fedavg_proto,0.5,0,7,200,16,16,0.1,val,server,12,37,106,143,True,0.6387047424783274
SIDER,fedavg_proto,0.5,0,7,200,16,16,0.1,val,server,13,20,123,143,True,0.6073170731707317
SIDER,fedavg_proto,0.5,0,7,200,16,16,0.1,val,server,14,107,36,143,True,0.557632398753894
SIDER,fedavg_proto,0.5,0,7,200,16,16,0.1,val,server,15,94,49,143,True,0.690620929222753
SIDER,fedavg_proto,0.5,0,7,200,16,16,0.1,val,server,16,129,14,143,True,0.6295681063122924
SIDER,fedavg_proto,0.5,0,7,200,16,16,0.1,val,server,17,20,123,143,True,0.563821138211382
SIDER,fedavg_proto,0.5,0,7,200,16,16,0.1,val,server,18,104,39,143,True,0.5298323471400395
SIDER,fedavg_proto,0.5,0,7,200,16,16,0.1,val,server,19,103,40,143,True,0.5516990291262135
SIDER,fedavg_proto,0.5,0,7,200,16,16,0.1,val,server,20,102,41,143,True,0.5308464849354376
SIDER,fedavg_proto,0.5,0,7,200,16,16,0.1,val,server,21,98,45,143,True,0.6113378684807256
SIDER,fedavg_proto,0.5,0,7,200,16,16,0.1,val,server,22,10,133,143,True,0.587218045112782
SIDER,fedavg_proto,0.5,0,7,200,16,16,0.1,val,server,23,64,79,143,True,0.5589398734177216
SIDER,fedavg_proto,0.5,0,7,200,16,16,0.1,val,server,24,104,39,143,True,0.5707593688362919
SIDER,fedavg_proto,0.5,0,7,200,16,16,0.1,val,server,25,134,9,143,True,0.7255389718076285
SIDER,fedavg_proto,0.5,0,7,200,16,16,0.1,val,server,26,95,48,143,True,0.5605263157894737
SIDER,fedavg_proto,0.5,0,7,200,16,16,0.1,val,client_0,0,76,67,143,True,0.6694815396700706
SIDER,fedavg_proto,0.5,0,7,200,16,16,0.1,val,client_0,1,99,44,143,True,0.6515151515151515
SIDER,fedavg_proto,0.5,0,7,200,16,16,0.1,val,client_0,2,2,141,143,True,0.19858156028368795
SIDER,fedavg_proto,0.5,0,7,200,16,16,0.1,val,client_0,3,85,58,143,True,0.607707910750507
SIDER,fedavg_proto,0.5,0,7,200,16,16,0.1,val,client_0,4,117,26,143,True,0.7429322813938198
SIDER,fedavg_proto,0.5,0,7,200,16,16,0.1,val,client_0,5,99,44,143,True,0.6287878787878788
SIDER,fedavg_proto,0.5,0,7,200,16,16,0.1,val,client_0,6,131,12,143,True,0.8034351145038169
SIDER,fedavg_proto,0.5,0,7,200,16,16,0.1,val,client_0,7,20,123,143,True,0.6028455284552845
SIDER,fedavg_proto,0.5,0,7,200,16,16,0.1,val,client_0,8,97,46,143,True,0.6507171671896012
SIDER,fedavg_proto,0.5,0,7,200,16,16,0.1,val,client_0,9,71,72,143,True,0.6130672926447575
SIDER,fedavg_proto,0.5,0,7,200,16,16,0.1,val,client_0,10,35,108,143,True,0.5497354497354497
SIDER,fedavg_proto,0.5,0,7,200,16,16,0.1,val,client_0,11,130,13,143,True,0.6029585798816568
SIDER,fedavg_proto,0.5,0,7,200,16,16,0.1,val,client_0,12,37,106,143,True,0.5971443141254462
SIDER,fedavg_proto,0.5,0,7,200,16,16,0.1,val,client_0,13,20,123,143,True,0.6471544715447154
SIDER,fedavg_proto,0.5,0,7,200,16,16,0.1,val,client_0,14,107,36,143,True,0.6173416407061266
SIDER,fedavg_proto,0.5,0,7,200,16,16,0.1,val,client_0,15,94,49,143,True,0.7353452019105515
SIDER,fedavg_proto,0.5,0,7,200,16,16,0.1,val,client_0,16,129,14,143,True,0.7148394241417497
SIDER,fedavg_proto,0.5,0,7,200,16,16,0.1,val,client_0,17,20,123,143,True,0.6073170731707317
SIDER,fedavg_proto,0.5,0,7,200,16,16,0.1,val,client_0,18,104,39,143,True,0.5377218934911243
SIDER,fedavg_proto,0.5,0,7,200,16,16,0.1,val,client_0,19,103,40,143,True,0.6274271844660195
SIDER,fedavg_proto,0.5,0,7,200,16,16,0.1,val,client_0,20,102,41,143,True,0.6420373027259685
SIDER,fedavg_proto,0.5,0,7,200,16,16,0.1,val,client_0,21,98,45,143,True,0.6217687074829932
SIDER,fedavg_proto,0.5,0,7,200,16,16,0.1,val,client_0,22,10,133,143,True,0.5323308270676692
SIDER,fedavg_proto,0.5,0,7,200,16,16,0.1,val,client_0,23,64,79,143,True,0.5982990506329113
SIDER,fedavg_proto,0.5,0,7,200,16,16,0.1,val,client_0,24,104,39,143,True,0.5973865877712032
SIDER,fedavg_proto,0.5,0,7,200,16,16,0.1,val,client_0,25,134,9,143,True,0.8349917081260365
SIDER,fedavg_proto,0.5,0,7,200,16,16,0.1,val,client_0,26,95,48,143,True,0.6182017543859649
SIDER,fedavg_proto,0.5,0,7,200,16,16,0.1,val,client_1,0,76,67,143,True,0.6260801256873527
SIDER,fedavg_proto,0.5,0,7,200,16,16,0.1,val,client_1,1,99,44,143,True,0.6115702479338843
SIDER,fedavg_proto,0.5,0,7,200,16,16,0.1,val,client_1,2,2,141,143,True,0.5567375886524822
SIDER,fedavg_proto,0.5,0,7,200,16,16,0.1,val,client_1,3,85,58,143,True,0.602839756592292
SIDER,fedavg_proto,0.5,0,7,200,16,16,0.1,val,client_1,4,117,26,143,True,0.6387245233399079
SIDER,fedavg_proto,0.5,0,7,200,16,16,0.1,val,client_1,5,99,44,143,True,0.5548668503213958
SIDER,fedavg_proto,0.5,0,7,200,16,16,0.1,val,client_1,6,131,12,143,True,0.8301526717557253
SIDER,fedavg_proto,0.5,0,7,200,16,16,0.1,val,client_1,7,20,123,143,True,0.6028455284552845
SIDER,fedavg_proto,0.5,0,7,200,16,16,0.1,val,client_1,8,97,46,143,True,0.6268489466606902
SIDER,fedavg_proto,0.5,0,7,200,16,16,0.1,val,client_1,9,71,72,143,True,0.615414710485133
SIDER,fedavg_proto,0.5,0,7,200,16,16,0.1,val,client_1,10,35,108,143,True,0.5444444444444445
SIDER,fedavg_proto,0.5,0,7,200,16,16,0.1,val,client_1,11,130,13,143,True,0.5461538461538461
SIDER,fedavg_proto,0.5,0,7,200,16,16,0.1,val,client_1,12,37,106,143,True,0.6226415094339623
SIDER,fedavg_proto,0.5,0,7,200,16,16,0.1,val,client_1,13,20,123,143,True,0.5975609756097561
SIDER,fedavg_proto,0.5,0,7,200,16,16,0.1,val,client_1,14,107,36,143,True,0.5706126687435099
SIDER,fedavg_proto,0.5,0,7,200,16,16,0.1,val,client_1,15,94,49,143,True,0.6936604429005645
SIDER,fedavg_proto,0.5,0,7,200,16,16,0.1,val,client_1,16,129,14,143,True,0.6550387596899224
SIDER,fedavg_proto,0.5,0,7,200,16,16,0.1,val,client_1,17,20,123,143,True,0.5556910569105691
SIDER,fedavg_proto,0.5,0,7,200,16,16,0.1,val,client_1,18,104,39,143,True,0.5325443786982249
SIDER,fedavg_proto,0.5,0,7,200,16,16,0.1,val,client_1,19,103,40,143,True,0.5412621359223302
SIDER,fedavg_proto,0.5,0,7,200,16,16,0.1,val,client_1,20,102,41,143,True,0.5413677666188427
SIDER,fedavg_proto,0.5,0,7,200,16,16,0.1,val,client_1,21,98,45,143,True,0.6396825396825396
SIDER,fedavg_proto,0.5,0,7,200,16,16,0.1,val,client_1,22,10,133,143,True,0.5052631578947369
SIDER,fedavg_proto,0.5,0,7,200,16,16,0.1,val,client_1,23,64,79,143,True,0.5551819620253166
SIDER,fedavg_proto,0.5,0,7,200,16,16,0.1,val,client_1,24,104,39,143,True,0.5581854043392506
SIDER,fedavg_proto,0.5,0,7,200,16,16,0.1,val,client_1,25,134,9,143,True,0.7446102819237148
SIDER,fedavg_proto,0.5,0,7,200,16,16,0.1,val,client_1,26,95,48,143,True,0.5585526315789474
SIDER,fedavg_proto,0.5,0,7,200,16,16,0.1,val,client_2,0,76,67,143,True,0.5312254516889238
SIDER,fedavg_proto,0.5,0,7,200,16,16,0.1,val,client_2,1,99,44,143,True,0.5592286501377411
SIDER,fedavg_proto,0.5,0,7,200,16,16,0.1,val,client_2,2,2,141,143,True,0.7446808510638298
SIDER,fedavg_proto,0.5,0,7,200,16,16,0.1,val,client_2,3,85,58,143,True,0.5746450304259635
SIDER,fedavg_proto,0.5,0,7,200,16,16,0.1,val,client_2,4,117,26,143,True,0.48487836949375407
SIDER,fedavg_proto,0.5,0,7,200,16,16,0.1,val,client_2,5,99,44,143,True,0.5238751147842058
SIDER,fedavg_proto,0.5,0,7,200,16,16,0.1,val,client_2,6,131,12,143,True,0.6940203562340967
SIDER,fedavg_proto,0.5,0,7,200,16,16,0.1,val,client_2,7,20,123,143,True,0.5654471544715447
SIDER,fedavg_proto,0.5,0,7,200,16,16,0.1,val,client_2,8,97,46,143,True,0.5378753922008068
SIDER,fedavg_proto,0.5,0,7,200,16,16,0.1,val,client_2,9,71,72,143,True,0.5866588419405321
SIDER,fedavg_proto,0.5,0,7,200,16,16,0.1,val,client_2,10,35,108,143,True,0.5351851851851852
SIDER,fedavg_proto,0.5,0,7,200,16,16,0.1,val,client_2,11,130,13,143,True,0.34615384615384615
SIDER,fedavg_proto,0.5,0,7,200,16,16,0.1,val,client_2,12,37,106,143,True,0.6236613972463029
SIDER,fedavg_proto,0.5,0,7,200,16,16,0.1,val,client_2,13,20,123,143,True,0.5800813008130081
SIDER,fedavg_proto,0.5,0,7,200,16,16,0.1,val,client_2,14,107,36,143,True,0.4745586708203531
SIDER,fedavg_proto,0.5,0,7,200,16,16,0.1,val,client_2,15,94,49,143,True,0.6135475466782458
SIDER,fedavg_proto,0.5,0,7,200,16,16,0.1,val,client_2,16,129,14,143,True,0.5714285714285714
SIDER,fedavg_proto,0.5,0,7,200,16,16,0.1,val,client_2,17,20,123,143,True,0.5378048780487805
SIDER,fedavg_proto,0.5,0,7,200,16,16,0.1,val,client_2,18,104,39,143,True,0.5219428007889546
SIDER,fedavg_proto,0.5,0,7,200,16,16,0.1,val,client_2,19,103,40,143,True,0.46820388349514563
SIDER,fedavg_proto,0.5,0,7,200,16,16,0.1,val,client_2,20,102,41,143,True,0.4746532759445241
SIDER,fedavg_proto,0.5,0,7,200,16,16,0.1,val,client_2,21,98,45,143,True,0.5859410430839002
SIDER,fedavg_proto,0.5,0,7,200,16,16,0.1,val,client_2,22,10,133,143,True,0.6135338345864662
SIDER,fedavg_proto,0.5,0,7,200,16,16,0.1,val,client_2,23,64,79,143,True,0.5120648734177216
SIDER,fedavg_proto,0.5,0,7,200,16,16,0.1,val,client_2,24,104,39,143,True,0.5737179487179488
SIDER,fedavg_proto,0.5,0,7,200,16,16,0.1,val,client_2,25,134,9,143,True,0.5679933665008291
SIDER,fedavg_proto,0.5,0,7,200,16,16,0.1,val,client_2,26,95,48,143,True,0.5401315789473684
SIDER,fedavg_proto,0.5,0,7,200,16,16,0.1,val,client_3,0,76,67,143,True,0.5708955223880596
SIDER,fedavg_proto,0.5,0,7,200,16,16,0.1,val,client_3,1,99,44,143,True,0.5922865013774103
SIDER,fedavg_proto,0.5,0,7,200,16,16,0.1,val,client_3,2,2,141,143,True,0.3865248226950354
SIDER,fedavg_proto,0.5,0,7,200,16,16,0.1,val,client_3,3,85,58,143,True,0.5914807302231238
SIDER,fedavg_proto,0.5,0,7,200,16,16,0.1,val,client_3,4,117,26,143,True,0.6143984220907297
SIDER,fedavg_proto,0.5,0,7,200,16,16,0.1,val,client_3,5,99,44,143,True,0.5766758494031221
SIDER,fedavg_proto,0.5,0,7,200,16,16,0.1,val,client_3,6,131,12,143,True,0.7964376590330788
SIDER,fedavg_proto,0.5,0,7,200,16,16,0.1,val,client_3,7,20,123,143,True,0.5829268292682928
SIDER,fedavg_proto,0.5,0,7,200,16,16,0.1,val,client_3,8,97,46,143,True,0.611385029134917
SIDER,fedavg_proto,0.5,0,7,200,16,16,0.1,val,client_3,9,71,72,143,True,0.6019170579029733
SIDER,fedavg_proto,0.5,0,7,200,16,16,0.1,val,client_3,10,35,108,143,True,0.5484126984126985
SIDER,fedavg_proto,0.5,0,7,200,16,16,0.1,val,client_3,11,130,13,143,True,0.41183431952662725
SIDER,fedavg_proto,0.5,0,7,200,16,16,0.1,val,client_3,12,37,106,143,True,0.6251912289648138
SIDER,fedavg_proto,0.5,0,7,200,16,16,0.1,val,client_3,13,20,123,143,True,0.5764227642276423
SIDER,fedavg_proto,0.5,0,7,200,16,16,0.1,val,client_3,14,107,36,143,True,0.5449117341640707
SIDER,fedavg_proto,0.5,0,7,200,16,16,0.1,val,client_3,15,94,49,143,True,0.6450282240555797
SIDER,fedavg_proto,0.5,0,7,200,16,16,0.1,val,client_3,16,129,14,143,True,0.6068660022148394
SIDER,fedavg_proto,0.5,0,7,200,16,16,0.1,val,client_3,17,20,123,143,True,0.5857723577235773
SIDER,fedavg_proto,0.5,0,7,200,16,16,0.1,val,client_3,18,104,39,143,True,0.5342702169625246
SIDER,fedavg_proto,0.5,0,7,200,16,16,0.1,val,client_3,19,103,40,143,True,0.5470873786407767
SIDER,fedavg_proto,0.5,0,7,200,16,16,0.1,val,client_3,20,102,41,143,True,0.5246293639406981
SIDER,fedavg_proto,0.5,0,7,200,16,16,0.1,val,client_3,21,98,45,143,True,0.5820861678004535
SIDER,fedavg_proto,0.5,0,7,200,16,16,0.1,val,client_3,22,10,133,143,True,0.6015037593984963
SIDER,fedavg_proto,0.5,0,7,200,16,16,0.1,val,client_3,23,64,79,143,True,0.5547863924050633
SIDER,fedavg_proto,0.5,0,7,200,16,16,0.1,val,client_3,24,104,39,143,True,0.564595660749507
SIDER,fedavg_proto,0.5,0,7,200,16,16,0.1,val,client_3,25,134,9,143,True,0.7014925373134329
SIDER,fedavg_proto,0.5,0,7,200,16,16,0.1,val,client_3,26,95,48,143,True,0.5462719298245614
SIDER,fedavg_proto,0.5,0,7,200,16,16,0.1,test,server,0,72,71,143,True,0.6122848200312989
SIDER,fedavg_proto,0.5,0,7,200,16,16,0.1,test,server,1,105,38,143,True,0.5375939849624061
SIDER,fedavg_proto,0.5,0,7,200,16,16,0.1,test,server,2,5,138,143,True,0.45942028985507244
SIDER,fedavg_proto,0.5,0,7,200,16,16,0.1,test,server,3,90,53,143,True,0.5555555555555556
SIDER,fedavg_proto,0.5,0,7,200,16,16,0.1,test,server,4,118,25,143,True,0.5644067796610169
SIDER,fedavg_proto,0.5,0,7,200,16,16,0.1,test,server,5,104,39,143,True,0.606508875739645
SIDER,fedavg_proto,0.5,0,7,200,16,16,0.1,test,server,6,134,9,143,True,0.7703150912106137
SIDER,fedavg_proto,0.5,0,7,200,16,16,0.1,test,server,7,24,119,143,True,0.6302521008403361
SIDER,fedavg_proto,0.5,0,7,200,16,16,0.1,test,server,8,91,52,143,True,0.5593829247675401
SIDER,fedavg_proto,0.5,0,7,200,16,16,0.1,test,server,9,74,69,143,True,0.6302389345867607
SIDER,fedavg_proto,0.5,0,7,200,16,16,0.1,test,server,10,39,104,143,True,0.5971400394477318
SIDER,fedavg_proto,0.5,0,7,200,16,16,0.1,test,server,11,130,13,143,True,0.5331360946745562
SIDER,fedavg_proto,0.5,0,7,200,16,16,0.1,test,server,12,33,110,143,True,0.625068870523416
SIDER,fedavg_proto,0.5,0,7,200,16,16,0.1,test,server,13,20,123,143,True,0.6589430894308942
SIDER,fedavg_proto,0.5,0,7,200,16,16,0.1,test,server,14,113,30,143,True,0.5663716814159292
SIDER,fedavg_proto,0.5,0,7,200,16,16,0.1,test,server,15,83,60,143,True,0.6130522088353413
SIDER,fedavg_proto,0.5,0,7,200,16,16,0.1,test,server,16,131,12,143,True,0.7131043256997456
SIDER,fedavg_proto,0.5,0,7,200,16,16,0.1,test,server,17,30,113,143,True,0.4837758112094396
SIDER,fedavg_proto,0.5,0,7,200,16,16,0.1,test,server,18,109,34,143,True,0.5240151106314086
SIDER,fedavg_proto,0.5,0,7,200,16,16,0.1,test,server,19,104,39,143,True,0.5638560157790927
SIDER,fedavg_proto,0.5,0,7,200,16,16,0.1,test,server,20,102,41,143,True,0.6095169775227164
SIDER,fedavg_proto,0.5,0,7,200,16,16,0.1,test,server,21,98,45,143,True,0.5793650793650794
SIDER,fedavg_proto,0.5,0,7,200,16,16,0.1,test,server,22,14,129,143,True,0.5708748615725361
SIDER,fedavg_proto,0.5,0,7,200,16,16,0.1,test,server,23,60,83,143,True,0.5044176706827309
SIDER,fedavg_proto,0.5,0,7,200,16,16,0.1,test,server,24,98,45,143,True,0.5489795918367347
SIDER,fedavg_proto,0.5,0,7,200,16,16,0.1,test,server,25,132,11,143,True,0.7369146005509642
SIDER,fedavg_proto,0.5,0,7,200,16,16,0.1,test,server,26,101,42,143,True,0.5813295615275812
SIDER,fedavg_proto,0.5,0,7,200,16,16,0.1,test,client_0,0,72,71,143,True,0.6654929577464789
SIDER,fedavg_proto,0.5,0,7,200,16,16,0.1,test,client_0,1,105,38,143,True,0.593734335839599
SIDER,fedavg_proto,0.5,0,7,200,16,16,0.1,test,client_0,2,5,138,143,True,0.3884057971014493
SIDER,fedavg_proto,0.5,0,7,200,16,16,0.1,test,client_0,3,90,53,143,True,0.4979035639412997
SIDER,fedavg_proto,0.5,0,7,200,16,16,0.1,test,client_0,4,118,25,143,True,0.6247457627118644
SIDER,fedavg_proto,0.5,0,7,200,16,16,0.1,test,client_0,5,104,39,143,True,0.5934418145956607
SIDER,fedavg_proto,0.5,0,7,200,16,16,0.1,test,client_0,6,134,9,143,True,0.7305140961857379
SIDER,fedavg_proto,0.5,0,7,200,16,16,0.1,test,client_0,7,24,119,143,True,0.5801820728291317
SIDER,fedavg_proto,0.5,0,7,200,16,16,0.1,test,client_0,8,91,52,143,True,0.5788250211327135
SIDER,fedavg_proto,0.5,0,7,200,16,16,0.1,test,client_0,9,74,69,143,True,0.6047786917352135
SIDER,fedavg_proto,0.5,0,7,200,16,16,0.1,test,client_0,10,39,104,143,True,0.6141518737672584
SIDER,fedavg_proto,0.5,0,7,200,16,16,0.1,test,client_0,11,130,13,143,True,0.5390532544378699
SIDER,fedavg_proto,0.5,0,7,200,16,16,0.1,test,client_0,12,33,110,143,True,0.550137741046832
SIDER,fedavg_proto,0.5,0,7,200,16,16,0.1,test,client_0,13,20,123,143,True,0.5918699186991869
SIDER,fedavg_proto,0.5,0,7,200,16,16,0.1,test,client_0,14,113,30,143,True,0.5103244837758112
SIDER,fedavg_proto,0.5,0,7,200,16,16,0.1,test,client_0,15,83,60,143,True,0.6232931726907629
SIDER,fedavg_proto,0.5,0,7,200,16,16,0.1,test,client_0,16,131,12,143,True,0.7474554707379136
SIDER,fedavg_proto,0.5,0,7,200,16,16,0.1,test,client_0,17,30,113,143,True,0.4896755162241888
SIDER,fedavg_proto,0.5,0,7,200,16,16,0.1,test,client_0,18,109,34,143,True,0.5221262817053427
SIDER,fedavg_proto,0.5,0,7,200,16,16,0.1,test,client_0,19,104,39,143,True,0.5678007889546351
SIDER,fedavg_proto,0.5,0,7,200,16,16,0.1,test,client_0,20,102,41,143,True,0.5753228120516498
SIDER,fedavg_proto,0.5,0,7,200,16,16,0.1,test,client_0,21,98,45,143,True,0.5895691609977324
SIDER,fedavg_proto,0.5,0,7,200,16,16,0.1,test,client_0,22,14,129,143,True,0.4706533776301218
SIDER,fedavg_proto,0.5,0,7,200,16,16,0.1,test,client_0,23,60,83,143,True,0.4997991967871485
SIDER,fedavg_proto,0.5,0,7,200,16,16,0.1,test,client_0,24,98,45,143,True,0.4834467120181406
SIDER,fedavg_proto,0.5,0,7,200,16,16,0.1,test,client_0,25,132,11,143,True,0.7878787878787878
SIDER,fedavg_proto,0.5,0,7,200,16,16,0.1,test,client_0,26,101,42,143,True,0.557991513437058
SIDER,fedavg_proto,0.5,0,7,200,16,16,0.1,test,client_1,0,72,71,143,True,0.6257824726134585
SIDER,fedavg_proto,0.5,0,7,200,16,16,0.1,test,client_1,1,105,38,143,True,0.5365914786967418
SIDER,fedavg_proto,0.5,0,7,200,16,16,0.1,test,client_1,2,5,138,143,True,0.4971014492753624
SIDER,fedavg_proto,0.5,0,7,200,16,16,0.1,test,client_1,3,90,53,143,True,0.5683438155136269
SIDER,fedavg_proto,0.5,0,7,200,16,16,0.1,test,client_1,4,118,25,143,True,0.568135593220339
SIDER,fedavg_proto,0.5,0,7,200,16,16,0.1,test,client_1,5,104,39,143,True,0.6072485207100591
SIDER,fedavg_proto,0.5,0,7,200,16,16,0.1,test,client_1,6,134,9,143,True,0.7844112769485905
SIDER,fedavg_proto,0.5,0,7,200,16,16,0.1,test,client_1,7,24,119,143,True,0.6530112044817927
SIDER,fedavg_proto,0.5,0,7,200,16,16,0.1,test,client_1,8,91,52,143,True,0.5543110735418428
SIDER,fedavg_proto,0.5,0,7,200,16,16,0.1,test,client_1,9,74,69,143,True,0.6598119858989424
SIDER,fedavg_proto,0.5,0,7,200,16,16,0.1,test,client_1,10,39,104,143,True,0.60034516765286
SIDER,fedavg_proto,0.5,0,7,200,16,16,0.1,test,client_1,11,130,13,143,True,0.5153846153846153
SIDER,fedavg_proto,0.5,0,7,200,16,16,0.1,test,client_1,12,33,110,143,True,0.6187327823691461
SIDER,fedavg_proto,0.5,0,7,200,16,16,0.1,test,client_1,13,20,123,143,True,0.6597560975609756
SIDER,fedavg_proto,0.5,0,7,200,16,16,0.1,test,client_1,14,113,30,143,True,0.5890855457227138
SIDER,fedavg_proto,0.5,0,7,200,16,16,0.1,test,client_1,15,83,60,143,True,0.6082329317269076
SIDER,fedavg_proto,0.5,0,7,200,16,16,0.1,test,client_1,16,131,12,143,True,0.7080152671755725
SIDER,fedavg_proto,0.5,0,7,200,16,16,0.1,test,client_1,17,30,113,143,True,0.5150442477876106
SIDER,fedavg_proto,0.5,0,7,200,16,16,0.1,test,client_1,18,109,34,143,True,0.5275229357798166
SIDER,fedavg_proto,0.5,0,7,200,16,16,0.1,test,client_1,19,104,39,143,True,0.5890039447731755
SIDER,fedavg_proto,0.5,0,7,200,16,16,0.1,test,client_1,20,102,41,143,True,0.6154949784791965
SIDER,fedavg_proto,0.5,0,7,200,16,16,0.1,test,client_1,21,98,45,143,True,0.5755102040816327
SIDER,fedavg_proto,0.5,0,7,200,16,16,0.1,test,client_1,22,14,129,143,True,0.5714285714285714
SIDER,fedavg_proto,0.5,0,7,200,16,16,0.1,test,client_1,23,60,83,143,True,0.5142570281124498
SIDER,fedavg_proto,0.5,0,7,200,16,16,0.1,test,client_1,24,98,45,143,True,0.5612244897959184
SIDER,fedavg_proto,0.5,0,7,200,16,16,0.1,test,client_1,25,132,11,143,True,0.7610192837465565
SIDER,fedavg_proto,0.5,0,7,200,16,16,0.1,test,client_1,26,101,42,143,True,0.5891089108910891
SIDER,fedavg_proto,0.5,0,7,200,16,16,0.1,test,client_2,0,72,71,143,True,0.528755868544601
SIDER,fedavg_proto,0.5,0,7,200,16,16,0.1,test,client_2,1,105,38,143,True,0.4729323308270677
SIDER,fedavg_proto,0.5,0,7,200,16,16,0.1,test,client_2,2,5,138,143,True,0.5362318840579711
SIDER,fedavg_proto,0.5,0,7,200,16,16,0.1,test,client_2,3,90,53,143,True,0.5557651991614256
SIDER,fedavg_proto,0.5,0,7,200,16,16,0.1,test,client_2,4,118,25,143,True,0.4966101694915255
SIDER,fedavg_proto,0.5,0,7,200,16,16,0.1,test,client_2,5,104,39,143,True,0.5330374753451677
SIDER,fedavg_proto,0.5,0,7,200,16,16,0.1,test,client_2,6,134,9,143,True,0.6393034825870647
SIDER,fedavg_proto,0.5,0,7,200,16,16,0.1,test,client_2,7,24,119,143,True,0.6109943977591037
SIDER,fedavg_proto,0.5,0,7,200,16,16,0.1,test,client_2,8,91,52,143,True,0.5268385460693153
SIDER,fedavg_proto,0.5,0,7,200,16,16,0.1,test,client_2,9,74,69,143,True,0.5587544065804936
SIDER,fedavg_proto,0.5,0,7,200,16,16,0.1,test,client_2,10,39,104,143,True,0.5616370808678501
SIDER,fedavg_proto,0.5,0,7,200,16,16,0.1,test,client_2,11,130,13,143,True,0.46982248520710057
SIDER,fedavg_proto,0.5,0,7,200,16,16,0.1,test,client_2,12,33,110,143,True,0.6261707988980716
SIDER,fedavg_proto,0.5,0,7,200,16,16,0.1,test,client_2,13,20,123,143,True,0.6508130081300814
SIDER,fedavg_proto,0.5,0,7,200,16,16,0.1,test,client_2,14,113,30,143,True,0.5492625368731563
SIDER,fedavg_proto,0.5,0,7,200,16,16,0.1,test,client_2,15,83,60,143,True,0.5506024096385542
SIDER,fedavg_proto,0.5,0,7,200,16,16,0.1,test,client_2,16,131,12,143,True,0.6685750636132316
SIDER,fedavg_proto,0.5,0,7,200,16,16,0.1,test,client_2,17,30,113,143,True,0.5218289085545722
SIDER,fedavg_proto,0.5,0,7,200,16,16,0.1,test,client_2,18,109,34,143,True,0.5245547760388559
SIDER,fedavg_proto,0.5,0,7,200,16,16,0.1,test,client_2,19,104,39,143,True,0.5505424063116371
SIDER,fedavg_proto,0.5,0,7,200,16,16,0.1,test,client_2,20,102,41,143,True,0.5834528933524629
SIDER,fedavg_proto,0.5,0,7,200,16,16,0.1,test,client_2,21,98,45,143,True,0.5678004535147393
SIDER,fedavg_proto,0.5,0,7,200,16,16,0.1,test,client_2,22,14,129,143,True,0.5996677740863787
SIDER,fedavg_proto,0.5,0,7,200,16,16,0.1,test,client_2,23,60,83,143,True,0.5192771084337349
SIDER,fedavg_proto,0.5,0,7,200,16,16,0.1,test,client_2,24,98,45,143,True,0.4988662131519274
SIDER,fedavg_proto,0.5,0,7,200,16,16,0.1,test,client_2,25,132,11,143,True,0.650137741046832
SIDER,fedavg_proto,0.5,0,7,200,16,16,0.1,test,client_2,26,101,42,143,True,0.545968882602546
SIDER,fedavg_proto,0.5,0,7,200,16,16,0.1,test,client_3,0,72,71,143,True,0.6062206572769954
SIDER,fedavg_proto,0.5,0,7,200,16,16,0.1,test,client_3,1,105,38,143,True,0.5761904761904763
SIDER,fedavg_proto,0.5,0,7,200,16,16,0.1,test,client_3,2,5,138,143,True,0.38550724637681166
SIDER,fedavg_proto,0.5,0,7,200,16,16,0.1,test,client_3,3,90,53,143,True,0.579874213836478
SIDER,fedavg_proto,0.5,0,7,200,16,16,0.1,test,client_3,4,118,25,143,True,0.5776271186440678
SIDER,fedavg_proto,0.5,0,7,200,16,16,0.1,test,client_3,5,104,39,143,True,0.5939349112426034
SIDER,fedavg_proto,0.5,0,7,200,16,16,0.1,test,client_3,6,134,9,143,True,0.7097844112769487
SIDER,fedavg_proto,0.5,0,7,200,16,16,0.1,test,client_3,7,24,119,143,True,0.6029411764705882
SIDER,fedavg_proto,0.5,0,7,200,16,16,0.1,test,client_3,8,91,52,143,True,0.554945054945055
SIDER,fedavg_proto,0.5,0,7,200,16,16,0.1,test,client_3,9,74,69,143,True,0.6370936153544849
SIDER,fedavg_proto,0.5,0,7,200,16,16,0.1,test,client_3,10,39,104,143,True,0.5833333333333334
SIDER,fedavg_proto,0.5,0,7,200,16,16,0.1,test,client_3,11,130,13,143,True,0.5668639053254437
SIDER,fedavg_proto,0.5,0,7,200,16,16,0.1,test,client_3,12,33,110,143,True,0.6107438016528925
SIDER,fedavg_proto,0.5,0,7,200,16,16,0.1,test,client_3,13,20,123,143,True,0.6455284552845528
SIDER,fedavg_proto,0.5,0,7,200,16,16,0.1,test,client_3,14,113,30,143,True,0.588495575221239
SIDER,fedavg_proto,0.5,0,7,200,16,16,0.1,test,client_3,15,83,60,143,True,0.6028112449799197
SIDER,fedavg_proto,0.5,0,7,200,16,16,0.1,test,client_3,16,131,12,143,True,0.7258269720101781
SIDER,fedavg_proto,0.5,0,7,200,16,16,0.1,test,client_3,17,30,113,143,True,0.4867256637168142
SIDER,fedavg_proto,0.5,0,7,200,16,16,0.1,test,client_3,18,109,34,143,True,0.5563950350782514
SIDER,fedavg_proto,0.5,0,7,200,16,16,0.1,test,client_3,19,104,39,143,True,0.6171104536489151
SIDER,fedavg_proto,0.5,0,7,200,16,16,0.1,test,client_3,20,102,41,143,True,0.5836920133907221
SIDER,fedavg_proto,0.5,0,7,200,16,16,0.1,test,client_3,21,98,45,143,True,0.6213151927437641
SIDER,fedavg_proto,0.5,0,7,200,16,16,0.1,test,client_3,22,14,129,143,True,0.5946843853820598
SIDER,fedavg_proto,0.5,0,7,200,16,16,0.1,test,client_3,23,60,83,143,True,0.5439759036144578
SIDER,fedavg_proto,0.5,0,7,200,16,16,0.1,test,client_3,24,98,45,143,True,0.5984126984126983
SIDER,fedavg_proto,0.5,0,7,200,16,16,0.1,test,client_3,25,132,11,143,True,0.6652892561983471
SIDER,fedavg_proto,0.5,0,7,200,16,16,0.1,test,client_3,26,101,42,143,True,0.5627062706270627
SIDER,fedavg_proto,0.5,0,8,200,16,16,0.1,val,server,0,76,67,143,True,0.6031029065200314
SIDER,fedavg_proto,0.5,0,8,200,16,16,0.1,val,server,1,99,44,143,True,0.5991735537190083
SIDER,fedavg_proto,0.5,0,8,200,16,16,0.1,val,server,2,2,141,143,True,0.6808510638297873
SIDER,fedavg_proto,0.5,0,8,200,16,16,0.1,val,server,3,85,58,143,True,0.5878296146044625
SIDER,fedavg_proto,0.5,0,8,200,16,16,0.1,val,server,4,117,26,143,True,0.6157133464825773
SIDER,fedavg_proto,0.5,0,8,200,16,16,0.1,val,server,5,99,44,143,True,0.5642791551882461
SIDER,fedavg_proto,0.5,0,8,200,16,16,0.1,val,server,6,131,12,143,True,0.8091603053435115
SIDER,fedavg_proto,0.5,0,8,200,16,16,0.1,val,server,7,20,123,143,True,0.6101626016260162
SIDER,fedavg_proto,0.5,0,8,200,16,16,0.1,val,server,8,97,46,143,True,0.5990587180636485
SIDER,fedavg_proto,0.5,0,8,200,16,16,0.1,val,server,9,71,72,143,True,0.6050469483568074
SIDER,fedavg_proto,0.5,0,8,200,16,16,0.1,val,server,10,35,108,143,True,0.5367724867724868
SIDER,fedavg_proto,0.5,0,8,200,16,16,0.1,val,server,11,130,13,143,True,0.493491124260355
SIDER,fedavg_proto,0.5,0,8,200,16,16,0.1,val,server,12,37,106,143,True,0.6325854156042835
SIDER,fedavg_proto,0.5,0,8,200,16,16,0.1,val,server,13,20,123,143,True,0.6166666666666667
SIDER,fedavg_proto,0.5,0,8,200,16,16,0.1,val,server,14,107,36,143,True,0.5555555555555556
SIDER,fedavg_proto,0.5,0,8,200,16,16,0.1,val,server,15,94,49,143,True,0.6973512809379071
SIDER,fedavg_proto,0.5,0,8,200,16,16,0.1,val,server,16,129,14,143,True,0.6262458471760798
SIDER,fedavg_proto,0.5,0,8,200,16,16,0.1,val,server,17,20,123,143,True,0.5613821138211382
SIDER,fedavg_proto,0.5,0,8,200,16,16,0.1,val,server,18,104,39,143,True,0.5106015779092703
SIDER,fedavg_proto,0.5,0,8,200,16,16,0.1,val,server,19,103,40,143,True,0.5419902912621358
SIDER,fedavg_proto,0.5,0,8,200,16,16,0.1,val,server,20,102,41,143,True,0.5392156862745098
SIDER,fedavg_proto,0.5,0,8,200,16,16,0.1,val,server,21,98,45,143,True,0.6208616780045352
SIDER,fedavg_proto,0.5,0,8,200,16,16,0.1,val,server,22,10,133,143,True,0.5766917293233083
SIDER,fedavg_proto,0.5,0,8,200,16,16,0.1,val,server,23,64,79,143,True,0.5524129746835443
SIDER,fedavg_proto,0.5,0,8,200,16,16,0.1,val,server,24,104,39,143,True,0.5705128205128205
SIDER,fedavg_proto,0.5,0,8,200,16,16,0.1,val,server,25,134,9,143,True,0.7230514096185738
SIDER,fedavg_proto,0.5,0,8,200,16,16,0.1,val,server,26,95,48,143,True,0.5695175438596491
SIDER,fedavg_proto,0.5,0,8,200,16,16,0.1,val,client_0,0,76,67,143,True,0.6480754124116261
SIDER,fedavg_proto,0.5,0,8,200,16,16,0.1,val,client_0,1,99,44,143,True,0.6540404040404041
SIDER,fedavg_proto,0.5,0,8,200,16,16,0.1,val,client_0,2,2,141,143,True,0.2482269503546099
SIDER,fedavg_proto,0.5,0,8,200,16,16,0.1,val,client_0,3,85,58,143,True,0.5851926977687627
SIDER,fedavg_proto,0.5,0,8,200,16,16,0.1,val,client_0,4,117,26,143,True,0.7343852728468112
SIDER,fedavg_proto,0.5,0,8,200,16,16,0.1,val,client_0,5,99,44,143,True,0.620752984389348
SIDER,fedavg_proto,0.5,0,8,200,16,16,0.1,val,client_0,6,131,12,143,True,0.8206106870229007
SIDER,fedavg_proto,0.5,0,8,200,16,16,0.1,val,client_0,7,20,123,143,True,0.5849593495934958
SIDER,fedavg_proto,0.5,0,8,200,16,16,0.1,val,client_0,8,97,46,143,True,0.621918422232183
SIDER,fedavg_proto,0.5,0,8,200,16,16,0.1,val,client_0,9,71,72,143,True,0.5864632237871674
SIDER,fedavg_proto,0.5,0,8,200,16,16,0.1,val,client_0,10,35,108,143,True,0.5417989417989417
SIDER,fedavg_proto,0.5,0,8,200,16,16,0.1,val,client_0,11,130,13,143,True,0.5662721893491125
SIDER,fedavg_proto,0.5,0,8,200,16,16,0.1,val,client_0,12,37,106,143,True,0.6257011728709843
SIDER,fedavg_proto,0.5,0,8,200,16,16,0.1,val,client_0,13,20,123,143,True,0.6483739837398375
SIDER,fedavg_proto,0.5,0,8,200,16,16,0.1,val,client_0,14,107,36,143,True,0.6194184839044652
SIDER,fedavg_proto,0.5,0,8,200,16,16,0.1,val,client_0,15,94,49,143,True,0.7140686061658705
SIDER,fedavg_proto,0.5,0,8,200,16,16,0.1,val,client_0,16,129,14,143,True,0.6727574750830564
SIDER,fedavg_proto,0.5,0,8,200,16,16,0.1,val,client_0,17,20,123,143,True,0.6597560975609755
SIDER,fedavg_proto,0.5,0,8,200,16,16,0.1,val,client_0,18,104,39,143,True,0.5392011834319527
SIDER,fedavg_proto,0.5,0,8,200,16,16,0.1,val,client_0,19,103,40,143,True,0.6150485436893204
SIDER,fedavg_proto,0.5,0,8,200,16,16,0.1,val,client_0,20,102,41,143,True,0.6382113821138211
SIDER,fedavg_proto,0.5,0,8,200,16,16,0.1,val,client_0,21,98,45,143,True,0.6335600907029478
SIDER,fedavg_proto,0.5,0,8,200,16,16,0.1,val,client_0,22,10,133,143,True,0.5902255639097745
SIDER,fedavg_proto,0.5,0,8,200,16,16,0.1,val,client_0,23,64,79,143,True,0.5979034810126582
SIDER,fedavg_proto,0.5,0,8,200,16,16,0.1,val,client_0,24,104,39,143,True,0.6134122287968441
SIDER,fedavg_proto,0.5,0,8,200,16,16,0.1,val,client_0,25,134,9,143,True,0.802653399668325
SIDER,fedavg_proto,0.5,0,8,200,16,16,0.1,val,client_0,26,95,48,143,True,0.631578947368421
SIDER,fedavg_proto,0.5,0,8,200,16,16,0.1,val,client_1,0,76,67,143,True,0.612725844461901
SIDER,fedavg_proto,0.5,0,8,200,16,16,0.1,val,client_1,1,99,44,143,True,0.5948117539026629
SIDER,fedavg_proto,0.5,0,8,200,16,16,0.1,val,client_1,2,2,141,143,True,0.648936170212766
SIDER,fedavg_proto,0.5,0,8,200,16,16,0.1,val,client_1,3,85,58,143,True,0.6060851926977688
SIDER,fedavg_proto,0.5,0,8,200,16,16,0.1,val,client_1,4,117,26,143,True,0.6084812623274162
SIDER,fedavg_proto,0.5,0,8,200,16,16,0.1,val,client_1,5,99,44,143,True,0.5564738292011019
SIDER,fedavg_proto,0.5,0,8,200,16,16,0.1,val,client_1,6,131,12,143,True,0.8085241730279898
SIDER,fedavg_proto,0.5,0,8,200,16,16,0.1,val,client_1,7,20,123,143,True,0.6130081300813008
SIDER,fedavg_proto,0.5,0,8,200,16,16,0.1,val,client_1,8,97,46,143,True,0.6158673240699237
SIDER,fedavg_proto,0.5,0,8,200,16,16,0.1,val,client_1,9,71,72,143,True,0.6326291079812206
SIDER,fedavg_proto,0.5,0,8,200,16,16,0.1,val,client_1,10,35,108,143,True,0.5441798941798942
SIDER,fedavg_proto,0.5,0,8,200,16,16,0.1,val,client_1,11,130,13,143,True,0.5272189349112426
SIDER,fedavg_proto,0.5,0,8,200,16,16,0.1,val,client_1,12,37,106,143,True,0.6216216216216216
SIDER,fedavg_proto,0.5,0,8,200,16,16,0.1,val,client_1,13,20,123,143,True,0.6077235772357723
SIDER,fedavg_proto,0.5,0,8,200,16,16,0.1,val,client_1,14,107,36,143,True,0.5646417445482866
SIDER,fedavg_proto,0.5,0,8,200,16,16,0.1,val,client_1,15,94,49,143,True,0.6925749023013461
SIDER,fedavg_proto,0.5,0,8,200,16,16,0.1,val,client_1,16,129,14,143,True,0.6605758582502769
SIDER,fedavg_proto,0.5,0,8,200,16,16,0.1,val,client_1,17,20,123,143,True,0.541869918699187
SIDER,fedavg_proto,0.5,0,8,200,16,16,0.1,val,client_1,18,104,39,143,True,0.5194773175542406
SIDER,fedavg_proto,0.5,0,8,200,16,16,0.1,val,client_1,19,103,40,143,True,0.5376213592233009
SIDER,fedavg_proto,0.5,0,8,200,16,16,0.1,val,client_1,20,102,41,143,True,0.5392156862745098
SIDER,fedavg_proto,0.5,0,8,200,16,16,0.1,val,client_1,21,98,45,143,True,0.6578231292517006
SIDER,fedavg_proto,0.5,0,8,200,16,16,0.1,val,client_1,22,10,133,143,True,0.5744360902255639
SIDER,fedavg_proto,0.5,0,8,200,16,16,0.1,val,client_1,23,64,79,143,True,0.5553797468354431
SIDER,fedavg_proto,0.5,0,8,200,16,16,0.1,val,client_1,24,104,39,143,True,0.5660749506903353
SIDER,fedavg_proto,0.5,0,8,200,16,16,0.1,val,client_1,25,134,9,143,True,0.7180762852404643
SIDER,fedavg_proto,0.5,0,8,200,16,16,0.1,val,client_1,26,95,48,143,True,0.5671052631578947
SIDER,fedavg_proto,0.5,0,8,200,16,16,0.1,val,client_2,0,76,67,143,True,0.5412411626080126
SIDER,fedavg_proto,0.5,0,8,200,16,16,0.1,val,client_2,1,99,44,143,True,0.5511937557392104
SIDER,fedavg_proto,0.5,0,8,200,16,16,0.1,val,client_2,2,2,141,143,True,0.7659574468085107
SIDER,fedavg_proto,0.5,0,8,200,16,16,0.1,val,client_2,3,85,58,143,True,0.5823529411764706
SIDER,fedavg_proto,0.5,0,8,200,16,16,0.1,val,client_2,4,117,26,143,True,0.4888231426692965
SIDER,fedavg_proto,0.5,0,8,200,16,16,0.1,val,client_2,5,99,44,143,True,0.5270890725436179
SIDER,fedavg_proto,0.5,0,8,200,16,16,0.1,val,client_2,6,131,12,143,True,0.7067430025445293
SIDER,fedavg_proto,0.5,0,8,200,16,16,0.1,val,client_2,7,20,123,143,True,0.5552845528455285
SIDER,fedavg_proto,0.5,0,8,200,16,16,0.1,val,client_2,8,97,46,143,True,0.5432541461228149
SIDER,fedavg_proto,0.5,0,8,200,16,16,0.1,val,client_2,9,71,72,143,True,0.581377151799687
SIDER,fedavg_proto,0.5,0,8,200,16,16,0.1,val,client_2,10,35,108,143,True,0.526984126984127
SIDER,fedavg_proto,0.5,0,8,200,16,16,0.1,val,client_2,11,130,13,143,True,0.4017751479289941
SIDER,fedavg_proto,0.5,0,8,200,16,16,0.1,val,client_2,12,37,106,143,True,0.606068332483427
SIDER,fedavg_proto,0.5,0,8,200,16,16,0.1,val,client_2,13,20,123,143,True,0.5983739837398374
SIDER,fedavg_proto,0.5,0,8,200,16,16,0.1,val,client_2,14,107,36,143,True,0.48364485981308414
SIDER,fedavg_proto,0.5,0,8,200,16,16,0.1,val,client_2,15,94,49,143,True,0.6280937907077725
SIDER,fedavg_proto,0.5,0,8,200,16,16,0.1,val,client_2,16,129,14,143,True,0.5669988925802879
SIDER,fedavg_proto,0.5,0,8,200,16,16,0.1,val,client_2,17,20,123,143,True,0.5321138211382114
SIDER,fedavg_proto,0.5,0,8,200,16,16,0.1,val,client_2,18,104,39,143,True,0.49087771203155817
SIDER,fedavg_proto,0.5,0,8,200,16,16,0.1,val,client_2,19,103,40,143,True,0.47621359223300974
SIDER,fedavg_proto,0.5,0,8,200,16,16,0.1,val,client_2,20,102,41,143,True,0.505738880918221
SIDER,fedavg_proto,0.5,0,8,200,16,16,0.1,val,client_2,21,98,45,143,True,0.5952380952380952
SIDER,fedavg_proto,0.5,0,8,200,16,16,0.1,val,client_2,22,10,133,143,True,0.5977443609022557
SIDER,fedavg_proto,0.5,0,8,200,16,16,0.1,val,client_2,23,64,79,143,True,0.5144382911392406
SIDER,fedavg_proto,0.5,0,8,200,16,16,0.1,val,client_2,24,104,39,143,True,0.5902366863905326
SIDER,fedavg_proto,0.5,0,8,200,16,16,0.1,val,client_2,25,134,9,143,True,0.5729684908789386
SIDER,fedavg_proto,0.5,0,8,200,16,16,0.1,val,client_2,26,95,48,143,True,0.562061403508772
SIDER,fedavg_proto,0.5,0,8,200,16,16,0.1,val,client_3,0,76,67,143,True,0.5663786331500392
SIDER,fedavg_proto,0.5,0,8,200,16,16,0.1,val,client_3,1,99,44,143,True,0.592516069788797
SIDER,fedavg_proto,0.5,0,8,200,16,16,0.1,val,client_3,2,2,141,143,True,0.5212765957446809
SIDER,fedavg_proto,0.5,0,8,200,16,16,0.1,val,client_3,3,85,58,143,True,0.5803245436105476
SIDER,fedavg_proto,0.5,0,8,200,16,16,0.1,val,client_3,4,117,26,143,True,0.6084812623274161
SIDER,fedavg_proto,0.5,0,8,200,16,16,0.1,val,client_3,5,99,44,143,True,0.5766758494031221
SIDER,fedavg_proto,0.5,0,8,200,16,16,0.1,val,client_3,6,131,12,143,True,0.8066157760814249
SIDER,fedavg_proto,0.5,0,8,200,16,16,0.1,val,client_3,7,20,123,143,True,0.5833333333333334
SIDER,fedavg_proto,0.5,0,8,200,16,16,0.1,val,client_3,8,97,46,143,True,0.5988346033168982
SIDER,fedavg_proto,0.5,0,8,200,16,16,0.1,val,client_3,9,71,72,143,True,0.6056338028169014
SIDER,fedavg_proto,0.5,0,8,200,16,16,0.1,val,client_3,10,35,108,143,True,0.5624338624338624
SIDER,fedavg_proto,0.5,0,8,200,16,16,0.1,val,client_3,11,130,13,143,True,0.4236686390532544
SIDER,fedavg_proto,0.5,0,8,200,16,16,0.1,val,client_3,12,37,106,143,True,0.6346251912289648
SIDER,fedavg_proto,0.5,0,8,200,16,16,0.1,val,client_3,13,20,123,143,True,0.5857723577235773
SIDER,fedavg_proto,0.5,0,8,200,16,16,0.1,val,client_3,14,107,36,143,True,0.5428348909657321
SIDER,fedavg_proto,0.5,0,8,200,16,16,0.1,val,client_3,15,94,49,143,True,0.6558836300477637
SIDER,fedavg_proto,0.5,0,8,200,16,16,0.1,val,client_3,16,129,14,143,True,0.6090808416389812
SIDER,fedavg_proto,0.5,0,8,200,16,16,0.1,val,client_3,17,20,123,143,True,0.5772357723577235
SIDER,fedavg_proto,0.5,0,8,200,16,16,0.1,val,client_3,18,104,39,143,True,0.5194773175542406
SIDER,fedavg_proto,0.5,0,8,200,16,16,0.1,val,client_3,19,103,40,143,True,0.5434466019417475
SIDER,fedavg_proto,0.5,0,8,200,16,16,0.1,val,client_3,20,102,41,143,True,0.526781444285031
SIDER,fedavg_proto,0.5,0,8,200,16,16,0.1,val,client_3,21,98,45,143,True,0.5975056689342404
SIDER,fedavg_proto,0.5,0,8,200,16,16,0.1,val,client_3,22,10,133,143,True,0.5954887218045113
SIDER,fedavg_proto,0.5,0,8,200,16,16,0.1,val,client_3,23,64,79,143,True,0.5314477848101267
SIDER,fedavg_proto,0.5,0,8,200,16,16,0.1,val,client_3,24,104,39,143,True,0.5724852071005918
SIDER,fedavg_proto,0.5,0,8,200,16,16,0.1,val,client_3,25,134,9,143,True,0.6865671641791045
SIDER,fedavg_proto,0.5,0,8,200,16,16,0.1,val,client_3,26,95,48,143,True,0.5521929824561403
SIDER,fedavg_proto,0.5,0,8,200,16,16,0.1,test,server,0,72,71,143,True,0.6140453834115807
SIDER,fedavg_proto,0.5,0,8,200,16,16,0.1,test,server,1,105,38,143,True,0.5147869674185465
SIDER,fedavg_proto,0.5,0,8,200,16,16,0.1,test,server,2,5,138,143,True,0.48260869565217396
SIDER,fedavg_proto,0.5,0,8,200,16,16,0.1,test,server,3,90,53,143,True,0.5477987421383648
SIDER,fedavg_proto,0.5,0,8,200,16,16,0.1,test,server,4,118,25,143,True,0.5779661016949152
SIDER,fedavg_proto,0.5,0,8,200,16,16,0.1,test,server,5,104,39,143,True,0.6116863905325444
SIDER,fedavg_proto,0.5,0,8,200,16,16,0.1,test,server,6,134,9,143,True,0.7703150912106136
SIDER,fedavg_proto,0.5,0,8,200,16,16,0.1,test,server,7,24,119,143,True,0.6512605042016807
SIDER,fedavg_proto,0.5,0,8,200,16,16,0.1,test,server,8,91,52,143,True,0.5617075232459848
SIDER,fedavg_proto,0.5,0,8,200,16,16,0.1,test,server,9,74,69,143,True,0.6126126126126126
SIDER,fedavg_proto,0.5,0,8,200,16,16,0.1,test,server,10,39,104,143,True,0.6107001972386588
SIDER,fedavg_proto,0.5,0,8,200,16,16,0.1,test,server,11,130,13,143,True,0.5390532544378698
SIDER,fedavg_proto,0.5,0,8,200,16,16,0.1,test,server,12,33,110,143,True,0.6292011019283748
SIDER,fedavg_proto,0.5,0,8,200,16,16,0.1,test,server,13,20,123,143,True,0.6788617886178862
SIDER,fedavg_proto,0.5,0,8,200,16,16,0.1,test,server,14,113,30,143,True,0.5666666666666667
SIDER,fedavg_proto,0.5,0,8,200,16,16,0.1,test,server,15,83,60,143,True,0.6080321285140562
SIDER,fedavg_proto,0.5,0,8,200,16,16,0.1,test,server,16,131,12,143,True,0.6946564885496184
SIDER,fedavg_proto,0.5,0,8,200,16,16,0.1,test,server,17,30,113,143,True,0.5017699115044247
SIDER,fedavg_proto,0.5,0,8,200,16,16,0.1,test,server,18,109,34,143,True,0.5250944414463034
SIDER,fedavg_proto,0.5,0,8,200,16,16,0.1,test,server,19,104,39,143,True,0.5626232741617357
SIDER,fedavg_proto,0.5,0,8,200,16,16,0.1,test,server,20,102,41,143,True,0.6162123385939742
SIDER,fedavg_proto,0.5,0,8,200,16,16,0.1,test,server,21,98,45,143,True,0.5845804988662132
SIDER,fedavg_proto,0.5,0,8,200,16,16,0.1,test,server,22,14,129,143,True,0.5808416389811739
SIDER,fedavg_proto,0.5,0,8,200,16,16,0.1,test,server,23,60,83,143,True,0.493574297188755
SIDER,fedavg_proto,0.5,0,8,200,16,16,0.1,test,server,24,98,45,143,True,0.5312925170068028
SIDER,fedavg_proto,0.5,0,8,200,16,16,0.1,test,server,25,132,11,143,True,0.7334710743801653
SIDER,fedavg_proto,0.5,0,8,200,16,16,0.1,test,server,26,101,42,143,True,0.5834512022630836
SIDER,fedavg_proto,0.5,0,8,200,16,16,0.1,test,client_0,0,72,71,143,True,0.6476917057902973
SIDER,fedavg_proto,0.5,0,8,200,16,16,0.1,test,client_0,1,105,38,143,True,0.5962406015037595
SIDER,fedavg_proto,0.5,0,8,200,16,16,0.1,test,client_0,2,5,138,143,True,0.4217391304347826
SIDER,fedavg_proto,0.5,0,8,200,16,16,0.1,test,client_0,3,90,53,143,True,0.519706498951782
SIDER,fedavg_proto,0.5,0,8,200,16,16,0.1,test,client_0,4,118,25,143,True,0.6423728813559322
SIDER,fedavg_proto,0.5,0,8,200,16,16,0.1,test,client_0,5,104,39,143,True,0.5971400394477318
SIDER,fedavg_proto,0.5,0,8,200,16,16,0.1,test,client_0,6,134,9,143,True,0.7155887230514096
SIDER,fedavg_proto,0.5,0,8,200,16,16,0.1,test,client_0,7,24,119,143,True,0.5920868347338936
SIDER,fedavg_proto,0.5,0,8,200,16,16,0.1,test,client_0,8,91,52,143,True,0.5902366863905325
SIDER,fedavg_proto,0.5,0,8,200,16,16,0.1,test,client_0,9,74,69,143,True,0.6273012142577361
SIDER,fedavg_proto,0.5,0,8,200,16,16,0.1,test,client_0,10,39,104,143,True,0.6380670611439843
SIDER,fedavg_proto,0.5,0,8,200,16,16,0.1,test,client_0,11,130,13,143,True,0.5798816568047338
SIDER,fedavg_proto,0.5,0,8,200,16,16,0.1,test,client_0,12,33,110,143,True,0.5515151515151515
SIDER,fedavg_proto,0.5,0,8,200,16,16,0.1,test,client_0,13,20,123,143,True,0.6134146341463415
SIDER,fedavg_proto,0.5,0,8,200,16,16,0.1,test,client_0,14,113,30,143,True,0.5575221238938053
SIDER,fedavg_proto,0.5,0,8,200,16,16,0.1,test,client_0,15,83,60,143,True,0.6441767068273092
SIDER,fedavg_proto,0.5,0,8,200,16,16,0.1,test,client_0,16,131,12,143,True,0.7729007633587787
SIDER,fedavg_proto,0.5,0,8,200,16,16,0.1,test,client_0,17,30,113,143,True,0.4961651917404129
SIDER,fedavg_proto,0.5,0,8,200,16,16,0.1,test,client_0,18,109,34,143,True,0.5242849433351323
SIDER,fedavg_proto,0.5,0,8,200,16,16,0.1,test,client_0,19,104,39,143,True,0.5488165680473374
SIDER,fedavg_proto,0.5,0,8,200,16,16,0.1,test,client_0,20,102,41,143,True,0.6013868962219033
SIDER,fedavg_proto,0.5,0,8,200,16,16,0.1,test,client_0,21,98,45,143,True,0.600907029478458
SIDER,fedavg_proto,0.5,0,8,200,16,16,0.1,test,client_0,22,14,129,143,True,0.43576965669988926
SIDER,fedavg_proto,0.5,0,8,200,16,16,0.1,test,client_0,23,60,83,143,True,0.5058232931726907
SIDER,fedavg_proto,0.5,0,8,200,16,16,0.1,test,client_0,24,98,45,143,True,0.5056689342403629
SIDER,fedavg_proto,0.5,0,8,200,16,16,0.1,test,client_0,25,132,11,143,True,0.7396694214876034
SIDER,fedavg_proto,0.5,0,8,200,16,16,0.1,test,client_0,26,101,42,143,True,0.5775577557755776
SIDER,fedavg_proto,0.5,0,8,200,16,16,0.1,test,client_1,0,72,71,143,True,0.6025039123630673
SIDER,fedavg_proto,0.5,0,8,200,16,16,0.1,test,client_1,1,105,38,143,True,0.506265664160401
SIDER,fedavg_proto,0.5,0,8,200,16,16,0.1,test,client_1,2,5,138,143,True,0.5043478260869565
SIDER,fedavg_proto,0.5,0,8,200,16,16,0.1,test,client_1,3,90,53,143,True,0.569601677148847
SIDER,fedavg_proto,0.5,0,8,200,16,16,0.1,test,client_1,4,118,25,143,True,0.5698305084745763
SIDER,fedavg_proto,0.5,0,8,200,16,16,0.1,test,client_1,5,104,39,143,True,0.6210552268244577
SIDER,fedavg_proto,0.5,0,8,200,16,16,0.1,test,client_1,6,134,9,143,True,0.7960199004975125
SIDER,fedavg_proto,0.5,0,8,200,16,16,0.1,test,client_1,7,24,119,143,True,0.6680672268907564
SIDER,fedavg_proto,0.5,0,8,200,16,16,0.1,test,client_1,8,91,52,143,True,0.5513524936601859
SIDER,fedavg_proto,0.5,0,8,200,16,16,0.1,test,client_1,9,74,69,143,True,0.6419898159028594
SIDER,fedavg_proto,0.5,0,8,200,16,16,0.1,test,client_1,10,39,104,143,True,0.5914694280078896
SIDER,fedavg_proto,0.5,0,8,200,16,16,0.1,test,client_1,11,130,13,143,True,0.4970414201183431
SIDER,fedavg_proto,0.5,0,8,200,16,16,0.1,test,client_1,12,33,110,143,True,0.6192837465564739
SIDER,fedavg_proto,0.5,0,8,200,16,16,0.1,test,client_1,13,20,123,143,True,0.6821138211382114
SIDER,fedavg_proto,0.5,0,8,200,16,16,0.1,test,client_1,14,113,30,143,True,0.5864306784660767
SIDER,fedavg_proto,0.5,0,8,200,16,16,0.1,test,client_1,15,83,60,143,True,0.5893574297188754
SIDER,fedavg_proto,0.5,0,8,200,16,16,0.1,test,client_1,16,131,12,143,True,0.66793893129771
SIDER,fedavg_proto,0.5,0,8,200,16,16,0.1,test,client_1,17,30,113,143,True,0.5380530973451327
SIDER,fedavg_proto,0.5,0,8,200,16,16,0.1,test,client_1,18,109,34,143,True,0.5234754452239612
SIDER,fedavg_proto,0.5,0,8,200,16,16,0.1,test,client_1,19,104,39,143,True,0.590483234714004
SIDER,fedavg_proto,0.5,0,8,200,16,16,0.1,test,client_1,20,102,41,143,True,0.6181252989000479
SIDER,fedavg_proto,0.5,0,8,200,16,16,0.1,test,client_1,21,98,45,143,True,0.5714285714285714
SIDER,fedavg_proto,0.5,0,8,200,16,16,0.1,test,client_1,22,14,129,143,True,0.5968992248062015
SIDER,fedavg_proto,0.5,0,8,200,16,16,0.1,test,client_1,23,60,83,143,True,0.505421686746988
SIDER,fedavg_proto,0.5,0,8,200,16,16,0.1,test,client_1,24,98,45,143,True,0.5673469387755102
SIDER,fedavg_proto,0.5,0,8,200,16,16,0.1,test,client_1,25,132,11,143,True,0.778236914600551
SIDER,fedavg_proto,0.5,0,8,200,16,16,0.1,test,client_1,26,101,42,143,True,0.5676567656765676
SIDER,fedavg_proto,0.5,0,8,200,16,16,0.1,test,client_2,0,72,71,143,True,0.5410798122065728
SIDER,fedavg_proto,0.5,0,8,200,16,16,0.1,test,client_2,1,105,38,143,True,0.4739348370927319
SIDER,fedavg_proto,0.5,0,8,200,16,16,0.1,test,client_2,2,5,138,143,True,0.5318840579710145
SIDER,fedavg_proto,0.5,0,8,200,16,16,0.1,test,client_2,3,90,53,143,True,0.551153039832285
SIDER,fedavg_proto,0.5,0,8,200,16,16,0.1,test,client_2,4,118,25,143,True,0.5216949152542372
SIDER,fedavg_proto,0.5,0,8,200,16,16,0.1,test,client_2,5,104,39,143,True,0.5424063116370809
SIDER,fedavg_proto,0.5,0,8,200,16,16,0.1,test,client_2,6,134,9,143,True,0.669983416252073
SIDER,fedavg_proto,0.5,0,8,200,16,16,0.1,test,client_2,7,24,119,143,True,0.6299019607843137
SIDER,fedavg_proto,0.5,0,8,200,16,16,0.1,test,client_2,8,91,52,143,True,0.5323330515638208
SIDER,fedavg_proto,0.5,0,8,200,16,16,0.1,test,client_2,9,74,69,143,True,0.5403446925186056
SIDER,fedavg_proto,0.5,0,8,200,16,16,0.1,test,client_2,10,39,104,143,True,0.5700197238658776
SIDER,fedavg_proto,0.5,0,8,200,16,16,0.1,test,client_2,11,130,13,143,True,0.49644970414201184
SIDER,fedavg_proto,0.5,0,8,200,16,16,0.1,test,client_2,12,33,110,143,True,0.6151515151515152
SIDER,fedavg_proto,0.5,0,8,200,16,16,0.1,test,client_2,13,20,123,143,True,0.6691056910569105
SIDER,fedavg_proto,0.5,0,8,200,16,16,0.1,test,client_2,14,113,30,143,True,0.5530973451327433
SIDER,fedavg_proto,0.5,0,8,200,16,16,0.1,test,client_2,15,83,60,143,True,0.5339357429718876
SIDER,fedavg_proto,0.5,0,8,200,16,16,0.1,test,client_2,16,131,12,143,True,0.6774809160305344
SIDER,fedavg_proto,0.5,0,8,200,16,16,0.1,test,client_2,17,30,113,143,True,0.5064896755162243
SIDER,fedavg_proto,0.5,0,8,200,16,16,0.1,test,client_2,18,109,34,143,True,0.519158121964382
SIDER,fedavg_proto,0.5,0,8,200,16,16,0.1,test,client_2,19,104,39,143,True,0.5557199211045365
SIDER,fedavg_proto,0.5,0,8,200,16,16,0.1,test,client_2,20,102,41,143,True,0.615973218555715
SIDER,fedavg_proto,0.5,0,8,200,16,16,0.1,test,client_2,21,98,45,143,True,0.5718820861678005
SIDER,fedavg_proto,0.5,0,8,200,16,16,0.1,test,client_2,22,14,129,143,True,0.5852713178294574
SIDER,fedavg_proto,0.5,0,8,200,16,16,0.1,test,client_2,23,60,83,143,True,0.5136546184738956
SIDER,fedavg_proto,0.5,0,8,200,16,16,0.1,test,client_2,24,98,45,143,True,0.49047619047619045
SIDER,fedavg_proto,0.5,0,8,200,16,16,0.1,test,client_2,25,132,11,143,True,0.6728650137741048
SIDER,fedavg_proto,0.5,0,8,200,16,16,0.1,test,client_2,26,101,42,143,True,0.5610561056105611
SIDER,fedavg_proto,0.5,0,8,200,16,16,0.1,test,client_3,0,72,71,143,True,0.5770735524256652
SIDER,fedavg_proto,0.5,0,8,200,16,16,0.1,test,client_3,1,105,38,143,True,0.543107769423559
SIDER,fedavg_proto,0.5,0,8,200,16,16,0.1,test,client_3,2,5,138,143,True,0.4028985507246377
SIDER,fedavg_proto,0.5,0,8,200,16,16,0.1,test,client_3,3,90,53,143,True,0.5807127882599581
SIDER,fedavg_proto,0.5,0,8,200,16,16,0.1,test,client_3,4,118,25,143,True,0.5566101694915254
SIDER,fedavg_proto,0.5,0,8,200,16,16,0.1,test,client_3,5,104,39,143,True,0.5981262327416175
SIDER,fedavg_proto,0.5,0,8,200,16,16,0.1,test,client_3,6,134,9,143,True,0.7006633499170812
SIDER,fedavg_proto,0.5,0,8,200,16,16,0.1,test,client_3,7,24,119,143,True,0.6288515406162465
SIDER,fedavg_proto,0.5,0,8,200,16,16,0.1,test,client_3,8,91,52,143,True,0.5534657650042265
SIDER,fedavg_proto,0.5,0,8,200,16,16,0.1,test,client_3,9,74,69,143,True,0.6355268311790051
SIDER,fedavg_proto,0.5,0,8,200,16,16,0.1,test,client_3,10,39,104,143,True,0.5845660749506902
SIDER,fedavg_proto,0.5,0,8,200,16,16,0.1,test,client_3,11,130,13,143,True,0.5781065088757397
SIDER,fedavg_proto,0.5,0,8,200,16,16,0.1,test,client_3,12,33,110,143,True,0.6415977961432507
SIDER,fedavg_proto,0.5,0,8,200,16,16,0.1,test,client_3,13,20,123,143,True,0.6658536585365853
SIDER,fedavg_proto,0.5,0,8,200,16,16,0.1,test,client_3,14,113,30,143,True,0.5899705014749262
SIDER,fedavg_proto,0.5,0,8,200,16,16,0.1,test,client_3,15,83,60,143,True,0.6100401606425703
SIDER,fedavg_proto,0.5,0,8,200,16,16,0.1,test,client_3,16,131,12,143,True,0.678117048346056
SIDER,fedavg_proto,0.5,0,8,200,16,16,0.1,test,client_3,17,30,113,143,True,0.4876106194690265
SIDER,fedavg_proto,0.5,0,8,200,16,16,0.1,test,client_3,18,109,34,143,True,0.5566648677819752
SIDER,fedavg_proto,0.5,0,8,200,16,16,0.1,test,client_3,19,104,39,143,True,0.5860453648915187
SIDER,fedavg_proto,0.5,0,8,200,16,16,0.1,test,client_3,20,102,41,143,True,0.6023433763749402
SIDER,fedavg_proto,0.5,0,8,200,16,16,0.1,test,client_3,21,98,45,143,True,0.6126984126984127
SIDER,fedavg_proto,0.5,0,8,200,16,16,0.1,test,client_3,22,14,129,143,True,0.5924695459579181
SIDER,fedavg_proto,0.5,0,8,200,16,16,0.1,test,client_3,23,60,83,143,True,0.5409638554216867
SIDER,fedavg_proto,0.5,0,8,200,16,16,0.1,test,client_3,24,98,45,143,True,0.5655328798185941
SIDER,fedavg_proto,0.5,0,8,200,16,16,0.1,test,client_3,25,132,11,143,True,0.6666666666666667
SIDER,fedavg_proto,0.5,0,8,200,16,16,0.1,test,client_3,26,101,42,143,True,0.5454974068835455
SIDER,fedavg_proto,0.5,0,9,200,16,16,0.1,val,server,0,76,67,143,True,0.6007462686567164
SIDER,fedavg_proto,0.5,0,9,200,16,16,0.1,val,server,1,99,44,143,True,0.6028466483011937
SIDER,fedavg_proto,0.5,0,9,200,16,16,0.1,val,server,2,2,141,143,True,0.7198581560283688
SIDER,fedavg_proto,0.5,0,9,200,16,16,0.1,val,server,3,85,58,143,True,0.577079107505071
SIDER,fedavg_proto,0.5,0,9,200,16,16,0.1,val,server,4,117,26,143,True,0.6222879684418146
SIDER,fedavg_proto,0.5,0,9,200,16,16,0.1,val,server,5,99,44,143,True,0.5702479338842976
SIDER,fedavg_proto,0.5,0,9,200,16,16,0.1,val,server,6,131,12,143,True,0.8129770992366412
SIDER,fedavg_proto,0.5,0,9,200,16,16,0.1,val,server,7,20,123,143,True,0.6028455284552846
SIDER,fedavg_proto,0.5,0,9,200,16,16,0.1,val,server,8,97,46,143,True,0.5977140295831466
SIDER,fedavg_proto,0.5,0,9,200,16,16,0.1,val,server,9,71,72,143,True,0.6017214397496088
SIDER,fedavg_proto,0.5,0,9,200,16,16,0.1,val,server,10,35,108,143,True,0.5357142857142857
SIDER,fedavg_proto,0.5,0,9,200,16,16,0.1,val,server,11,130,13,143,True,0.4881656804733728
SIDER,fedavg_proto,0.5,0,9,200,16,16,0.1,val,server,12,37,106,143,True,0.6336053034166242
SIDER,fedavg_proto,0.5,0,9,200,16,16,0.1,val,server,13,20,123,143,True,0.6207317073170732
SIDER,fedavg_proto,0.5,0,9,200,16,16,0.1,val,server,14,107,36,143,True,0.5638629283489097
SIDER,fedavg_proto,0.5,0,9,200,16,16,0.1,val,server,15,94,49,143,True,0.7027789839339991
SIDER,fedavg_proto,0.5,0,9,200,16,16,0.1,val,server,16,129,14,143,True,0.6190476190476191
SIDER,fedavg_proto,0.5,0,9,200,16,16,0.1,val,server,17,20,123,143,True,0.5642276422764227
SIDER,fedavg_proto,0.5,0,9,200,16,16,0.1,val,server,18,104,39,143,True,0.501232741617357
SIDER,fedavg_proto,0.5,0,9,200,16,16,0.1,val,server,19,103,40,143,True,0.5468446601941747
SIDER,fedavg_proto,0.5,0,9,200,16,16,0.1,val,server,20,102,41,143,True,0.5411286465805835
SIDER,fedavg_proto,0.5,0,9,200,16,16,0.1,val,server,21,98,45,143,True,0.6306122448979592
SIDER,fedavg_proto,0.5,0,9,200,16,16,0.1,val,server,22,10,133,143,True,0.5849624060150376
SIDER,fedavg_proto,0.5,0,9,200,16,16,0.1,val,server,23,64,79,143,True,0.5409414556962024
SIDER,fedavg_proto,0.5,0,9,200,16,16,0.1,val,server,24,104,39,143,True,0.5751972386587771
SIDER,fedavg_proto,0.5,0,9,200,16,16,0.1,val,server,25,134,9,143,True,0.7072968490878938
SIDER,fedavg_proto,0.5,0,9,200,16,16,0.1,val,server,26,95,48,143,True,0.5793859649122807
SIDER,fedavg_proto,0.5,0,9,200,16,16,0.1,val,client_0,0,76,67,143,True,0.657109190887667
SIDER,fedavg_proto,0.5,0,9,200,16,16,0.1,val,client_0,1,99,44,143,True,0.6487603305785125
SIDER,fedavg_proto,0.5,0,9,200,16,16,0.1,val,client_0,2,2,141,143,True,0.3546099290780142
SIDER,fedavg_proto,0.5,0,9,200,16,16,0.1,val,client_0,3,85,58,143,True,0.5738336713995943
SIDER,fedavg_proto,0.5,0,9,200,16,16,0.1,val,client_0,4,117,26,143,True,0.7396449704142011
SIDER,fedavg_proto,0.5,0,9,200,16,16,0.1,val,client_0,5,99,44,143,True,0.6216712580348944
SIDER,fedavg_proto,0.5,0,9,200,16,16,0.1,val,client_0,6,131,12,143,True,0.8479643765903309
SIDER,fedavg_proto,0.5,0,9,200,16,16,0.1,val,client_0,7,20,123,143,True,0.5910569105691056
SIDER,fedavg_proto,0.5,0,9,200,16,16,0.1,val,client_0,8,97,46,143,True,0.6109367996414165
SIDER,fedavg_proto,0.5,0,9,200,16,16,0.1,val,client_0,9,71,72,143,True,0.5893974960876369
SIDER,fedavg_proto,0.5,0,9,200,16,16,0.1,val,client_0,10,35,108,143,True,0.535978835978836
SIDER,fedavg_proto,0.5,0,9,200,16,16,0.1,val,client_0,11,130,13,143,True,0.5686390532544379
SIDER,fedavg_proto,0.5,0,9,200,16,16,0.1,val,client_0,12,37,106,143,True,0.6231514533401327
SIDER,fedavg_proto,0.5,0,9,200,16,16,0.1,val,client_0,13,20,123,143,True,0.6556910569105692
SIDER,fedavg_proto,0.5,0,9,200,16,16,0.1,val,client_0,14,107,36,143,True,0.6103322949117341
SIDER,fedavg_proto,0.5,0,9,200,16,16,0.1,val,client_0,15,94,49,143,True,0.7147199305254017
SIDER,fedavg_proto,0.5,0,9,200,16,16,0.1,val,client_0,16,129,14,143,True,0.6583610188261352
SIDER,fedavg_proto,0.5,0,9,200,16,16,0.1,val,client_0,17,20,123,143,True,0.6296747967479674
SIDER,fedavg_proto,0.5,0,9,200,16,16,0.1,val,client_0,18,104,39,143,True,0.5298323471400395
SIDER,fedavg_proto,0.5,0,9,200,16,16,0.1,val,client_0,19,103,40,143,True,0.6019417475728156
SIDER,fedavg_proto,0.5,0,9,200,16,16,0.1,val,client_0,20,102,41,143,True,0.6372549019607843
SIDER,fedavg_proto,0.5,0,9,200,16,16,0.1,val,client_0,21,98,45,143,True,0.6337868480725624
SIDER,fedavg_proto,0.5,0,9,200,16,16,0.1,val,client_0,22,10,133,143,True,0.5503759398496241
SIDER,fedavg_proto,0.5,0,9,200,16,16,0.1,val,client_0,23,64,79,143,True,0.5941455696202532
SIDER,fedavg_proto,0.5,0,9,200,16,16,0.1,val,client_0,24,104,39,143,True,0.6087278106508875
SIDER,fedavg_proto,0.5,0,9,200,16,16,0.1,val,client_0,25,134,9,143,True,0.7993366500829188
SIDER,fedavg_proto,0.5,0,9,200,16,16,0.1,val,client_0,26,95,48,143,True,0.6370614035087719
SIDER,fedavg_proto,0.5,0,9,200,16,16,0.1,val,client_1,0,76,67,143,True,0.6199921445404556
SIDER,fedavg_proto,0.5,0,9,200,16,16,0.1,val,client_1,1,99,44,143,True,0.5980257116620753
SIDER,fedavg_proto,0.5,0,9,200,16,16,0.1,val,client_1,2,2,141,143,True,0.6950354609929077
SIDER,fedavg_proto,0.5,0,9,200,16,16,0.1,val,client_1,3,85,58,143,True,0.5997971602434078
SIDER,fedavg_proto,0.5,0,9,200,16,16,0.1,val,client_1,4,117,26,143,True,0.5976331360946746
SIDER,fedavg_proto,0.5,0,9,200,16,16,0.1,val,client_1,5,99,44,143,True,0.5691000918273647
SIDER,fedavg_proto,0.5,0,9,200,16,16,0.1,val,client_1,6,131,12,143,True,0.7919847328244275
SIDER,fedavg_proto,0.5,0,9,200,16,16,0.1,val,client_1,7,20,123,143,True,0.5796747967479674
SIDER,fedavg_proto,0.5,0,9,200,16,16,0.1,val,client_1,8,97,46,143,True,0.608023307933662
SIDER,fedavg_proto,0.5,0,9,200,16,16,0.1,val,client_1,9,71,72,143,True,0.6240219092331768
SIDER,fedavg_proto,0.5,0,9,200,16,16,0.1,val,client_1,10,35,108,143,True,0.5515873015873015
SIDER,fedavg_proto,0.5,0,9,200,16,16,0.1,val,client_1,11,130,13,143,True,0.531360946745562
SIDER,fedavg_proto,0.5,0,9,200,16,16,0.1,val,client_1,12,37,106,143,True,0.6343702192758797
SIDER,fedavg_proto,0.5,0,9,200,16,16,0.1,val,client_1,13,20,123,143,True,0.603658536585366
SIDER,fedavg_proto,0.5,0,9,200,16,16,0.1,val,client_1,14,107,36,143,True,0.5643821391484942
SIDER,fedavg_proto,0.5,0,9,200,16,16,0.1,val,client_1,15,94,49,143,True,0.7019105514546244
SIDER,fedavg_proto,0.5,0,9,200,16,16,0.1,val,client_1,16,129,14,143,True,0.6417497231450721
SIDER,fedavg_proto,0.5,0,9,200,16,16,0.1,val,client_1,17,20,123,143,True,0.5532520325203252
SIDER,fedavg_proto,0.5,0,9,200,16,16,0.1,val,client_1,18,104,39,143,True,0.5167652859960552
SIDER,fedavg_proto,0.5,0,9,200,16,16,0.1,val,client_1,19,103,40,143,True,0.5635922330097087
SIDER,fedavg_proto,0.5,0,9,200,16,16,0.1,val,client_1,20,102,41,143,True,0.5516499282639885
SIDER,fedavg_proto,0.5,0,9,200,16,16,0.1,val,client_1,21,98,45,143,True,0.6469387755102041
SIDER,fedavg_proto,0.5,0,9,200,16,16,0.1,val,client_1,22,10,133,143,True,0.5796992481203007
SIDER,fedavg_proto,0.5,0,9,200,16,16,0.1,val,client_1,23,64,79,143,True,0.563488924050633
SIDER,fedavg_proto,0.5,0,9,200,16,16,0.1,val,client_1,24,104,39,143,True,0.5754437869822484
SIDER,fedavg_proto,0.5,0,9,200,16,16,0.1,val,client_1,25,134,9,143,True,0.7172470978441128
SIDER,fedavg_proto,0.5,0,9,200,16,16,0.1,val,client_1,26,95,48,143,True,0.5745614035087719
SIDER,fedavg_proto,0.5,0,9,200,16,16,0.1,val,client_2,0,76,67,143,True,0.5271013354281225
SIDER,fedavg_proto,0.5,0,9,200,16,16,0.1,val,client_2,1,99,44,143,True,0.5486685032139578
SIDER,fedavg_proto,0.5,0,9,200,16,16,0.1,val,client_2,2,2,141,143,True,0.7943262411347518
SIDER,fedavg_proto,0.5,0,9,200,16,16,0.1,val,client_2,3,85,58,143,True,0.5789046653144015
SIDER,fedavg_proto,0.5,0,9,200,16,16,0.1,val,client_2,4,117,26,143,True,0.48586456278763973
SIDER,fedavg_proto,0.5,0,9,200,16,16,0.1,val,client_2,5,99,44,143,True,0.5195133149678604
SIDER,fedavg_proto,0.5,0,9,200,16,16,0.1,val,client_2,6,131,12,143,True,0.7131043256997456
SIDER,fedavg_proto,0.5,0,9,200,16,16,0.1,val,client_2,7,20,123,143,True,0.5475609756097561
SIDER,fedavg_proto,0.5,0,9,200,16,16,0.1,val,client_2,8,97,46,143,True,0.5407888839085612
SIDER,fedavg_proto,0.5,0,9,200,16,16,0.1,val,client_2,9,71,72,143,True,0.5762910798122066
SIDER,fedavg_proto,0.5,0,9,200,16,16,0.1,val,client_2,10,35,108,143,True,0.5243386243386243
SIDER,fedavg_proto,0.5,0,9,200,16,16,0.1,val,client_2,11,130,13,143,True,0.40177514792899405
SIDER,fedavg_proto,0.5,0,9,200,16,16,0.1,val,client_2,12,37,106,143,True,0.6065782763895972
SIDER,fedavg_proto,0.5,0,9,200,16,16,0.1,val,client_2,13,20,123,143,True,0.609349593495935
SIDER,fedavg_proto,0.5,0,9,200,16,16,0.1,val,client_2,14,107,36,143,True,0.48416407061266875
SIDER,fedavg_proto,0.5,0,9,200,16,16,0.1,val,client_2,15,94,49,143,True,0.6204950065132435
SIDER,fedavg_proto,0.5,0,9,200,16,16,0.1,val,client_2,16,129,14,143,True,0.5481727574750831
SIDER,fedavg_proto,0.5,0,9,200,16,16,0.1,val,client_2,17,20,123,143,True,0.5345528455284553
SIDER,fedavg_proto,0.5,0,9,200,16,16,0.1,val,client_2,18,104,39,143,True,0.4748520710059172
SIDER,fedavg_proto,0.5,0,9,200,16,16,0.1,val,client_2,19,103,40,143,True,0.48203883495145633
SIDER,fedavg_proto,0.5,0,9,200,16,16,0.1,val,client_2,20,102,41,143,True,0.5117168818747011
SIDER,fedavg_proto,0.5,0,9,200,16,16,0.1,val,client_2,21,98,45,143,True,0.5945578231292518
SIDER,fedavg_proto,0.5,0,9,200,16,16,0.1,val,client_2,22,10,133,143,True,0.6082706766917294
SIDER,fedavg_proto,0.5,0,9,200,16,16,0.1,val,client_2,23,64,79,143,True,0.5126582278481012
SIDER,fedavg_proto,0.5,0,9,200,16,16,0.1,val,client_2,24,104,39,143,True,0.5850591715976331
SIDER,fedavg_proto,0.5,0,9,200,16,16,0.1,val,client_2,25,134,9,143,True,0.5704809286898839
SIDER,fedavg_proto,0.5,0,9,200,16,16,0.1,val,client_2,26,95,48,143,True,0.5714912280701755
SIDER,fedavg_proto,0.5,0,9,200,16,16,0.1,val,client_3,0,76,67,143,True,0.5866064414768264
SIDER,fedavg_proto,0.5,0,9,200,16,16,0.1,val,client_3,1,99,44,143,True,0.6016988062442608
SIDER,fedavg_proto,0.5,0,9,200,16,16,0.1,val,client_3,2,2,141,143,True,0.7375886524822695
SIDER,fedavg_proto,0.5,0,9,200,16,16,0.1,val,client_3,3,85,58,143,True,0.5578093306288031
SIDER,fedavg_proto,0.5,0,9,200,16,16,0.1,val,client_3,4,117,26,143,True,0.6078238001314924
SIDER,fedavg_proto,0.5,0,9,200,16,16,0.1,val,client_3,5,99,44,143,True,0.559228650137741
SIDER,fedavg_proto,0.5,0,9,200,16,16,0.1,val,client_3,6,131,12,143,True,0.8021628498727736
SIDER,fedavg_proto,0.5,0,9,200,16,16,0.1,val,client_3,7,20,123,143,True,0.5747967479674797
SIDER,fedavg_proto,0.5,0,9,200,16,16,0.1,val,client_3,8,97,46,143,True,0.6062303899596593
SIDER,fedavg_proto,0.5,0,9,200,16,16,0.1,val,client_3,9,71,72,143,True,0.602112676056338
SIDER,fedavg_proto,0.5,0,9,200,16,16,0.1,val,client_3,10,35,108,143,True,0.5772486772486772
SIDER,fedavg_proto,0.5,0,9,200,16,16,0.1,val,client_3,11,130,13,143,True,0.43846153846153846
SIDER,fedavg_proto,0.5,0,9,200,16,16,0.1,val,client_3,12,37,106,143,True,0.64278429372769
SIDER,fedavg_proto,0.5,0,9,200,16,16,0.1,val,client_3,13,20,123,143,True,0.5987804878048781
SIDER,fedavg_proto,0.5,0,9,200,16,16,0.1,val,client_3,14,107,36,143,True,0.544392523364486
SIDER,fedavg_proto,0.5,0,9,200,16,16,0.1,val,client_3,15,94,49,143,True,0.6726009552757274
SIDER,fedavg_proto,0.5,0,9,200,16,16,0.1,val,client_3,16,129,14,143,True,0.6140642303433
SIDER,fedavg_proto,0.5,0,9,200,16,16,0.1,val,client_3,17,20,123,143,True,0.5666666666666667
SIDER,fedavg_proto,0.5,0,9,200,16,16,0.1,val,client_3,18,104,39,143,True,0.5249013806706114
SIDER,fedavg_proto,0.5,0,9,200,16,16,0.1,val,client_3,19,103,40,143,True,0.5230582524271845
SIDER,fedavg_proto,0.5,0,9,200,16,16,0.1,val,client_3,20,102,41,143,True,0.516260162601626
SIDER,fedavg_proto,0.5,0,9,200,16,16,0.1,val,client_3,21,98,45,143,True,0.6240362811791382
SIDER,fedavg_proto,0.5,0,9,200,16,16,0.1,val,client_3,22,10,133,143,True,0.587218045112782
SIDER,fedavg_proto,0.5,0,9,200,16,16,0.1,val,client_3,23,64,79,143,True,0.5098892405063291
SIDER,fedavg_proto,0.5,0,9,200,16,16,0.1,val,client_3,24,104,39,143,True,0.5650887573964496
SIDER,fedavg_proto,0.5,0,9,200,16,16,0.1,val,client_3,25,134,9,143,True,0.6708126036484245
SIDER,fedavg_proto,0.5,0,9,200,16,16,0.1,val,client_3,26,95,48,143,True,0.5850877192982457
SIDER,fedavg_proto,0.5,0,9,200,16,16,0.1,test,server,0,72,71,143,True,0.6179577464788732
SIDER,fedavg_proto,0.5,0,9,200,16,16,0.1,test,server,1,105,38,143,True,0.5022556390977444
SIDER,fedavg_proto,0.5,0,9,200,16,16,0.1,test,server,2,5,138,143,True,0.517391304347826
SIDER,fedavg_proto,0.5,0,9,200,16,16,0.1,test,server,3,90,53,143,True,0.5352201257861635
SIDER,fedavg_proto,0.5,0,9,200,16,16,0.1,test,server,4,118,25,143,True,0.5894915254237288
SIDER,fedavg_proto,0.5,0,9,200,16,16,0.1,test,server,5,104,39,143,True,0.6158777120315582
SIDER,fedavg_proto,0.5,0,9,200,16,16,0.1,test,server,6,134,9,143,True,0.7769485903814262
SIDER,fedavg_proto,0.5,0,9,200,16,16,0.1,test,server,7,24,119,143,True,0.6596638655462185
SIDER,fedavg_proto,0.5,0,9,200,16,16,0.1,test,server,8,91,52,143,True,0.5735418427726119
SIDER,fedavg_proto,0.5,0,9,200,16,16,0.1,test,server,9,74,69,143,True,0.6079122600861732
SIDER,fedavg_proto,0.5,0,9,200,16,16,0.1,test,server,10,39,104,143,True,0.6210552268244576
SIDER,fedavg_proto,0.5,0,9,200,16,16,0.1,test,server,11,130,13,143,True,0.5331360946745562
SIDER,fedavg_proto,0.5,0,9,200,16,16,0.1,test,server,12,33,110,143,True,0.6121212121212121
SIDER,fedavg_proto,0.5,0,9,200,16,16,0.1,test,server,13,20,123,143,True,0.6902439024390243
SIDER,fedavg_proto,0.5,0,9,200,16,16,0.1,test,server,14,113,30,143,True,0.5675516224188791
SIDER,fedavg_proto,0.5,0,9,200,16,16,0.1,test,server,15,83,60,143,True,0.6032128514056224
SIDER,fedavg_proto,0.5,0,9,200,16,16,0.1,test,server,16,131,12,143,True,0.6819338422391859
SIDER,fedavg_proto,0.5,0,9,200,16,16,0.1,test,server,17,30,113,143,True,0.512684365781711
SIDER,fedavg_proto,0.5,0,9,200,16,16,0.1,test,server,18,109,34,143,True,0.5375067458175931
SIDER,fedavg_proto,0.5,0,9,200,16,16,0.1,test,server,19,104,39,143,True,0.5549802761341223
SIDER,fedavg_proto,0.5,0,9,200,16,16,0.1,test,server,20,102,41,143,True,0.6157340985174558
SIDER,fedavg_proto,0.5,0,9,200,16,16,0.1,test,server,21,98,45,143,True,0.5938775510204082
SIDER,fedavg_proto,0.5,0,9,200,16,16,0.1,test,server,22,14,129,143,True,0.5669988925802879
SIDER,fedavg_proto,0.5,0,9,200,16,16,0.1,test,server,23,60,83,143,True,0.48895582329317266
SIDER,fedavg_proto,0.5,0,9,200,16,16,0.1,test,server,24,98,45,143,True,0.5222222222222221
SIDER,fedavg_proto,0.5,0,9,200,16,16,0.1,test,server,25,132,11,143,True,0.7431129476584022
SIDER,fedavg_proto,0.5,0,9,200,16,16,0.1,test,server,26,101,42,143,True,0.5900518623290901
SIDER,fedavg_proto,0.5,0,9,200,16,16,0.1,test,client_0,0,72,71,143,True,0.6353677621283255
SIDER,fedavg_proto,0.5,0,9,200,16,16,0.1,test,client_0,1,105,38,143,True,0.5676691729323308
SIDER,fedavg_proto,0.5,0,9,200,16,16,0.1,test,client_0,2,5,138,143,True,0.44782608695652176
SIDER,fedavg_proto,0.5,0,9,200,16,16,0.1,test,client_0,3,90,53,143,True,0.5159329140461216
SIDER,fedavg_proto,0.5,0,9,200,16,16,0.1,test,client_0,4,118,25,143,True,0.6206779661016949
SIDER,fedavg_proto,0.5,0,9,200,16,16,0.1,test,client_0,5,104,39,143,True,0.5981262327416172
SIDER,fedavg_proto,0.5,0,9,200,16,16,0.1,test,client_0,6,134,9,143,True,0.7089552238805971
SIDER,fedavg_proto,0.5,0,9,200,16,16,0.1,test,client_0,7,24,119,143,True,0.6271008403361344
SIDER,fedavg_proto,0.5,0,9,200,16,16,0.1,test,client_0,8,91,52,143,True,0.584530853761623
SIDER,fedavg_proto,0.5,0,9,200,16,16,0.1,test,client_0,9,74,69,143,True,0.6339600470035253
SIDER,fedavg_proto,0.5,0,9,200,16,16,0.1,test,client_0,10,39,104,143,True,0.6390532544378698
SIDER,fedavg_proto,0.5,0,9,200,16,16,0.1,test,client_0,11,130,13,143,True,0.5674556213017752
SIDER,fedavg_proto,0.5,0,9,200,16,16,0.1,test,client_0,12,33,110,143,True,0.5735537190082645
SIDER,fedavg_proto,0.5,0,9,200,16,16,0.1,test,client_0,13,20,123,143,True,0.640650406504065
SIDER,fedavg_proto,0.5,0,9,200,16,16,0.1,test,client_0,14,113,30,143,True,0.552802359882006
SIDER,fedavg_proto,0.5,0,9,200,16,16,0.1,test,client_0,15,83,60,143,True,0.6323293172690763
SIDER,fedavg_proto,0.5,0,9,200,16,16,0.1,test,client_0,16,131,12,143,True,0.724554707379135
SIDER,fedavg_proto,0.5,0,9,200,16,16,0.1,test,client_0,17,30,113,143,True,0.5129793510324483
SIDER,fedavg_proto,0.5,0,9,200,16,16,0.1,test,client_0,18,109,34,143,True,0.5302212628170535
SIDER,fedavg_proto,0.5,0,9,200,16,16,0.1,test,client_0,19,104,39,143,True,0.5299556213017751
SIDER,fedavg_proto,0.5,0,9,200,16,16,0.1,test,client_0,20,102,41,143,True,0.6107125777140124
SIDER,fedavg_proto,0.5,0,9,200,16,16,0.1,test,client_0,21,98,45,143,True,0.600453514739229
SIDER,fedavg_proto,0.5,0,9,200,16,16,0.1,test,client_0,22,14,129,143,True,0.4833887043189369
SIDER,fedavg_proto,0.5,0,9,200,16,16,0.1,test,client_0,23,60,83,143,True,0.492570281124498
SIDER,fedavg_proto,0.5,0,9,200,16,16,0.1,test,client_0,24,98,45,143,True,0.5
SIDER,fedavg_proto,0.5,0,9,200,16,16,0.1,test,client_0,25,132,11,143,True,0.7465564738292011
SIDER,fedavg_proto,0.5,0,9,200,16,16,0.1,test,client_0,26,101,42,143,True,0.5759075907590758
SIDER,fedavg_proto,0.5,0,9,200,16,16,0.1,test,client_1,0,72,71,143,True,0.604851330203443
SIDER,fedavg_proto,0.5,0,9,200,16,16,0.1,test,client_1,1,105,38,143,True,0.5005012531328321
SIDER,fedavg_proto,0.5,0,9,200,16,16,0.1,test,client_1,2,5,138,143,True,0.4579710144927537
SIDER,fedavg_proto,0.5,0,9,200,16,16,0.1,test,client_1,3,90,53,143,True,0.5643605870020965
SIDER,fedavg_proto,0.5,0,9,200,16,16,0.1,test,client_1,4,118,25,143,True,0.583728813559322
SIDER,fedavg_proto,0.5,0,9,200,16,16,0.1,test,client_1,5,104,39,143,True,0.6195759368836292
SIDER,fedavg_proto,0.5,0,9,200,16,16,0.1,test,client_1,6,134,9,143,True,0.806799336650083
SIDER,fedavg_proto,0.5,0,9,200,16,16,0.1,test,client_1,7,24,119,143,True,0.6439075630252101
SIDER,fedavg_proto,0.5,0,9,200,16,16,0.1,test,client_1,8,91,52,143,True,0.5653000845308537
SIDER,fedavg_proto,0.5,0,9,200,16,16,0.1,test,client_1,9,74,69,143,True,0.6294555424990207
SIDER,fedavg_proto,0.5,0,9,200,16,16,0.1,test,client_1,10,39,104,143,True,0.5707593688362919
SIDER,fedavg_proto,0.5,0,9,200,16,16,0.1,test,client_1,11,130,13,143,True,0.47988165680473377
SIDER,fedavg_proto,0.5,0,9,200,16,16,0.1,test,client_1,12,33,110,143,True,0.6096418732782369
SIDER,fedavg_proto,0.5,0,9,200,16,16,0.1,test,client_1,13,20,123,143,True,0.6833333333333333
SIDER,fedavg_proto,0.5,0,9,200,16,16,0.1,test,client_1,14,113,30,143,True,0.5625368731563422
SIDER,fedavg_proto,0.5,0,9,200,16,16,0.1,test,client_1,15,83,60,143,True,0.5867469879518072
SIDER,fedavg_proto,0.5,0,9,200,16,16,0.1,test,client_1,16,131,12,143,True,0.6685750636132315
SIDER,fedavg_proto,0.5,0,9,200,16,16,0.1,test,client_1,17,30,113,143,True,0.5135693215339233
SIDER,fedavg_proto,0.5,0,9,200,16,16,0.1,test,client_1,18,109,34,143,True,0.54020507285483
SIDER,fedavg_proto,0.5,0,9,200,16,16,0.1,test,client_1,19,104,39,143,True,0.5803747534516764
SIDER,fedavg_proto,0.5,0,9,200,16,16,0.1,test,client_1,20,102,41,143,True,0.6009086561453849
SIDER,fedavg_proto,0.5,0,9,200,16,16,0.1,test,client_1,21,98,45,143,True,0.5755102040816327
SIDER,fedavg_proto,0.5,0,9,200,16,16,0.1,test,client_1,22,14,129,143,True,0.5874861572535991
SIDER,fedavg_proto,0.5,0,9,200,16,16,0.1,test,client_1,23,60,83,143,True,0.48594377510040165
SIDER,fedavg_proto,0.5,0,9,200,16,16,0.1,test,client_1,24,98,45,143,True,0.5637188208616781
SIDER,fedavg_proto,0.5,0,9,200,16,16,0.1,test,client_1,25,132,11,143,True,0.7775482093663912
SIDER,fedavg_proto,0.5,0,9,200,16,16,0.1,test,client_1,26,101,42,143,True,0.5723715228665724
SIDER,fedavg_proto,0.5,0,9,200,16,16,0.1,test,client_2,0,72,71,143,True,0.5387323943661972
SIDER,fedavg_proto,0.5,0,9,200,16,16,0.1,test,client_2,1,105,38,143,True,0.474937343358396
SIDER,fedavg_proto,0.5,0,9,200,16,16,0.1,test,client_2,2,5,138,143,True,0.5507246376811594
SIDER,fedavg_proto,0.5,0,9,200,16,16,0.1,test,client_2,3,90,53,143,True,0.5415094339622641
SIDER,fedavg_proto,0.5,0,9,200,16,16,0.1,test,client_2,4,118,25,143,True,0.5196610169491526
SIDER,fedavg_proto,0.5,0,9,200,16,16,0.1,test,client_2,5,104,39,143,True,0.532051282051282
SIDER,fedavg_proto,0.5,0,9,200,16,16,0.1,test,client_2,6,134,9,143,True,0.6674958540630181
SIDER,fedavg_proto,0.5,0,9,200,16,16,0.1,test,client_2,7,24,119,143,True,0.6316526610644257
SIDER,fedavg_proto,0.5,0,9,200,16,16,0.1,test,client_2,8,91,52,143,True,0.5416314454775993
SIDER,fedavg_proto,0.5,0,9,200,16,16,0.1,test,client_2,9,74,69,143,True,0.545436741088915
SIDER,fedavg_proto,0.5,0,9,200,16,16,0.1,test,client_2,10,39,104,143,True,0.5719921104536488
SIDER,fedavg_proto,0.5,0,9,200,16,16,0.1,test,client_2,11,130,13,143,True,0.5059171597633135
SIDER,fedavg_proto,0.5,0,9,200,16,16,0.1,test,client_2,12,33,110,143,True,0.6292011019283748
SIDER,fedavg_proto,0.5,0,9,200,16,16,0.1,test,client_2,13,20,123,143,True,0.6711382113821138
SIDER,fedavg_proto,0.5,0,9,200,16,16,0.1,test,client_2,14,113,30,143,True,0.5522123893805311
SIDER,fedavg_proto,0.5,0,9,200,16,16,0.1,test,client_2,15,83,60,143,True,0.5273092369477912
SIDER,fedavg_proto,0.5,0,9,200,16,16,0.1,test,client_2,16,131,12,143,True,0.6653944020356234
SIDER,fedavg_proto,0.5,0,9,200,16,16,0.1,test,client_2,17,30,113,143,True,0.5053097345132743
SIDER,fedavg_proto,0.5,0,9,200,16,16,0.1,test,client_2,18,109,34,143,True,0.5186184565569347
SIDER,fedavg_proto,0.5,0,9,200,16,16,0.1,test,client_2,19,104,39,143,True,0.5626232741617357
SIDER,fedavg_proto,0.5,0,9,200,16,16,0.1,test,client_2,20,102,41,143,True,0.6255380200860832
SIDER,fedavg_proto,0.5,0,9,200,16,16,0.1,test,client_2,21,98,45,143,True,0.5770975056689343
SIDER,fedavg_proto,0.5,0,9,200,16,16,0.1,test,client_2,22,14,129,143,True,0.5863787375415281
SIDER,fedavg_proto,0.5,0,9,200,16,16,0.1,test,client_2,23,60,83,143,True,0.5116465863453815
SIDER,fedavg_proto,0.5,0,9,200,16,16,0.1,test,client_2,24,98,45,143,True,0.4811791383219955
SIDER,fedavg_proto,0.5,0,9,200,16,16,0.1,test,client_2,25,132,11,143,True,0.6797520661157025
SIDER,fedavg_proto,0.5,0,9,200,16,16,0.1,test,client_2,26,101,42,143,True,0.5608203677510608
SIDER,fedavg_proto,0.5,0,9,200,16,16,0.1,test,client_3,0,72,71,143,True,0.57179186228482
SIDER,fedavg_proto,0.5,0,9,200,16,16,0.1,test,client_3,1,105,38,143,True,0.5223057644110276
SIDER,fedavg_proto,0.5,0,9,200,16,16,0.1,test,client_3,2,5,138,143,True,0.45072463768115945
SIDER,fedavg_proto,0.5,0,9,200,16,16,0.1,test,client_3,3,90,53,143,True,0.5614255765199162
SIDER,fedavg_proto,0.5,0,9,200,16,16,0.1,test,client_3,4,118,25,143,True,0.5769491525423729
SIDER,fedavg_proto,0.5,0,9,200,16,16,0.1,test,client_3,5,104,39,143,True,0.5860453648915187
SIDER,fedavg_proto,0.5,0,9,200,16,16,0.1,test,client_3,6,134,9,143,True,0.6923714759535655
SIDER,fedavg_proto,0.5,0,9,200,16,16,0.1,test,client_3,7,24,119,143,True,0.6351540616246498
SIDER,fedavg_proto,0.5,0,9,200,16,16,0.1,test,client_3,8,91,52,143,True,0.562341504649197
SIDER,fedavg_proto,0.5,0,9,200,16,16,0.1,test,client_3,9,74,69,143,True,0.6292596944770859
SIDER,fedavg_proto,0.5,0,9,200,16,16,0.1,test,client_3,10,39,104,143,True,0.6134122287968441
SIDER,fedavg_proto,0.5,0,9,200,16,16,0.1,test,client_3,11,130,13,143,True,0.5846153846153845
SIDER,fedavg_proto,0.5,0,9,200,16,16,0.1,test,client_3,12,33,110,143,True,0.6589531680440772
SIDER,fedavg_proto,0.5,0,9,200,16,16,0.1,test,client_3,13,20,123,143,True,0.6780487804878049
SIDER,fedavg_proto,0.5,0,9,200,16,16,0.1,test,client_3,14,113,30,143,True,0.6041297935103245
SIDER,fedavg_proto,0.5,0,9,200,16,16,0.1,test,client_3,15,83,60,143,True,0.6060240963855421
SIDER,fedavg_proto,0.5,0,9,200,16,16,0.1,test,client_3,16,131,12,143,True,0.6927480916030534
SIDER,fedavg_proto,0.5,0,9,200,16,16,0.1,test,client_3,17,30,113,143,True,0.5221238938053098
SIDER,fedavg_proto,0.5,0,9,200,16,16,0.1,test,client_3,18,109,34,143,True,0.5617916891527254
SIDER,fedavg_proto,0.5,0,9,200,16,16,0.1,test,client_3,19,104,39,143,True,0.5564595660749507
SIDER,fedavg_proto,0.5,0,9,200,16,16,0.1,test,client_3,20,102,41,143,True,0.6025824964131994
SIDER,fedavg_proto,0.5,0,9,200,16,16,0.1,test,client_3,21,98,45,143,True,0.6149659863945578
SIDER,fedavg_proto,0.5,0,9,200,16,16,0.1,test,client_3,22,14,129,143,True,0.6068660022148394
SIDER,fedavg_proto,0.5,0,9,200,16,16,0.1,test,client_3,23,60,83,143,True,0.5200803212851406
SIDER,fedavg_proto,0.5,0,9,200,16,16,0.1,test,client_3,24,98,45,143,True,0.5401360544217687
SIDER,fedavg_proto,0.5,0,9,200,16,16,0.1,test,client_3,25,132,11,143,True,0.6556473829201102
SIDER,fedavg_proto,0.5,0,9,200,16,16,0.1,test,client_3,26,101,42,143,True,0.5735502121640736
SIDER,fedavg_proto,0.5,0,10,200,16,16,0.1,val,server,0,76,67,143,True,0.6052631578947367
SIDER,fedavg_proto,0.5,0,10,200,16,16,0.1,val,server,1,99,44,143,True,0.6078971533516988
SIDER,fedavg_proto,0.5,0,10,200,16,16,0.1,val,server,2,2,141,143,True,0.7482269503546098
SIDER,fedavg_proto,0.5,0,10,200,16,16,0.1,val,server,3,85,58,143,True,0.5762677484787019
SIDER,fedavg_proto,0.5,0,10,200,16,16,0.1,val,server,4,117,26,143,True,0.6344510190664037
SIDER,fedavg_proto,0.5,0,10,200,16,16,0.1,val,server,5,99,44,143,True,0.5787419651056014
SIDER,fedavg_proto,0.5,0,10,200,16,16,0.1,val,server,6,131,12,143,True,0.8180661577608141
SIDER,fedavg_proto,0.5,0,10,200,16,16,0.1,val,server,7,20,123,143,True,0.5869918699186992
SIDER,fedavg_proto,0.5,0,10,200,16,16,0.1,val,server,8,97,46,143,True,0.5988346033168982
SIDER,fedavg_proto,0.5,0,10,200,16,16,0.1,val,server,9,71,72,143,True,0.6011345852895148
SIDER,fedavg_proto,0.5,0,10,200,16,16,0.1,val,server,10,35,108,143,True,0.5420634920634921
SIDER,fedavg_proto,0.5,0,10,200,16,16,0.1,val,server,11,130,13,143,True,0.48698224852071004
SIDER,fedavg_proto,0.5,0,10,200,16,16,0.1,val,server,12,37,106,143,True,0.6374298827129016
SIDER,fedavg_proto,0.5,0,10,200,16,16,0.1,val,server,13,20,123,143,True,0.6215447154471545
SIDER,fedavg_proto,0.5,0,10,200,16,16,0.1,val,server,14,107,36,143,True,0.5721703011422637
SIDER,fedavg_proto,0.5,0,10,200,16,16,0.1,val,server,15,94,49,143,True,0.7045158488927487
SIDER,fedavg_proto,0.5,0,10,200,16,16,0.1,val,server,16,129,14,143,True,0.5980066445182725
SIDER,fedavg_proto,0.5,0,10,200,16,16,0.1,val,server,17,20,123,143,True,0.5617886178861788
SIDER,fedavg_proto,0.5,0,10,200,16,16,0.1,val,server,18,104,39,143,True,0.5073964497041421
SIDER,fedavg_proto,0.5,0,10,200,16,16,0.1,val,server,19,103,40,143,True,0.5606796116504855
SIDER,fedavg_proto,0.5,0,10,200,16,16,0.1,val,server,20,102,41,143,True,0.5473457675753228
SIDER,fedavg_proto,0.5,0,10,200,16,16,0.1,val,server,21,98,45,143,True,0.6294784580498866
SIDER,fedavg_proto,0.5,0,10,200,16,16,0.1,val,server,22,10,133,143,True,0.5939849624060151
SIDER,fedavg_proto,0.5,0,10,200,16,16,0.1,val,server,23,64,79,143,True,0.5346123417721519
SIDER,fedavg_proto,0.5,0,10,200,16,16,0.1,val,server,24,104,39,143,True,0.5781558185404339
SIDER,fedavg_proto,0.5,0,10,200,16,16,0.1,val,server,25,134,9,143,True,0.6990049751243781
SIDER,fedavg_proto,0.5,0,10,200,16,16,0.1,val,server,26,95,48,143,True,0.5901315789473685
SIDER,fedavg_proto,0.5,0,10,200,16,16,0.1,val,client_0,0,76,67,143,True,0.6641791044776119
SIDER,fedavg_proto,0.5,0,10,200,16,16,0.1,val,client_0,1,99,44,143,True,0.6483011937557392
SIDER,fedavg_proto,0.5,0,10,200,16,16,0.1,val,client_0,2,2,141,143,True,0.43971631205673756
SIDER,fedavg_proto,0.5,0,10,200,16,16,0.1,val,client_0,3,85,58,143,True,0.5677484787018257
SIDER,fedavg_proto,0.5,0,10,200,16,16,0.1,val,client_0,4,117,26,143,True,0.742603550295858
SIDER,fedavg_proto,0.5,0,10,200,16,16,0.1,val,client_0,5,99,44,143,True,0.6310835629017448
SIDER,fedavg_proto,0.5,0,10,200,16,16,0.1,val,client_0,6,131,12,143,True,0.8543256997455471
SIDER,fedavg_proto,0.5,0,10,200,16,16,0.1,val,client_0,7,20,123,143,True,0.5752032520325203
SIDER,fedavg_proto,0.5,0,10,200,16,16,0.1,val,client_0,8,97,46,143,True,0.6149708650829224
SIDER,fedavg_proto,0.5,0,10,200,16,16,0.1,val,client_0,9,71,72,143,True,0.6003521126760564
SIDER,fedavg_proto,0.5,0,10,200,16,16,0.1,val,client_0,10,35,108,143,True,0.5341269841269841
SIDER,fedavg_proto,0.5,0,10,200,16,16,0.1,val,client_0,11,130,13,143,True,0.5633136094674556
SIDER,fedavg_proto,0.5,0,10,200,16,16,0.1,val,client_0,12,37,106,143,True,0.6369199388067313
SIDER,fedavg_proto,0.5,0,10,200,16,16,0.1,val,client_0,13,20,123,143,True,0.6439024390243903
SIDER,fedavg_proto,0.5,0,10,200,16,16,0.1,val,client_0,14,107,36,143,True,0.6025441329179646
SIDER,fedavg_proto,0.5,0,10,200,16,16,0.1,val,client_0,15,94,49,143,True,0.7253582283977421
SIDER,fedavg_proto,0.5,0,10,200,16,16,0.1,val,client_0,16,129,14,143,True,0.6716500553709855
SIDER,fedavg_proto,0.5,0,10,200,16,16,0.1,val,client_0,17,20,123,143,True,0.6170731707317073
SIDER,fedavg_proto,0.5,0,10,200,16,16,0.1,val,client_0,18,104,39,143,True,0.5387080867850098
SIDER,fedavg_proto,0.5,0,10,200,16,16,0.1,val,client_0,19,103,40,143,True,0.5990291262135922
SIDER,fedavg_proto,0.5,0,10,200,16,16,0.1,val,client_0,20,102,41,143,True,0.6487326637972263
SIDER,fedavg_proto,0.5,0,10,200,16,16,0.1,val,client_0,21,98,45,143,True,0.6405895691609977
SIDER,fedavg_proto,0.5,0,10,200,16,16,0.1,val,client_0,22,10,133,143,True,0.5413533834586466
SIDER,fedavg_proto,0.5,0,10,200,16,16,0.1,val,client_0,23,64,79,143,True,0.5854430379746836
SIDER,fedavg_proto,0.5,0,10,200,16,16,0.1,val,client_0,24,104,39,143,True,0.6030571992110454
SIDER,fedavg_proto,0.5,0,10,200,16,16,0.1,val,client_0,25,134,9,143,True,0.8026533996683252
SIDER,fedavg_proto,0.5,0,10,200,16,16,0.1,val,client_0,26,95,48,143,True,0.6394736842105263
SIDER,fedavg_proto,0.5,0,10,200,16,16,0.1,val,client_1,0,76,67,143,True,0.6288295365278869
SIDER,fedavg_proto,0.5,0,10,200,16,16,0.1,val,client_1,1,99,44,143,True,0.6081267217630855
SIDER,fedavg_proto,0.5,0,10,200,16,16,0.1,val,client_1,2,2,141,143,True,0.6843971631205674
SIDER,fedavg_proto,0.5,0,10,200,16,16,0.1,val,client_1,3,85,58,143,True,0.5981744421906694
SIDER,fedavg_proto,0.5,0,10,200,16,16,0.1,val,client_1,4,117,26,143,True,0.6097961867192636
SIDER,fedavg_proto,0.5,0,10,200,16,16,0.1,val,client_1,5,99,44,143,True,0.5686409550045913
SIDER,fedavg_proto,0.5,0,10,200,16,16,0.1,val,client_1,6,131,12,143,True,0.8053435114503816
SIDER,fedavg_proto,0.5,0,10,200,16,16,0.1,val,client_1,7,20,123,143,True,0.5646341463414634
SIDER,fedavg_proto,0.5,0,10,200,16,16,0.1,val,client_1,8,97,46,143,True,0.6089197669206634
SIDER,fedavg_proto,0.5,0,10,200,16,16,0.1,val,client_1,9,71,72,143,True,0.6230438184663537
SIDER,fedavg_proto,0.5,0,10,200,16,16,0.1,val,client_1,10,35,108,143,True,0.544973544973545
SIDER,fedavg_proto,0.5,0,10,200,16,16,0.1,val,client_1,11,130,13,143,True,0.5502958579881656
SIDER,fedavg_proto,0.5,0,10,200,16,16,0.1,val,client_1,12,37,106,143,True,0.628505864354921
SIDER,fedavg_proto,0.5,0,10,200,16,16,0.1,val,client_1,13,20,123,143,True,0.6020325203252032
SIDER,fedavg_proto,0.5,0,10,200,16,16,0.1,val,client_1,14,107,36,143,True,0.5760643821391485
SIDER,fedavg_proto,0.5,0,10,200,16,16,0.1,val,client_1,15,94,49,143,True,0.7112462006079028
SIDER,fedavg_proto,0.5,0,10,200,16,16,0.1,val,client_1,16,129,14,143,True,0.6273532668881506
SIDER,fedavg_proto,0.5,0,10,200,16,16,0.1,val,client_1,17,20,123,143,True,0.5410569105691058
SIDER,fedavg_proto,0.5,0,10,200,16,16,0.1,val,client_1,18,104,39,143,True,0.5004930966469427
SIDER,fedavg_proto,0.5,0,10,200,16,16,0.1,val,client_1,19,103,40,143,True,0.574757281553398
SIDER,fedavg_proto,0.5,0,10,200,16,16,0.1,val,client_1,20,102,41,143,True,0.5633668101386896
SIDER,fedavg_proto,0.5,0,10,200,16,16,0.1,val,client_1,21,98,45,143,True,0.645578231292517
SIDER,fedavg_proto,0.5,0,10,200,16,16,0.1,val,client_1,22,10,133,143,True,0.5894736842105264
SIDER,fedavg_proto,0.5,0,10,200,16,16,0.1,val,client_1,23,64,79,143,True,0.5500395569620253
SIDER,fedavg_proto,0.5,0,10,200,16,16,0.1,val,client_1,24,104,39,143,True,0.5853057199211045
SIDER,fedavg_proto,0.5,0,10,200,16,16,0.1,val,client_1,25,134,9,143,True,0.7371475953565506
SIDER,fedavg_proto,0.5,0,10,200,16,16,0.1,val,client_1,26,95,48,143,True,0.5741228070175438
SIDER,fedavg_proto,0.5,0,10,200,16,16,0.1,val,client_2,0,76,67,143,True,0.541044776119403
SIDER,fedavg_proto,0.5,0,10,200,16,16,0.1,val,client_2,1,99,44,143,True,0.5493572084481176
SIDER,fedavg_proto,0.5,0,10,200,16,16,0.1,val,client_2,2,2,141,143,True,0.7978723404255319
SIDER,fedavg_proto,0.5,0,10,200,16,16,0.1,val,client_2,3,85,58,143,True,0.5677484787018255
SIDER,fedavg_proto,0.5,0,10,200,16,16,0.1,val,client_2,4,117,26,143,True,0.48915187376725844
SIDER,fedavg_proto,0.5,0,10,200,16,16,0.1,val,client_2,5,99,44,143,True,0.5360422405876951
SIDER,fedavg_proto,0.5,0,10,200,16,16,0.1,val,client_2,6,131,12,143,True,0.697201017811705
SIDER,fedavg_proto,0.5,0,10,200,16,16,0.1,val,client_2,7,20,123,143,True,0.5434959349593496
SIDER,fedavg_proto,0.5,0,10,200,16,16,0.1,val,client_2,8,97,46,143,True,0.5410129986553116
SIDER,fedavg_proto,0.5,0,10,200,16,16,0.1,val,client_2,9,71,72,143,True,0.5796165884194053
SIDER,fedavg_proto,0.5,0,10,200,16,16,0.1,val,client_2,10,35,108,143,True,0.5502645502645502
SIDER,fedavg_proto,0.5,0,10,200,16,16,0.1,val,client_2,11,130,13,143,True,0.4331360946745562
SIDER,fedavg_proto,0.5,0,10,200,16,16,0.1,val,client_2,12,37,106,143,True,0.6216216216216217
SIDER,fedavg_proto,0.5,0,10,200,16,16,0.1,val,client_2,13,20,123,143,True,0.5951219512195122
SIDER,fedavg_proto,0.5,0,10,200,16,16,0.1,val,client_2,14,107,36,143,True,0.48494288681204567
SIDER,fedavg_proto,0.5,0,10,200,16,16,0.1,val,client_2,15,94,49,143,True,0.630481980026053
SIDER,fedavg_proto,0.5,0,10,200,16,16,0.1,val,client_2,16,129,14,143,True,0.5503875968992248
SIDER,fedavg_proto,0.5,0,10,200,16,16,0.1,val,client_2,17,20,123,143,True,0.5028455284552846
SIDER,fedavg_proto,0.5,0,10,200,16,16,0.1,val,client_2,18,104,39,143,True,0.4844674556213018
SIDER,fedavg_proto,0.5,0,10,200,16,16,0.1,val,client_2,19,103,40,143,True,0.4968446601941748
SIDER,fedavg_proto,0.5,0,10,200,16,16,0.1,val,client_2,20,102,41,143,True,0.5033476805356288
SIDER,fedavg_proto,0.5,0,10,200,16,16,0.1,val,client_2,21,98,45,143,True,0.5947845804988662
SIDER,fedavg_proto,0.5,0,10,200,16,16,0.1,val,client_2,22,10,133,143,True,0.5759398496240602
SIDER,fedavg_proto,0.5,0,10,200,16,16,0.1,val,client_2,23,64,79,143,True,0.5031645569620253
SIDER,fedavg_proto,0.5,0,10,200,16,16,0.1,val,client_2,24,104,39,143,True,0.5867850098619329
SIDER,fedavg_proto,0.5,0,10,200,16,16,0.1,val,client_2,25,134,9,143,True,0.5472636815920398
SIDER,fedavg_proto,0.5,0,10,200,16,16,0.1,val,client_2,26,95,48,143,True,0.5754385964912281
SIDER,fedavg_proto,0.5,0,10,200,16,16,0.1,val,client_3,0,76,67,143,True,0.5887666928515319
SIDER,fedavg_proto,0.5,0,10,200,16,16,0.1,val,client_3,1,99,44,143,True,0.6147842056932966
SIDER,fedavg_proto,0.5,0,10,200,16,16,0.1,val,client_3,2,2,141,143,True,0.797872340425532
SIDER,fedavg_proto,0.5,0,10,200,16,16,0.1,val,client_3,3,85,58,143,True,0.534077079107505
SIDER,fedavg_proto,0.5,0,10,200,16,16,0.1,val,client_3,4,117,26,143,True,0.6268902038132806
SIDER,fedavg_proto,0.5,0,10,200,16,16,0.1,val,client_3,5,99,44,143,True,0.5571625344352618
SIDER,fedavg_proto,0.5,0,10,200,16,16,0.1,val,client_3,6,131,12,143,True,0.7983460559796438
SIDER,fedavg_proto,0.5,0,10,200,16,16,0.1,val,client_3,7,20,123,143,True,0.5670731707317073
SIDER,fedavg_proto,0.5,0,10,200,16,16,0.1,val,client_3,8,97,46,143,True,0.6071268489466607
SIDER,fedavg_proto,0.5,0,10,200,16,16,0.1,val,client_3,9,71,72,143,True,0.590962441314554
SIDER,fedavg_proto,0.5,0,10,200,16,16,0.1,val,client_3,10,35,108,143,True,0.6224867724867725
SIDER,fedavg_proto,0.5,0,10,200,16,16,0.1,val,client_3,11,130,13,143,True,0.4201183431952663
SIDER,fedavg_proto,0.5,0,10,200,16,16,0.1,val,client_3,12,37,106,143,True,0.6815400305966344
SIDER,fedavg_proto,0.5,0,10,200,16,16,0.1,val,client_3,13,20,123,143,True,0.5926829268292683
SIDER,fedavg_proto,0.5,0,10,200,16,16,0.1,val,client_3,14,107,36,143,True,0.5654205607476634
SIDER,fedavg_proto,0.5,0,10,200,16,16,0.1,val,client_3,15,94,49,143,True,0.6619626574033869
SIDER,fedavg_proto,0.5,0,10,200,16,16,0.1,val,client_3,16,129,14,143,True,0.5736434108527131
SIDER,fedavg_proto,0.5,0,10,200,16,16,0.1,val,client_3,17,20,123,143,True,0.5634146341463415
SIDER,fedavg_proto,0.5,0,10,200,16,16,0.1,val,client_3,18,104,39,143,True,0.5392011834319527
SIDER,fedavg_proto,0.5,0,10,200,16,16,0.1,val,client_3,19,103,40,143,True,0.5308252427184466
SIDER,fedavg_proto,0.5,0,10,200,16,16,0.1,val,client_3,20,102,41,143,True,0.5145863223338115
SIDER,fedavg_proto,0.5,0,10,200,16,16,0.1,val,client_3,21,98,45,143,True,0.610204081632653
SIDER,fedavg_proto,0.5,0,10,200,16,16,0.1,val,client_3,22,10,133,143,True,0.5827067669172933
SIDER,fedavg_proto,0.5,0,10,200,16,16,0.1,val,client_3,23,64,79,143,True,0.47132120253164556
SIDER,fedavg_proto,0.5,0,10,200,16,16,0.1,val,client_3,24,104,39,143,True,0.5461045364891518
SIDER,fedavg_proto,0.5,0,10,200,16,16,0.1,val,client_3,25,134,9,143,True,0.6393034825870646
SIDER,fedavg_proto,0.5,0,10,200,16,16,0.1,val,client_3,26,95,48,143,True,0.6030701754385965
SIDER,fedavg_proto,0.5,0,10,200,16,16,0.1,test,server,0,72,71,143,True,0.6199139280125197
SIDER,fedavg_proto,0.5,0,10,200,16,16,0.1,test,server,1,105,38,143,True,0.5137844611528822
SIDER,fedavg_proto,0.5,0,10,200,16,16,0.1,test,server,2,5,138,143,True,0.5231884057971015
SIDER,fedavg_proto,0.5,0,10,200,16,16,0.1,test,server,3,90,53,143,True,0.5327044025157233
SIDER,fedavg_proto,0.5,0,10,200,16,16,0.1,test,server,4,118,25,143,True,0.6040677966101695
SIDER,fedavg_proto,0.5,0,10,200,16,16,0.1,test,server,5,104,39,143,True,0.6183431952662721
SIDER,fedavg_proto,0.5,0,10,200,16,16,0.1,test,server,6,134,9,143,True,0.7769485903814262
SIDER,fedavg_proto,0.5,0,10,200,16,16,0.1,test,server,7,24,119,143,True,0.6628151260504203
SIDER,fedavg_proto,0.5,0,10,200,16,16,0.1,test,server,8,91,52,143,True,0.5828402366863905
SIDER,fedavg_proto,0.5,0,10,200,16,16,0.1,test,server,9,74,69,143,True,0.618096357226792
SIDER,fedavg_proto,0.5,0,10,200,16,16,0.1,test,server,10,39,104,143,True,0.6321499013806706
SIDER,fedavg_proto,0.5,0,10,200,16,16,0.1,test,server,11,130,13,143,True,0.5544378698224852
SIDER,fedavg_proto,0.5,0,10,200,16,16,0.1,test,server,12,33,110,143,True,0.6123966942148761
SIDER,fedavg_proto,0.5,0,10,200,16,16,0.1,test,server,13,20,123,143,True,0.7036585365853658
SIDER,fedavg_proto,0.5,0,10,200,16,16,0.1,test,server,14,113,30,143,True,0.567551622418879
SIDER,fedavg_proto,0.5,0,10,200,16,16,0.1,test,server,15,83,60,143,True,0.6078313253012049
SIDER,fedavg_proto,0.5,0,10,200,16,16,0.1,test,server,16,131,12,143,True,0.678117048346056
SIDER,fedavg_proto,0.5,0,10,200,16,16,0.1,test,server,17,30,113,143,True,0.5194690265486726
SIDER,fedavg_proto,0.5,0,10,200,16,16,0.1,test,server,18,109,34,143,True,0.5612520237452778
SIDER,fedavg_proto,0.5,0,10,200,16,16,0.1,test,server,19,104,39,143,True,0.5535009861932939
SIDER,fedavg_proto,0.5,0,10,200,16,16,0.1,test,server,20,102,41,143,True,0.6188426590148255
SIDER,fedavg_proto,0.5,0,10,200,16,16,0.1,test,server,21,98,45,143,True,0.5993197278911565
SIDER,fedavg_proto,0.5,0,10,200,16,16,0.1,test,server,22,14,129,143,True,0.565891472868217
SIDER,fedavg_proto,0.5,0,10,200,16,16,0.1,test,server,23,60,83,143,True,0.49136546184738955
SIDER,fedavg_proto,0.5,0,10,200,16,16,0.1,test,server,24,98,45,143,True,0.5133786848072562
SIDER,fedavg_proto,0.5,0,10,200,16,16,0.1,test,server,25,132,11,143,True,0.737603305785124
SIDER,fedavg_proto,0.5,0,10,200,16,16,0.1,test,server,26,101,42,143,True,0.5966525223950967
SIDER,fedavg_proto,0.5,0,10,200,16,16,0.1,test,client_0,0,72,71,143,True,0.6314553990610329
SIDER,fedavg_proto,0.5,0,10,200,16,16,0.1,test,client_0,1,105,38,143,True,0.556641604010025
SIDER,fedavg_proto,0.5,0,10,200,16,16,0.1,test,client_0,2,5,138,143,True,0.45942028985507244
SIDER,fedavg_proto,0.5,0,10,200,16,16,0.1,test,client_0,3,90,53,143,True,0.5121593291404613
SIDER,fedavg_proto,0.5,0,10,200,16,16,0.1,test,client_0,4,118,25,143,True,0.6281355932203391
SIDER,fedavg_proto,0.5,0,10,200,16,16,0.1,test,client_0,5,104,39,143,True,0.6060157790927022
SIDER,fedavg_proto,0.5,0,10,200,16,16,0.1,test,client_0,6,134,9,143,True,0.724709784411277
SIDER,fedavg_proto,0.5,0,10,200,16,16,0.1,test,client_0,7,24,119,143,True,0.6411064425770309
SIDER,fedavg_proto,0.5,0,10,200,16,16,0.1,test,client_0,8,91,52,143,True,0.5860101437024514
SIDER,fedavg_proto,0.5,0,10,200,16,16,0.1,test,client_0,9,74,69,143,True,0.6345475910693301
SIDER,fedavg_proto,0.5,0,10,200,16,16,0.1,test,client_0,10,39,104,143,True,0.6316568047337279
SIDER,fedavg_proto,0.5,0,10,200,16,16,0.1,test,client_0,11,130,13,143,True,0.563905325443787
SIDER,fedavg_proto,0.5,0,10,200,16,16,0.1,test,client_0,12,33,110,143,True,0.5831955922865014
SIDER,fedavg_proto,0.5,0,10,200,16,16,0.1,test,client_0,13,20,123,143,True,0.6361788617886179
SIDER,fedavg_proto,0.5,0,10,200,16,16,0.1,test,client_0,14,113,30,143,True,0.5507374631268437
SIDER,fedavg_proto,0.5,0,10,200,16,16,0.1,test,client_0,15,83,60,143,True,0.6218875502008032
SIDER,fedavg_proto,0.5,0,10,200,16,16,0.1,test,client_0,16,131,12,143,True,0.6978371501272266
SIDER,fedavg_proto,0.5,0,10,200,16,16,0.1,test,client_0,17,30,113,143,True,0.5221238938053097
SIDER,fedavg_proto,0.5,0,10,200,16,16,0.1,test,client_0,18,109,34,143,True,0.519158121964382
SIDER,fedavg_proto,0.5,0,10,200,16,16,0.1,test,client_0,19,104,39,143,True,0.519723865877712
SIDER,fedavg_proto,0.5,0,10,200,16,16,0.1,test,client_0,20,102,41,143,True,0.6073648971783836
SIDER,fedavg_proto,0.5,0,10,200,16,16,0.1,test,client_0,21,98,45,143,True,0.609750566893424
SIDER,fedavg_proto,0.5,0,10,200,16,16,0.1,test,client_0,22,14,129,143,True,0.4540420819490587
SIDER,fedavg_proto,0.5,0,10,200,16,16,0.1,test,client_0,23,60,83,143,True,0.4783132530120482
SIDER,fedavg_proto,0.5,0,10,200,16,16,0.1,test,client_0,24,98,45,143,True,0.5006802721088436
SIDER,fedavg_proto,0.5,0,10,200,16,16,0.1,test,client_0,25,132,11,143,True,0.7527548209366391
SIDER,fedavg_proto,0.5,0,10,200,16,16,0.1,test,client_0,26,101,42,143,True,0.5671852899575671
SIDER,fedavg_proto,0.5,0,10,200,16,16,0.1,test,client_1,0,72,71,143,True,0.6052425665101722
SIDER,fedavg_proto,0.5,0,10,200,16,16,0.1,test,client_1,1,105,38,143,True,0.5230576441102757
SIDER,fedavg_proto,0.5,0,10,200,16,16,0.1,test,client_1,2,5,138,143,True,0.45652173913043476
SIDER,fedavg_proto,0.5,0,10,200,16,16,0.1,test,client_1,3,90,53,143,True,0.5589098532494758
SIDER,fedavg_proto,0.5,0,10,200,16,16,0.1,test,client_1,4,118,25,143,True,0.5986440677966102
SIDER,fedavg_proto,0.5,0,10,200,16,16,0.1,test,client_1,5,104,39,143,True,0.6220414201183432
SIDER,fedavg_proto,0.5,0,10,200,16,16,0.1,test,client_1,6,134,9,143,True,0.8034825870646766
SIDER,fedavg_proto,0.5,0,10,200,16,16,0.1,test,client_1,7,24,119,143,True,0.6561624649859944
SIDER,fedavg_proto,0.5,0,10,200,16,16,0.1,test,client_1,8,91,52,143,True,0.569737954353339
SIDER,fedavg_proto,0.5,0,10,200,16,16,0.1,test,client_1,9,74,69,143,True,0.6343517430473953
SIDER,fedavg_proto,0.5,0,10,200,16,16,0.1,test,client_1,10,39,104,143,True,0.5862919132149902
SIDER,fedavg_proto,0.5,0,10,200,16,16,0.1,test,client_1,11,130,13,143,True,0.4757396449704142
SIDER,fedavg_proto,0.5,0,10,200,16,16,0.1,test,client_1,12,33,110,143,True,0.6283746556473829
SIDER,fedavg_proto,0.5,0,10,200,16,16,0.1,test,client_1,13,20,123,143,True,0.691869918699187
SIDER,fedavg_proto,0.5,0,10,200,16,16,0.1,test,client_1,14,113,30,143,True,0.5625368731563422
SIDER,fedavg_proto,0.5,0,10,200,16,16,0.1,test,client_1,15,83,60,143,True,0.591566265060241
SIDER,fedavg_proto,0.5,0,10,200,16,16,0.1,test,client_1,16,131,12,143,True,0.660941475826972
SIDER,fedavg_proto,0.5,0,10,200,16,16,0.1,test,client_1,17,30,113,143,True,0.5289085545722714
SIDER,fedavg_proto,0.5,0,10,200,16,16,0.1,test,client_1,18,109,34,143,True,0.5526173772261198
SIDER,fedavg_proto,0.5,0,10,200,16,16,0.1,test,client_1,19,104,39,143,True,0.569526627218935
SIDER,fedavg_proto,0.5,0,10,200,16,16,0.1,test,client_1,20,102,41,143,True,0.6085604973696795
SIDER,fedavg_proto,0.5,0,10,200,16,16,0.1,test,client_1,21,98,45,143,True,0.5839002267573696
SIDER,fedavg_proto,0.5,0,10,200,16,16,0.1,test,client_1,22,14,129,143,True,0.6052048726467332
SIDER,fedavg_proto,0.5,0,10,200,16,16,0.1,test,client_1,23,60,83,143,True,0.4891566265060241
SIDER,fedavg_proto,0.5,0,10,200,16,16,0.1,test,client_1,24,98,45,143,True,0.5510204081632653
SIDER,fedavg_proto,0.5,0,10,200,16,16,0.1,test,client_1,25,132,11,143,True,0.778236914600551
SIDER,fedavg_proto,0.5,0,10,200,16,16,0.1,test,client_1,26,101,42,143,True,0.5895803866100896
SIDER,fedavg_proto,0.5,0,10,200,16,16,0.1,test,client_2,0,72,71,143,True,0.5406885758998434
SIDER,fedavg_proto,0.5,0,10,200,16,16,0.1,test,client_2,1,105,38,143,True,0.4779448621553885
SIDER,fedavg_proto,0.5,0,10,200,16,16,0.1,test,client_2,2,5,138,143,True,0.5434782608695652
SIDER,fedavg_proto,0.5,0,10,200,16,16,0.1,test,client_2,3,90,53,143,True,0.5450733752620545
SIDER,fedavg_proto,0.5,0,10,200,16,16,0.1,test,client_2,4,118,25,143,True,0.5203389830508475
SIDER,fedavg_proto,0.5,0,10,200,16,16,0.1,test,client_2,5,104,39,143,True,0.5322978303747535
SIDER,fedavg_proto,0.5,0,10,200,16,16,0.1,test,client_2,6,134,9,143,True,0.6600331674958541
SIDER,fedavg_proto,0.5,0,10,200,16,16,0.1,test,client_2,7,24,119,143,True,0.6411064425770309
SIDER,fedavg_proto,0.5,0,10,200,16,16,0.1,test,client_2,8,91,52,143,True,0.5460693153000845
SIDER,fedavg_proto,0.5,0,10,200,16,16,0.1,test,client_2,9,74,69,143,True,0.5417156286721505
SIDER,fedavg_proto,0.5,0,10,200,16,16,0.1,test,client_2,10,39,104,143,True,0.5803747534516766
SIDER,fedavg_proto,0.5,0,10,200,16,16,0.1,test,client_2,11,130,13,143,True,0.51301775147929
SIDER,fedavg_proto,0.5,0,10,200,16,16,0.1,test,client_2,12,33,110,143,True,0.6280991735537189
SIDER,fedavg_proto,0.5,0,10,200,16,16,0.1,test,client_2,13,20,123,143,True,0.6719512195121952
SIDER,fedavg_proto,0.5,0,10,200,16,16,0.1,test,client_2,14,113,30,143,True,0.5377581120943953
SIDER,fedavg_proto,0.5,0,10,200,16,16,0.1,test,client_2,15,83,60,143,True,0.532128514056225
SIDER,fedavg_proto,0.5,0,10,200,16,16,0.1,test,client_2,16,131,12,143,True,0.6444020356234096
SIDER,fedavg_proto,0.5,0,10,200,16,16,0.1,test,client_2,17,30,113,143,True,0.5330383480825959
SIDER,fedavg_proto,0.5,0,10,200,16,16,0.1,test,client_2,18,109,34,143,True,0.5153804641122504
SIDER,fedavg_proto,0.5,0,10,200,16,16,0.1,test,client_2,19,104,39,143,True,0.5628698224852071
SIDER,fedavg_proto,0.5,0,10,200,16,16,0.1,test,client_2,20,102,41,143,True,0.6279292204686753
SIDER,fedavg_proto,0.5,0,10,200,16,16,0.1,test,client_2,21,98,45,143,True,0.5848072562358276
SIDER,fedavg_proto,0.5,0,10,200,16,16,0.1,test,client_2,22,14,129,143,True,0.5952380952380952
SIDER,fedavg_proto,0.5,0,10,200,16,16,0.1,test,client_2,23,60,83,143,True,0.5192771084337349
SIDER,fedavg_proto,0.5,0,10,200,16,16,0.1,test,client_2,24,98,45,143,True,0.46417233560090704
SIDER,fedavg_proto,0.5,0,10,200,16,16,0.1,test,client_2,25,132,11,143,True,0.6825068870523415
SIDER,fedavg_proto,0.5,0,10,200,16,16,0.1,test,client_2,26,101,42,143,True,0.5485619990570485
SIDER,fedavg_proto,0.5,0,10,200,16,16,0.1,test,client_3,0,72,71,143,True,0.5792253521126761
SIDER,fedavg_proto,0.5,0,10,200,16,16,0.1,test,client_3,1,105,38,143,True,0.5531328320802005
SIDER,fedavg_proto,0.5,0,10,200,16,16,0.1,test,client_3,2,5,138,143,True,0.48405797101449277
SIDER,fedavg_proto,0.5,0,10,200,16,16,0.1,test,client_3,3,90,53,143,True,0.5362683438155136
SIDER,fedavg_proto,0.5,0,10,200,16,16,0.1,test,client_3,4,118,25,143,True,0.5674576271186441
SIDER,fedavg_proto,0.5,0,10,200,16,16,0.1,test,client_3,5,104,39,143,True,0.5613905325443788
SIDER,fedavg_proto,0.5,0,10,200,16,16,0.1,test,client_3,6,134,9,143,True,0.6442786069651742
SIDER,fedavg_proto,0.5,0,10,200,16,16,0.1,test,client_3,7,24,119,143,True,0.6190476190476191
SIDER,fedavg_proto,0.5,0,10,200,16,16,0.1,test,client_3,8,91,52,143,True,0.5545224006762468
SIDER,fedavg_proto,0.5,0,10,200,16,16,0.1,test,client_3,9,74,69,143,True,0.644535840188014
SIDER,fedavg_proto,0.5,0,10,200,16,16,0.1,test,client_3,10,39,104,143,True,0.6343688362919132
SIDER,fedavg_proto,0.5,0,10,200,16,16,0.1,test,client_3,11,130,13,143,True,0.6266272189349112
SIDER,fedavg_proto,0.5,0,10,200,16,16,0.1,test,client_3,12,33,110,143,True,0.6443526170798898
SIDER,fedavg_proto,0.5,0,10,200,16,16,0.1,test,client_3,13,20,123,143,True,0.6691056910569105
SIDER,fedavg_proto,0.5,0,10,200,16,16,0.1,test,client_3,14,113,30,143,True,0.6050147492625368
SIDER,fedavg_proto,0.5,0,10,200,16,16,0.1,test,client_3,15,83,60,143,True,0.5947791164658635
SIDER,fedavg_proto,0.5,0,10,200,16,16,0.1,test,client_3,16,131,12,143,True,0.6940203562340967
SIDER,fedavg_proto,0.5,0,10,200,16,16,0.1,test,client_3,17,30,113,143,True,0.5156342182890855
SIDER,fedavg_proto,0.5,0,10,200,16,16,0.1,test,client_3,18,109,34,143,True,0.5742039935240152
SIDER,fedavg_proto,0.5,0,10,200,16,16,0.1,test,client_3,19,104,39,143,True,0.5604043392504932
SIDER,fedavg_proto,0.5,0,10,200,16,16,0.1,test,client_3,20,102,41,143,True,0.5918220946915351
SIDER,fedavg_proto,0.5,0,10,200,16,16,0.1,test,client_3,21,98,45,143,True,0.611111111111111
SIDER,fedavg_proto,0.5,0,10,200,16,16,0.1,test,client_3,22,14,129,143,True,0.5980066445182723
SIDER,fedavg_proto,0.5,0,10,200,16,16,0.1,test,client_3,23,60,83,143,True,0.5142570281124498
SIDER,fedavg_proto,0.5,0,10,200,16,16,0.1,test,client_3,24,98,45,143,True,0.5233560090702948
SIDER,fedavg_proto,0.5,0,10,200,16,16,0.1,test,client_3,25,132,11,143,True,0.6446280991735538
SIDER,fedavg_proto,0.5,0,10,200,16,16,0.1,test,client_3,26,101,42,143,True,0.5818010372465817
SIDER,fedavg_proto,0.5,0,11,200,16,16,0.1,val,server,0,76,67,143,True,0.6093872741555382
SIDER,fedavg_proto,0.5,0,11,200,16,16,0.1,val,server,1,99,44,143,True,0.61455463728191
SIDER,fedavg_proto,0.5,0,11,200,16,16,0.1,val,server,2,2,141,143,True,0.7695035460992907
SIDER,fedavg_proto,0.5,0,11,200,16,16,0.1,val,server,3,85,58,143,True,0.5835699797160242
SIDER,fedavg_proto,0.5,0,11,200,16,16,0.1,val,server,4,117,26,143,True,0.6433267587113741
SIDER,fedavg_proto,0.5,0,11,200,16,16,0.1,val,server,5,99,44,143,True,0.5831037649219467
SIDER,fedavg_proto,0.5,0,11,200,16,16,0.1,val,server,6,131,12,143,True,0.8250636132315522
SIDER,fedavg_proto,0.5,0,11,200,16,16,0.1,val,server,7,20,123,143,True,0.5800813008130081
SIDER,fedavg_proto,0.5,0,11,200,16,16,0.1,val,server,8,97,46,143,True,0.6028686687584044
SIDER,fedavg_proto,0.5,0,11,200,16,16,0.1,val,server,9,71,72,143,True,0.5952660406885758
SIDER,fedavg_proto,0.5,0,11,200,16,16,0.1,val,server,10,35,108,143,True,0.5394179894179894
SIDER,fedavg_proto,0.5,0,11,200,16,16,0.1,val,server,11,130,13,143,True,0.49408284023668636
SIDER,fedavg_proto,0.5,0,11,200,16,16,0.1,val,server,12,37,106,143,True,0.6336053034166241
SIDER,fedavg_proto,0.5,0,11,200,16,16,0.1,val,server,13,20,123,143,True,0.6138211382113821
SIDER,fedavg_proto,0.5,0,11,200,16,16,0.1,val,server,14,107,36,143,True,0.5713914849428867
SIDER,fedavg_proto,0.5,0,11,200,16,16,0.1,val,server,15,94,49,143,True,0.7101606600086844
SIDER,fedavg_proto,0.5,0,11,200,16,16,0.1,val,server,16,129,14,143,True,0.5819490586932448
SIDER,fedavg_proto,0.5,0,11,200,16,16,0.1,val,server,17,20,123,143,True,0.552439024390244
SIDER,fedavg_proto,0.5,0,11,200,16,16,0.1,val,server,18,104,39,143,True,0.5014792899408285
SIDER,fedavg_proto,0.5,0,11,200,16,16,0.1,val,server,19,103,40,143,True,0.5686893203883495
SIDER,fedavg_proto,0.5,0,11,200,16,16,0.1,val,server,20,102,41,143,True,0.5504543280726926
SIDER,fedavg_proto,0.5,0,11,200,16,16,0.1,val,server,21,98,45,143,True,0.626984126984127
SIDER,fedavg_proto,0.5,0,11,200,16,16,0.1,val,server,22,10,133,143,True,0.587218045112782
SIDER,fedavg_proto,0.5,0,11,200,16,16,0.1,val,server,23,64,79,143,True,0.5308544303797468
SIDER,fedavg_proto,0.5,0,11,200,16,16,0.1,val,server,24,104,39,143,True,0.5816074950690335
SIDER,fedavg_proto,0.5,0,11,200,16,16,0.1,val,server,25,134,9,143,True,0.7006633499170813
SIDER,fedavg_proto,0.5,0,11,200,16,16,0.1,val,server,26,95,48,143,True,0.5896929824561403
SIDER,fedavg_proto,0.5,0,11,200,16,16,0.1,val,client_0,0,76,67,143,True,0.6569128043990573
SIDER,fedavg_proto,0.5,0,11,200,16,16,0.1,val,client_0,1,99,44,143,True,0.6538108356290174
SIDER,fedavg_proto,0.5,0,11,200,16,16,0.1,val,client_0,2,2,141,143,True,0.5815602836879432
SIDER,fedavg_proto,0.5,0,11,200,16,16,0.1,val,client_0,3,85,58,143,True,0.5732251521298175
SIDER,fedavg_proto,0.5,0,11,200,16,16,0.1,val,client_0,4,117,26,143,True,0.7287968441814594
SIDER,fedavg_proto,0.5,0,11,200,16,16,0.1,val,client_0,5,99,44,143,True,0.6248852157943068
SIDER,fedavg_proto,0.5,0,11,200,16,16,0.1,val,client_0,6,131,12,143,True,0.8435114503816794
SIDER,fedavg_proto,0.5,0,11,200,16,16,0.1,val,client_0,7,20,123,143,True,0.5365853658536586
SIDER,fedavg_proto,0.5,0,11,200,16,16,0.1,val,client_0,8,97,46,143,True,0.6082474226804123
SIDER,fedavg_proto,0.5,0,11,200,16,16,0.1,val,client_0,9,71,72,143,True,0.5987871674491393
SIDER,fedavg_proto,0.5,0,11,200,16,16,0.1,val,client_0,10,35,108,143,True,0.5187830687830688
SIDER,fedavg_proto,0.5,0,11,200,16,16,0.1,val,client_0,11,130,13,143,True,0.5408284023668639
SIDER,fedavg_proto,0.5,0,11,200,16,16,0.1,val,client_0,12,37,106,143,True,0.6231514533401326
SIDER,fedavg_proto,0.5,0,11,200,16,16,0.1,val,client_0,13,20,123,143,True,0.6422764227642277
SIDER,fedavg_proto,0.5,0,11,200,16,16,0.1,val,client_0,14,107,36,143,True,0.6015057113187954
SIDER,fedavg_proto,0.5,0,11,200,16,16,0.1,val,client_0,15,94,49,143,True,0.7275293095961789
SIDER,fedavg_proto,0.5,0,11,200,16,16,0.1,val,client_0,16,129,14,143,True,0.6511627906976745
SIDER,fedavg_proto,0.5,0,11,200,16,16,0.1,val,client_0,17,20,123,143,True,0.6077235772357724
SIDER,fedavg_proto,0.5,0,11,200,16,16,0.1,val,client_0,18,104,39,143,True,0.5394477317554242
SIDER,fedavg_proto,0.5,0,11,200,16,16,0.1,val,client_0,19,103,40,143,True,0.5973300970873786
SIDER,fedavg_proto,0.5,0,11,200,16,16,0.1,val,client_0,20,102,41,143,True,0.6437111429937828
SIDER,fedavg_proto,0.5,0,11,200,16,16,0.1,val,client_0,21,98,45,143,True,0.6356009070294785
SIDER,fedavg_proto,0.5,0,11,200,16,16,0.1,val,client_0,22,10,133,143,True,0.5834586466165413
SIDER,fedavg_proto,0.5,0,11,200,16,16,0.1,val,client_0,23,64,79,143,True,0.5797072784810127
SIDER,fedavg_proto,0.5,0,11,200,16,16,0.1,val,client_0,24,104,39,143,True,0.6042899408284024
SIDER,fedavg_proto,0.5,0,11,200,16,16,0.1,val,client_0,25,134,9,143,True,0.7852404643449419
SIDER,fedavg_proto,0.5,0,11,200,16,16,0.1,val,client_0,26,95,48,143,True,0.6361842105263157
SIDER,fedavg_proto,0.5,0,11,200,16,16,0.1,val,client_1,0,76,67,143,True,0.6311861743912018
SIDER,fedavg_proto,0.5,0,11,200,16,16,0.1,val,client_1,1,99,44,143,True,0.6161616161616161
SIDER,fedavg_proto,0.5,0,11,200,16,16,0.1,val,client_1,2,2,141,143,True,0.75177304964539
SIDER,fedavg_proto,0.5,0,11,200,16,16,0.1,val,client_1,3,85,58,143,True,0.5926977687626774
SIDER,fedavg_proto,0.5,0,11,200,16,16,0.1,val,client_1,4,117,26,143,True,0.6117685733070348
SIDER,fedavg_proto,0.5,0,11,200,16,16,0.1,val,client_1,5,99,44,143,True,0.5674931129476585
SIDER,fedavg_proto,0.5,0,11,200,16,16,0.1,val,client_1,6,131,12,143,True,0.8142493638676843
SIDER,fedavg_proto,0.5,0,11,200,16,16,0.1,val,client_1,7,20,123,143,True,0.5402439024390244
SIDER,fedavg_proto,0.5,0,11,200,16,16,0.1,val,client_1,8,97,46,143,True,0.5891976692066339
SIDER,fedavg_proto,0.5,0,11,200,16,16,0.1,val,client_1,9,71,72,143,True,0.6140453834115807
SIDER,fedavg_proto,0.5,0,11,200,16,16,0.1,val,client_1,10,35,108,143,True,0.5259259259259259
SIDER,fedavg_proto,0.5,0,11,200,16,16,0.1,val,client_1,11,130,13,143,True,0.5710059171597632
SIDER,fedavg_proto,0.5,0,11,200,16,16,0.1,val,client_1,12,37,106,143,True,0.6088730239673635
SIDER,fedavg_proto,0.5,0,11,200,16,16,0.1,val,client_1,13,20,123,143,True,0.5833333333333334
SIDER,fedavg_proto,0.5,0,11,200,16,16,0.1,val,client_1,14,107,36,143,True,0.563343717549325
SIDER,fedavg_proto,0.5,0,11,200,16,16,0.1,val,client_1,15,94,49,143,True,0.7034303082935303
SIDER,fedavg_proto,0.5,0,11,200,16,16,0.1,val,client_1,16,129,14,143,True,0.6079734219269103
SIDER,fedavg_proto,0.5,0,11,200,16,16,0.1,val,client_1,17,20,123,143,True,0.5382113821138212
SIDER,fedavg_proto,0.5,0,11,200,16,16,0.1,val,client_1,18,104,39,143,True,0.47879684418145957
SIDER,fedavg_proto,0.5,0,11,200,16,16,0.1,val,client_1,19,103,40,143,True,0.579611650485437
SIDER,fedavg_proto,0.5,0,11,200,16,16,0.1,val,client_1,20,102,41,143,True,0.5736489717838354
SIDER,fedavg_proto,0.5,0,11,200,16,16,0.1,val,client_1,21,98,45,143,True,0.6376417233560091
SIDER,fedavg_proto,0.5,0,11,200,16,16,0.1,val,client_1,22,10,133,143,True,0.5714285714285714
SIDER,fedavg_proto,0.5,0,11,200,16,16,0.1,val,client_1,23,64,79,143,True,0.5425237341772152
SIDER,fedavg_proto,0.5,0,11,200,16,16,0.1,val,client_1,24,104,39,143,True,0.5872781065088757
SIDER,fedavg_proto,0.5,0,11,200,16,16,0.1,val,client_1,25,134,9,143,True,0.7437810945273632
SIDER,fedavg_proto,0.5,0,11,200,16,16,0.1,val,client_1,26,95,48,143,True,0.5611842105263157
SIDER,fedavg_proto,0.5,0,11,200,16,16,0.1,val,client_2,0,76,67,143,True,0.5176747839748626
SIDER,fedavg_proto,0.5,0,11,200,16,16,0.1,val,client_2,1,99,44,143,True,0.5553259871441689
SIDER,fedavg_proto,0.5,0,11,200,16,16,0.1,val,client_2,2,2,141,143,True,0.8297872340425533
SIDER,fedavg_proto,0.5,0,11,200,16,16,0.1,val,client_2,3,85,58,143,True,0.566734279918864
SIDER,fedavg_proto,0.5,0,11,200,16,16,0.1,val,client_2,4,117,26,143,True,0.5032873109796187
SIDER,fedavg_proto,0.5,0,11,200,16,16,0.1,val,client_2,5,99,44,143,True,0.5369605142332415
SIDER,fedavg_proto,0.5,0,11,200,16,16,0.1,val,client_2,6,131,12,143,True,0.7201017811704834
SIDER,fedavg_proto,0.5,0,11,200,16,16,0.1,val,client_2,7,20,123,143,True,0.5361788617886178
SIDER,fedavg_proto,0.5,0,11,200,16,16,0.1,val,client_2,8,97,46,143,True,0.5351860152398028
SIDER,fedavg_proto,0.5,0,11,200,16,16,0.1,val,client_2,9,71,72,143,True,0.5774647887323944
SIDER,fedavg_proto,0.5,0,11,200,16,16,0.1,val,client_2,10,35,108,143,True,0.5365079365079365
SIDER,fedavg_proto,0.5,0,11,200,16,16,0.1,val,client_2,11,130,13,143,True,0.44911242603550294
SIDER,fedavg_proto,0.5,0,11,200,16,16,0.1,val,client_2,12,37,106,143,True,0.617287098419174
SIDER,fedavg_proto,0.5,0,11,200,16,16,0.1,val,client_2,13,20,123,143,True,0.6016260162601627
SIDER,fedavg_proto,0.5,0,11,200,16,16,0.1,val,client_2,14,107,36,143,True,0.4935098650051921
SIDER,fedavg_proto,0.5,0,11,200,16,16,0.1,val,client_2,15,94,49,143,True,0.6183239253148067
SIDER,fedavg_proto,0.5,0,11,200,16,16,0.1,val,client_2,16,129,14,143,True,0.5132890365448505
SIDER,fedavg_proto,0.5,0,11,200,16,16,0.1,val,client_2,17,20,123,143,True,0.5032520325203251
SIDER,fedavg_proto,0.5,0,11,200,16,16,0.1,val,client_2,18,104,39,143,True,0.46277120315581854
SIDER,fedavg_proto,0.5,0,11,200,16,16,0.1,val,client_2,19,103,40,143,True,0.5043689320388349
SIDER,fedavg_proto,0.5,0,11,200,16,16,0.1,val,client_2,20,102,41,143,True,0.5071736011477762
SIDER,fedavg_proto,0.5,0,11,200,16,16,0.1,val,client_2,21,98,45,143,True,0.580952380952381
SIDER,fedavg_proto,0.5,0,11,200,16,16,0.1,val,client_2,22,10,133,143,True,0.6000000000000001
SIDER,fedavg_proto,0.5,0,11,200,16,16,0.1,val,client_2,23,64,79,143,True,0.49367088607594933
SIDER,fedavg_proto,0.5,0,11,200,16,16,0.1,val,client_2,24,104,39,143,True,0.5764299802761341
SIDER,fedavg_proto,0.5,0,11,200,16,16,0.1,val,client_2,25,134,9,143,True,0.5613598673300165
SIDER,fedavg_proto,0.5,0,11,200,16,16,0.1,val,client_2,26,95,48,143,True,0.5682017543859649
SIDER,fedavg_proto,0.5,0,11,200,16,16,0.1,val,client_3,0,76,67,143,True,0.6129222309505107
SIDER,fedavg_proto,0.5,0,11,200,16,16,0.1,val,client_3,1,99,44,143,True,0.6285583103764922
SIDER,fedavg_proto,0.5,0,11,200,16,16,0.1,val,client_3,2,2,141,143,True,0.8156028368794326
SIDER,fedavg_proto,0.5,0,11,200,16,16,0.1,val,client_3,3,85,58,143,True,0.5663286004056794
SIDER,fedavg_proto,0.5,0,11,200,16,16,0.1,val,client_3,4,117,26,143,True,0.6193293885601577
SIDER,fedavg_proto,0.5,0,11,200,16,16,0.1,val,client_3,5,99,44,143,True,0.5826446280991735
SIDER,fedavg_proto,0.5,0,11,200,16,16,0.1,val,client_3,6,131,12,143,True,0.8015267175572519
SIDER,fedavg_proto,0.5,0,11,200,16,16,0.1,val,client_3,7,20,123,143,True,0.582520325203252
SIDER,fedavg_proto,0.5,0,11,200,16,16,0.1,val,client_3,8,97,46,143,True,0.6194531600179292
SIDER,fedavg_proto,0.5,0,11,200,16,16,0.1,val,client_3,9,71,72,143,True,0.5907668231611893
SIDER,fedavg_proto,0.5,0,11,200,16,16,0.1,val,client_3,10,35,108,143,True,0.6111111111111112
SIDER,fedavg_proto,0.5,0,11,200,16,16,0.1,val,client_3,11,130,13,143,True,0.4763313609467456
SIDER,fedavg_proto,0.5,0,11,200,16,16,0.1,val,client_3,12,37,106,143,True,0.6710861805201428
SIDER,fedavg_proto,0.5,0,11,200,16,16,0.1,val,client_3,13,20,123,143,True,0.5963414634146342
SIDER,fedavg_proto,0.5,0,11,200,16,16,0.1,val,client_3,14,107,36,143,True,0.5573727933541017
SIDER,fedavg_proto,0.5,0,11,200,16,16,0.1,val,client_3,15,94,49,143,True,0.6958315240990015
SIDER,fedavg_proto,0.5,0,11,200,16,16,0.1,val,client_3,16,129,14,143,True,0.6168327796234773
SIDER,fedavg_proto,0.5,0,11,200,16,16,0.1,val,client_3,17,20,123,143,True,0.5467479674796749
SIDER,fedavg_proto,0.5,0,11,200,16,16,0.1,val,client_3,18,104,39,143,True,0.5527613412228797
SIDER,fedavg_proto,0.5,0,11,200,16,16,0.1,val,client_3,19,103,40,143,True,0.5422330097087379
SIDER,fedavg_proto,0.5,0,11,200,16,16,0.1,val,client_3,20,102,41,143,True,0.5179340028694405
SIDER,fedavg_proto,0.5,0,11,200,16,16,0.1,val,client_3,21,98,45,143,True,0.6437641723356009
SIDER,fedavg_proto,0.5,0,11,200,16,16,0.1,val,client_3,22,10,133,143,True,0.5827067669172932
SIDER,fedavg_proto,0.5,0,11,200,16,16,0.1,val,client_3,23,64,79,143,True,0.4960443037974683
SIDER,fedavg_proto,0.5,0,11,200,16,16,0.1,val,client_3,24,104,39,143,True,0.5631163708086785
SIDER,fedavg_proto,0.5,0,11,200,16,16,0.1,val,client_3,25,134,9,143,True,0.6583747927031509
SIDER,fedavg_proto,0.5,0,11,200,16,16,0.1,val,client_3,26,95,48,143,True,0.6168859649122808
SIDER,fedavg_proto,0.5,0,11,200,16,16,0.1,test,server,0,72,71,143,True,0.6300860719874805
SIDER,fedavg_proto,0.5,0,11,200,16,16,0.1,test,server,1,105,38,143,True,0.5285714285714286
SIDER,fedavg_proto,0.5,0,11,200,16,16,0.1,test,server,2,5,138,143,True,0.5333333333333333
SIDER,fedavg_proto,0.5,0,11,200,16,16,0.1,test,server,3,90,53,143,True,0.540041928721174
SIDER,fedavg_proto,0.5,0,11,200,16,16,0.1,test,server,4,118,25,143,True,0.6071186440677967
SIDER,fedavg_proto,0.5,0,11,200,16,16,0.1,test,server,5,104,39,143,True,0.6254930966469429
SIDER,fedavg_proto,0.5,0,11,200,16,16,0.1,test,server,6,134,9,143,True,0.7761194029850746
SIDER,fedavg_proto,0.5,0,11,200,16,16,0.1,test,server,7,24,119,143,True,0.6659663865546218
SIDER,fedavg_proto,0.5,0,11,200,16,16,0.1,test,server,8,91,52,143,True,0.5834742180896026
SIDER,fedavg_proto,0.5,0,11,200,16,16,0.1,test,server,9,74,69,143,True,0.6233842538190364
SIDER,fedavg_proto,0.5,0,11,200,16,16,0.1,test,server,10,39,104,143,True,0.6481755424063116
SIDER,fedavg_proto,0.5,0,11,200,16,16,0.1,test,server,11,130,13,143,True,0.5313609467455621
SIDER,fedavg_proto,0.5,0,11,200,16,16,0.1,test,server,12,33,110,143,True,0.6176308539944904
SIDER,fedavg_proto,0.5,0,11,200,16,16,0.1,test,server,13,20,123,143,True,0.7028455284552846
SIDER,fedavg_proto,0.5,0,11,200,16,16,0.1,test,server,14,113,30,143,True,0.5696165191740413
SIDER,fedavg_proto,0.5,0,11,200,16,16,0.1,test,server,15,83,60,143,True,0.6034136546184738
SIDER,fedavg_proto,0.5,0,11,200,16,16,0.1,test,server,16,131,12,143,True,0.6730279898218829
SIDER,fedavg_proto,0.5,0,11,200,16,16,0.1,test,server,17,30,113,143,True,0.5371681415929204
SIDER,fedavg_proto,0.5,0,11,200,16,16,0.1,test,server,18,109,34,143,True,0.5679978413383702
SIDER,fedavg_proto,0.5,0,11,200,16,16,0.1,test,server,19,104,39,143,True,0.5549802761341223
SIDER,fedavg_proto,0.5,0,11,200,16,16,0.1,test,server,20,102,41,143,True,0.6166905786704926
SIDER,fedavg_proto,0.5,0,11,200,16,16,0.1,test,server,21,98,45,143,True,0.6011337868480726
SIDER,fedavg_proto,0.5,0,11,200,16,16,0.1,test,server,22,14,129,143,True,0.5736434108527132
SIDER,fedavg_proto,0.5,0,11,200,16,16,0.1,test,server,23,60,83,143,True,0.49196787148594373
SIDER,fedavg_proto,0.5,0,11,200,16,16,0.1,test,server,24,98,45,143,True,0.517233560090703
SIDER,fedavg_proto,0.5,0,11,200,16,16,0.1,test,server,25,132,11,143,True,0.7534435261707989
SIDER,fedavg_proto,0.5,0,11,200,16,16,0.1,test,server,26,101,42,143,True,0.5994813767090995
SIDER,fedavg_proto,0.5,0,11,200,16,16,0.1,test,client_0,0,72,71,143,True,0.6306729264475742
SIDER,fedavg_proto,0.5,0,11,200,16,16,0.1,test,client_0,1,105,38,143,True,0.5619047619047619
SIDER,fedavg_proto,0.5,0,11,200,16,16,0.1,test,client_0,2,5,138,143,True,0.5739130434782608
SIDER,fedavg_proto,0.5,0,11,200,16,16,0.1,test,client_0,3,90,53,143,True,0.5134171907756814
SIDER,fedavg_proto,0.5,0,11,200,16,16,0.1,test,client_0,4,118,25,143,True,0.6196610169491525
SIDER,fedavg_proto,0.5,0,11,200,16,16,0.1,test,client_0,5,104,39,143,True,0.5996055226824457
SIDER,fedavg_proto,0.5,0,11,200,16,16,0.1,test,client_0,6,134,9,143,True,0.7048092868988391
SIDER,fedavg_proto,0.5,0,11,200,16,16,0.1,test,client_0,7,24,119,143,True,0.6281512605042017
SIDER,fedavg_proto,0.5,0,11,200,16,16,0.1,test,client_0,8,91,52,143,True,0.5870667793744717
SIDER,fedavg_proto,0.5,0,11,200,16,16,0.1,test,client_0,9,74,69,143,True,0.6402271837054446
SIDER,fedavg_proto,0.5,0,11,200,16,16,0.1,test,client_0,10,39,104,143,True,0.6617357001972387
SIDER,fedavg_proto,0.5,0,11,200,16,16,0.1,test,client_0,11,130,13,143,True,0.5715976331360947
SIDER,fedavg_proto,0.5,0,11,200,16,16,0.1,test,client_0,12,33,110,143,True,0.562809917355372
SIDER,fedavg_proto,0.5,0,11,200,16,16,0.1,test,client_0,13,20,123,143,True,0.6508130081300812
SIDER,fedavg_proto,0.5,0,11,200,16,16,0.1,test,client_0,14,113,30,143,True,0.5554572271386431
SIDER,fedavg_proto,0.5,0,11,200,16,16,0.1,test,client_0,15,83,60,143,True,0.6255020080321284
SIDER,fedavg_proto,0.5,0,11,200,16,16,0.1,test,client_0,16,131,12,143,True,0.707379134860051
SIDER,fedavg_proto,0.5,0,11,200,16,16,0.1,test,client_0,17,30,113,143,True,0.5256637168141594
SIDER,fedavg_proto,0.5,0,11,200,16,16,0.1,test,client_0,18,109,34,143,True,0.5175391257420399
SIDER,fedavg_proto,0.5,0,11,200,16,16,0.1,test,client_0,19,104,39,143,True,0.5293392504930967
SIDER,fedavg_proto,0.5,0,11,200,16,16,0.1,test,client_0,20,102,41,143,True,0.5968436154949784
SIDER,fedavg_proto,0.5,0,11,200,16,16,0.1,test,client_0,21,98,45,143,True,0.6015873015873014
SIDER,fedavg_proto,0.5,0,11,200,16,16,0.1,test,client_0,22,14,129,143,True,0.4939091915836102
SIDER,fedavg_proto,0.5,0,11,200,16,16,0.1,test,client_0,23,60,83,143,True,0.47991967871485947
SIDER,fedavg_proto,0.5,0,11,200,16,16,0.1,test,client_0,24,98,45,143,True,0.5045351473922902
SIDER,fedavg_proto,0.5,0,11,200,16,16,0.1,test,client_0,25,132,11,143,True,0.7183195592286502
SIDER,fedavg_proto,0.5,0,11,200,16,16,0.1,test,client_0,26,101,42,143,True,0.5789721829325789
SIDER,fedavg_proto,0.5,0,11,200,16,16,0.1,test,client_1,0,72,71,143,True,0.605829420970266
SIDER,fedavg_proto,0.5,0,11,200,16,16,0.1,test,client_1,1,105,38,143,True,0.550375939849624
SIDER,fedavg_proto,0.5,0,11,200,16,16,0.1,test,client_1,2,5,138,143,True,0.4666666666666667
SIDER,fedavg_proto,0.5,0,11,200,16,16,0.1,test,client_1,3,90,53,143,True,0.5400419287211741
SIDER,fedavg_proto,0.5,0,11,200,16,16,0.1,test,client_1,4,118,25,143,True,0.5935593220338983
SIDER,fedavg_proto,0.5,0,11,200,16,16,0.1,test,client_1,5,104,39,143,True,0.6020710059171598
SIDER,fedavg_proto,0.5,0,11,200,16,16,0.1,test,client_1,6,134,9,143,True,0.7777777777777778
SIDER,fedavg_proto,0.5,0,11,200,16,16,0.1,test,client_1,7,24,119,143,True,0.6526610644257703
SIDER,fedavg_proto,0.5,0,11,200,16,16,0.1,test,client_1,8,91,52,143,True,0.5528317836010144
SIDER,fedavg_proto,0.5,0,11,200,16,16,0.1,test,client_1,9,74,69,143,True,0.6574618096357228
SIDER,fedavg_proto,0.5,0,11,200,16,16,0.1,test,client_1,10,39,104,143,True,0.5964003944773176
SIDER,fedavg_proto,0.5,0,11,200,16,16,0.1,test,client_1,11,130,13,143,True,0.46863905325443783
SIDER,fedavg_proto,0.5,0,11,200,16,16,0.1,test,client_1,12,33,110,143,True,0.6490358126721762
SIDER,fedavg_proto,0.5,0,11,200,16,16,0.1,test,client_1,13,20,123,143,True,0.6951219512195123
SIDER,fedavg_proto,0.5,0,11,200,16,16,0.1,test,client_1,14,113,30,143,True,0.5646017699115045
SIDER,fedavg_proto,0.5,0,11,200,16,16,0.1,test,client_1,15,83,60,143,True,0.5951807228915662
SIDER,fedavg_proto,0.5,0,11,200,16,16,0.1,test,client_1,16,131,12,143,True,0.6539440203562341
SIDER,fedavg_proto,0.5,0,11,200,16,16,0.1,test,client_1,17,30,113,143,True,0.5203539823008849
SIDER,fedavg_proto,0.5,0,11,200,16,16,0.1,test,client_1,18,109,34,143,True,0.5617916891527253
SIDER,fedavg_proto,0.5,0,11,200,16,16,0.1,test,client_1,19,104,39,143,True,0.557199211045365
SIDER,fedavg_proto,0.5,0,11,200,16,16,0.1,test,client_1,20,102,41,143,True,0.5970827355332377
SIDER,fedavg_proto,0.5,0,11,200,16,16,0.1,test,client_1,21,98,45,143,True,0.580952380952381
SIDER,fedavg_proto,0.5,0,11,200,16,16,0.1,test,client_1,22,14,129,143,True,0.6129568106312292
SIDER,fedavg_proto,0.5,0,11,200,16,16,0.1,test,client_1,23,60,83,143,True,0.48955823293172696
SIDER,fedavg_proto,0.5,0,11,200,16,16,0.1,test,client_1,24,98,45,143,True,0.5335600907029479
SIDER,fedavg_proto,0.5,0,11,200,16,16,0.1,test,client_1,25,132,11,143,True,0.7789256198347108
SIDER,fedavg_proto,0.5,0,11,200,16,16,0.1,test,client_1,26,101,42,143,True,0.6124469589816125
SIDER,fedavg_proto,0.5,0,11,200,16,16,0.1,test,client_2,0,72,71,143,True,0.5446009389671361
SIDER,fedavg_proto,0.5,0,11,200,16,16,0.1,test,client_2,1,105,38,143,True,0.4869674185463659
SIDER,fedavg_proto,0.5,0,11,200,16,16,0.1,test,client_2,2,5,138,143,True,0.5405797101449276
SIDER,fedavg_proto,0.5,0,11,200,16,16,0.1,test,client_2,3,90,53,143,True,0.5297693920335429
SIDER,fedavg_proto,0.5,0,11,200,16,16,0.1,test,client_2,4,118,25,143,True,0.5216949152542372
SIDER,fedavg_proto,0.5,0,11,200,16,16,0.1,test,client_2,5,104,39,143,True,0.5231755424063116
SIDER,fedavg_proto,0.5,0,11,200,16,16,0.1,test,client_2,6,134,9,143,True,0.6616915422885572
SIDER,fedavg_proto,0.5,0,11,200,16,16,0.1,test,client_2,7,24,119,143,True,0.6495098039215687
SIDER,fedavg_proto,0.5,0,11,200,16,16,0.1,test,client_2,8,91,52,143,True,0.5511411665257819
SIDER,fedavg_proto,0.5,0,11,200,16,16,0.1,test,client_2,9,74,69,143,True,0.5630630630630631
SIDER,fedavg_proto,0.5,0,11,200,16,16,0.1,test,client_2,10,39,104,143,True,0.6040433925049309
SIDER,fedavg_proto,0.5,0,11,200,16,16,0.1,test,client_2,11,130,13,143,True,0.49704142011834324
SIDER,fedavg_proto,0.5,0,11,200,16,16,0.1,test,client_2,12,33,110,143,True,0.6275482093663912
SIDER,fedavg_proto,0.5,0,11,200,16,16,0.1,test,client_2,13,20,123,143,True,0.6857723577235773
SIDER,fedavg_proto,0.5,0,11,200,16,16,0.1,test,client_2,14,113,30,143,True,0.5374631268436578
SIDER,fedavg_proto,0.5,0,11,200,16,16,0.1,test,client_2,15,83,60,143,True,0.5399598393574296
SIDER,fedavg_proto,0.5,0,11,200,16,16,0.1,test,client_2,16,131,12,143,True,0.6463104325699746
SIDER,fedavg_proto,0.5,0,11,200,16,16,0.1,test,client_2,17,30,113,143,True,0.5224188790560472
SIDER,fedavg_proto,0.5,0,11,200,16,16,0.1,test,client_2,18,109,34,143,True,0.533189422558014
SIDER,fedavg_proto,0.5,0,11,200,16,16,0.1,test,client_2,19,104,39,143,True,0.560404339250493
SIDER,fedavg_proto,0.5,0,11,200,16,16,0.1,test,client_2,20,102,41,143,True,0.6221903395504542
SIDER,fedavg_proto,0.5,0,11,200,16,16,0.1,test,client_2,21,98,45,143,True,0.5764172335600907
SIDER,fedavg_proto,0.5,0,11,200,16,16,0.1,test,client_2,22,14,129,143,True,0.6018826135105205
SIDER,fedavg_proto,0.5,0,11,200,16,16,0.1,test,client_2,23,60,83,143,True,0.5048192771084338
SIDER,fedavg_proto,0.5,0,11,200,16,16,0.1,test,client_2,24,98,45,143,True,0.4662131519274376
SIDER,fedavg_proto,0.5,0,11,200,16,16,0.1,test,client_2,25,132,11,143,True,0.6646005509641874
SIDER,fedavg_proto,0.5,0,11,200,16,16,0.1,test,client_2,26,101,42,143,True,0.566006600660066
SIDER,fedavg_proto,0.5,0,11,200,16,16,0.1,test,client_3,0,72,71,143,True,0.5890062597809076
SIDER,fedavg_proto,0.5,0,11,200,16,16,0.1,test,client_3,1,105,38,143,True,0.5353383458646616
SIDER,fedavg_proto,0.5,0,11,200,16,16,0.1,test,client_3,2,5,138,143,True,0.5376811594202899
SIDER,fedavg_proto,0.5,0,11,200,16,16,0.1,test,client_3,3,90,53,143,True,0.5607966457023061
SIDER,fedavg_proto,0.5,0,11,200,16,16,0.1,test,client_3,4,118,25,143,True,0.5722033898305084
SIDER,fedavg_proto,0.5,0,11,200,16,16,0.1,test,client_3,5,104,39,143,True,0.5761834319526628
SIDER,fedavg_proto,0.5,0,11,200,16,16,0.1,test,client_3,6,134,9,143,True,0.7114427860696517
SIDER,fedavg_proto,0.5,0,11,200,16,16,0.1,test,client_3,7,24,119,143,True,0.6418067226890757
SIDER,fedavg_proto,0.5,0,11,200,16,16,0.1,test,client_3,8,91,52,143,True,0.5598055790363482
SIDER,fedavg_proto,0.5,0,11,200,16,16,0.1,test,client_3,9,74,69,143,True,0.6243634939287114
SIDER,fedavg_proto,0.5,0,11,200,16,16,0.1,test,client_3,10,39,104,143,True,0.625493096646943
SIDER,fedavg_proto,0.5,0,11,200,16,16,0.1,test,client_3,11,130,13,143,True,0.5603550295857987
SIDER,fedavg_proto,0.5,0,11,200,16,16,0.1,test,client_3,12,33,110,143,True,0.6669421487603306
SIDER,fedavg_proto,0.5,0,11,200,16,16,0.1,test,client_3,13,20,123,143,True,0.6707317073170732
SIDER,fedavg_proto,0.5,0,11,200,16,16,0.1,test,client_3,14,113,30,143,True,0.5893805309734513
SIDER,fedavg_proto,0.5,0,11,200,16,16,0.1,test,client_3,15,83,60,143,True,0.6166666666666666
SIDER,fedavg_proto,0.5,0,11,200,16,16,0.1,test,client_3,16,131,12,143,True,0.6908396946564885
SIDER,fedavg_proto,0.5,0,11,200,16,16,0.1,test,client_3,17,30,113,143,True,0.5654867256637168
SIDER,fedavg_proto,0.5,0,11,200,16,16,0.1,test,client_3,18,109,34,143,True,0.5698866702644361
SIDER,fedavg_proto,0.5,0,11,200,16,16,0.1,test,client_3,19,104,39,143,True,0.5456114398422092
SIDER,fedavg_proto,0.5,0,11,200,16,16,0.1,test,client_3,20,102,41,143,True,0.6030607364897179
SIDER,fedavg_proto,0.5,0,11,200,16,16,0.1,test,client_3,21,98,45,143,True,0.6251700680272109
SIDER,fedavg_proto,0.5,0,11,200,16,16,0.1,test,client_3,22,14,129,143,True,0.5991140642303433
SIDER,fedavg_proto,0.5,0,11,200,16,16,0.1,test,client_3,23,60,83,143,True,0.5116465863453815
SIDER,fedavg_proto,0.5,0,11,200,16,16,0.1,test,client_3,24,98,45,143,True,0.518140589569161
SIDER,fedavg_proto,0.5,0,11,200,16,16,0.1,test,client_3,25,132,11,143,True,0.6811294765840221
SIDER,fedavg_proto,0.5,0,11,200,16,16,0.1,test,client_3,26,101,42,143,True,0.5836869401225837
SIDER,fedavg_proto,0.5,0,12,200,16,16,0.1,val,server,0,76,67,143,True,0.6268656716417911
SIDER,fedavg_proto,0.5,0,12,200,16,16,0.1,val,server,1,99,44,143,True,0.6196051423324151
SIDER,fedavg_proto,0.5,0,12,200,16,16,0.1,val,server,2,2,141,143,True,0.7659574468085106
SIDER,fedavg_proto,0.5,0,12,200,16,16,0.1,val,server,3,85,58,143,True,0.5853955375253549
SIDER,fedavg_proto,0.5,0,12,200,16,16,0.1,val,server,4,117,26,143,True,0.6459566074950691
SIDER,fedavg_proto,0.5,0,12,200,16,16,0.1,val,server,5,99,44,143,True,0.588613406795225
SIDER,fedavg_proto,0.5,0,12,200,16,16,0.1,val,server,6,131,12,143,True,0.8377862595419847
SIDER,fedavg_proto,0.5,0,12,200,16,16,0.1,val,server,7,20,123,143,True,0.5833333333333334
SIDER,fedavg_proto,0.5,0,12,200,16,16,0.1,val,server,8,97,46,143,True,0.6080233079336621
SIDER,fedavg_proto,0.5,0,12,200,16,16,0.1,val,server,9,71,72,143,True,0.597809076682316
SIDER,fedavg_proto,0.5,0,12,200,16,16,0.1,val,server,10,35,108,143,True,0.5436507936507937
SIDER,fedavg_proto,0.5,0,12,200,16,16,0.1,val,server,11,130,13,143,True,0.5118343195266273
SIDER,fedavg_proto,0.5,0,12,200,16,16,0.1,val,server,12,37,106,143,True,0.6376848546659867
SIDER,fedavg_proto,0.5,0,12,200,16,16,0.1,val,server,13,20,123,143,True,0.6073170731707316
SIDER,fedavg_proto,0.5,0,12,200,16,16,0.1,val,server,14,107,36,143,True,0.5784008307372793
SIDER,fedavg_proto,0.5,0,12,200,16,16,0.1,val,server,15,94,49,143,True,0.7190620929222753
SIDER,fedavg_proto,0.5,0,12,200,16,16,0.1,val,server,16,129,14,143,True,0.5921926910299004
SIDER,fedavg_proto,0.5,0,12,200,16,16,0.1,val,server,17,20,123,143,True,0.5414634146341463
SIDER,fedavg_proto,0.5,0,12,200,16,16,0.1,val,server,18,104,39,143,True,0.5056706114398422
SIDER,fedavg_proto,0.5,0,12,200,16,16,0.1,val,server,19,103,40,143,True,0.574514563106796
SIDER,fedavg_proto,0.5,0,12,200,16,16,0.1,val,server,20,102,41,143,True,0.555714968914395
SIDER,fedavg_proto,0.5,0,12,200,16,16,0.1,val,server,21,98,45,143,True,0.6356009070294785
SIDER,fedavg_proto,0.5,0,12,200,16,16,0.1,val,server,22,10,133,143,True,0.5796992481203007
SIDER,fedavg_proto,0.5,0,12,200,16,16,0.1,val,server,23,64,79,143,True,0.5304588607594937
SIDER,fedavg_proto,0.5,0,12,200,16,16,0.1,val,server,24,104,39,143,True,0.5875246548323471
SIDER,fedavg_proto,0.5,0,12,200,16,16,0.1,val,server,25,134,9,143,True,0.7122719734660033
SIDER,fedavg_proto,0.5,0,12,200,16,16,0.1,val,server,26,95,48,143,True,0.5958333333333333
SIDER,fedavg_proto,0.5,0,12,200,16,16,0.1,val,client_0,0,76,67,143,True,0.670267085624509
SIDER,fedavg_proto,0.5,0,12,200,16,16,0.1,val,client_0,1,99,44,143,True,0.6409550045913682
SIDER,fedavg_proto,0.5,0,12,200,16,16,0.1,val,client_0,2,2,141,143,True,0.673758865248227
SIDER,fedavg_proto,0.5,0,12,200,16,16,0.1,val,client_0,3,85,58,143,True,0.5914807302231236
SIDER,fedavg_proto,0.5,0,12,200,16,16,0.1,val,client_0,4,117,26,143,True,0.7261669953977646
SIDER,fedavg_proto,0.5,0,12,200,16,16,0.1,val,client_0,5,99,44,143,True,0.636593204775023
SIDER,fedavg_proto,0.5,0,12,200,16,16,0.1,val,client_0,6,131,12,143,True,0.8505089058524173
SIDER,fedavg_proto,0.5,0,12,200,16,16,0.1,val,client_0,7,20,123,143,True,0.5658536585365853
SIDER,fedavg_proto,0.5,0,12,200,16,16,0.1,val,client_0,8,97,46,143,True,0.6169878978036755
SIDER,fedavg_proto,0.5,0,12,200,16,16,0.1,val,client_0,9,71,72,143,True,0.6011345852895149
SIDER,fedavg_proto,0.5,0,12,200,16,16,0.1,val,client_0,10,35,108,143,True,0.5121693121693122
SIDER,fedavg_proto,0.5,0,12,200,16,16,0.1,val,client_0,11,130,13,143,True,0.5585798816568047
SIDER,fedavg_proto,0.5,0,12,200,16,16,0.1,val,client_0,12,37,106,143,True,0.6106578276389597
SIDER,fedavg_proto,0.5,0,12,200,16,16,0.1,val,client_0,13,20,123,143,True,0.6357723577235772
SIDER,fedavg_proto,0.5,0,12,200,16,16,0.1,val,client_0,14,107,36,143,True,0.567497403946002
SIDER,fedavg_proto,0.5,0,12,200,16,16,0.1,val,client_0,15,94,49,143,True,0.7318714719930526
SIDER,fedavg_proto,0.5,0,12,200,16,16,0.1,val,client_0,16,129,14,143,True,0.6650055370985604
SIDER,fedavg_proto,0.5,0,12,200,16,16,0.1,val,client_0,17,20,123,143,True,0.5630081300813008
SIDER,fedavg_proto,0.5,0,12,200,16,16,0.1,val,client_0,18,104,39,143,True,0.5352564102564102
SIDER,fedavg_proto,0.5,0,12,200,16,16,0.1,val,client_0,19,103,40,143,True,0.5900485436893205
SIDER,fedavg_proto,0.5,0,12,200,16,16,0.1,val,client_0,20,102,41,143,True,0.6499282639885222
SIDER,fedavg_proto,0.5,0,12,200,16,16,0.1,val,client_0,21,98,45,143,True,0.6421768707482993
SIDER,fedavg_proto,0.5,0,12,200,16,16,0.1,val,client_0,22,10,133,143,True,0.5428571428571429
SIDER,fedavg_proto,0.5,0,12,200,16,16,0.1,val,client_0,23,64,79,143,True,0.5854430379746836
SIDER,fedavg_proto,0.5,0,12,200,16,16,0.1,val,client_0,24,104,39,143,True,0.5904832347140039
SIDER,fedavg_proto,0.5,0,12,200,16,16,0.1,val,client_0,25,134,9,143,True,0.7777777777777777
SIDER,fedavg_proto,0.5,0,12,200,16,16,0.1,val,client_0,26,95,48,143,True,0.6245614035087719
SIDER,fedavg_proto,0.5,0,12,200,16,16,0.1,val,client_1,0,76,67,143,True,0.6478790259230165
SIDER,fedavg_proto,0.5,0,12,200,16,16,0.1,val,client_1,1,99,44,143,True,0.6457759412304866
SIDER,fedavg_proto,0.5,0,12,200,16,16,0.1,val,client_1,2,2,141,143,True,0.8546099290780141
SIDER,fedavg_proto,0.5,0,12,200,16,16,0.1,val,client_1,3,85,58,143,True,0.6064908722109533
SIDER,fedavg_proto,0.5,0,12,200,16,16,0.1,val,client_1,4,117,26,143,True,0.6305062458908612
SIDER,fedavg_proto,0.5,0,12,200,16,16,0.1,val,client_1,5,99,44,143,True,0.5865472910927457
SIDER,fedavg_proto,0.5,0,12,200,16,16,0.1,val,client_1,6,131,12,143,True,0.7926208651399491
SIDER,fedavg_proto,0.5,0,12,200,16,16,0.1,val,client_1,7,20,123,143,True,0.5203252032520325
SIDER,fedavg_proto,0.5,0,12,200,16,16,0.1,val,client_1,8,97,46,143,True,0.5858359480053787
SIDER,fedavg_proto,0.5,0,12,200,16,16,0.1,val,client_1,9,71,72,143,True,0.611697965571205
SIDER,fedavg_proto,0.5,0,12,200,16,16,0.1,val,client_1,10,35,108,143,True,0.5222222222222221
SIDER,fedavg_proto,0.5,0,12,200,16,16,0.1,val,client_1,11,130,13,143,True,0.5680473372781065
SIDER,fedavg_proto,0.5,0,12,200,16,16,0.1,val,client_1,12,37,106,143,True,0.5780214176440591
SIDER,fedavg_proto,0.5,0,12,200,16,16,0.1,val,client_1,13,20,123,143,True,0.573170731707317
SIDER,fedavg_proto,0.5,0,12,200,16,16,0.1,val,client_1,14,107,36,143,True,0.572429906542056
SIDER,fedavg_proto,0.5,0,12,200,16,16,0.1,val,client_1,15,94,49,143,True,0.6969170646982197
SIDER,fedavg_proto,0.5,0,12,200,16,16,0.1,val,client_1,16,129,14,143,True,0.6223698781838316
SIDER,fedavg_proto,0.5,0,12,200,16,16,0.1,val,client_1,17,20,123,143,True,0.5536585365853658
SIDER,fedavg_proto,0.5,0,12,200,16,16,0.1,val,client_1,18,104,39,143,True,0.48643984220907305
SIDER,fedavg_proto,0.5,0,12,200,16,16,0.1,val,client_1,19,103,40,143,True,0.5922330097087378
SIDER,fedavg_proto,0.5,0,12,200,16,16,0.1,val,client_1,20,102,41,143,True,0.6291248206599713
SIDER,fedavg_proto,0.5,0,12,200,16,16,0.1,val,client_1,21,98,45,143,True,0.6276643990929706
SIDER,fedavg_proto,0.5,0,12,200,16,16,0.1,val,client_1,22,10,133,143,True,0.5796992481203007
SIDER,fedavg_proto,0.5,0,12,200,16,16,0.1,val,client_1,23,64,79,143,True,0.5700158227848101
SIDER,fedavg_proto,0.5,0,12,200,16,16,0.1,val,client_1,24,104,39,143,True,0.6190828402366866
SIDER,fedavg_proto,0.5,0,12,200,16,16,0.1,val,client_1,25,134,9,143,True,0.7927031509121061
SIDER,fedavg_proto,0.5,0,12,200,16,16,0.1,val,client_1,26,95,48,143,True,0.5651315789473684
SIDER,fedavg_proto,0.5,0,12,200,16,16,0.1,val,client_2,0,76,67,143,True,0.5406520031421839
SIDER,fedavg_proto,0.5,0,12,200,16,16,0.1,val,client_2,1,99,44,143,True,0.559228650137741
SIDER,fedavg_proto,0.5,0,12,200,16,16,0.1,val,client_2,2,2,141,143,True,0.8333333333333334
SIDER,fedavg_proto,0.5,0,12,200,16,16,0.1,val,client_2,3,85,58,143,True,0.5582150101419878
SIDER,fedavg_proto,0.5,0,12,200,16,16,0.1,val,client_2,4,117,26,143,True,0.49737015121630507
SIDER,fedavg_proto,0.5,0,12,200,16,16,0.1,val,client_2,5,99,44,143,True,0.5431588613406795
SIDER,fedavg_proto,0.5,0,12,200,16,16,0.1,val,client_2,6,131,12,143,True,0.7245547073791347
SIDER,fedavg_proto,0.5,0,12,200,16,16,0.1,val,client_2,7,20,123,143,True,0.5191056910569105
SIDER,fedavg_proto,0.5,0,12,200,16,16,0.1,val,client_2,8,97,46,143,True,0.56006275212909
SIDER,fedavg_proto,0.5,0,12,200,16,16,0.1,val,client_2,9,71,72,143,True,0.5768779342723005
SIDER,fedavg_proto,0.5,0,12,200,16,16,0.1,val,client_2,10,35,108,143,True,0.5412698412698413
SIDER,fedavg_proto,0.5,0,12,200,16,16,0.1,val,client_2,11,130,13,143,True,0.4715976331360946
SIDER,fedavg_proto,0.5,0,12,200,16,16,0.1,val,client_2,12,37,106,143,True,0.6195818459969403
SIDER,fedavg_proto,0.5,0,12,200,16,16,0.1,val,client_2,13,20,123,143,True,0.5878048780487805
SIDER,fedavg_proto,0.5,0,12,200,16,16,0.1,val,client_2,14,107,36,143,True,0.48208722741433024
SIDER,fedavg_proto,0.5,0,12,200,16,16,0.1,val,client_2,15,94,49,143,True,0.6213634389926184
SIDER,fedavg_proto,0.5,0,12,200,16,16,0.1,val,client_2,16,129,14,143,True,0.5686600221483943
SIDER,fedavg_proto,0.5,0,12,200,16,16,0.1,val,client_2,17,20,123,143,True,0.48008130081300815
SIDER,fedavg_proto,0.5,0,12,200,16,16,0.1,val,client_2,18,104,39,143,True,0.47534516765286
SIDER,fedavg_proto,0.5,0,12,200,16,16,0.1,val,client_2,19,103,40,143,True,0.5009708737864078
SIDER,fedavg_proto,0.5,0,12,200,16,16,0.1,val,client_2,20,102,41,143,True,0.4985652797704447
SIDER,fedavg_proto,0.5,0,12,200,16,16,0.1,val,client_2,21,98,45,143,True,0.590249433106576
SIDER,fedavg_proto,0.5,0,12,200,16,16,0.1,val,client_2,22,10,133,143,True,0.5887218045112781
SIDER,fedavg_proto,0.5,0,12,200,16,16,0.1,val,client_2,23,64,79,143,True,0.5003955696202531
SIDER,fedavg_proto,0.5,0,12,200,16,16,0.1,val,client_2,24,104,39,143,True,0.5781558185404339
SIDER,fedavg_proto,0.5,0,12,200,16,16,0.1,val,client_2,25,134,9,143,True,0.5671641791044777
SIDER,fedavg_proto,0.5,0,12,200,16,16,0.1,val,client_2,26,95,48,143,True,0.556140350877193
SIDER,fedavg_proto,0.5,0,12,200,16,16,0.1,val,client_3,0,76,67,143,True,0.6201885310290652
SIDER,fedavg_proto,0.5,0,12,200,16,16,0.1,val,client_3,1,99,44,143,True,0.6301652892561983
SIDER,fedavg_proto,0.5,0,12,200,16,16,0.1,val,client_3,2,2,141,143,True,0.851063829787234
SIDER,fedavg_proto,0.5,0,12,200,16,16,0.1,val,client_3,3,85,58,143,True,0.5689655172413792
SIDER,fedavg_proto,0.5,0,12,200,16,16,0.1,val,client_3,4,117,26,143,True,0.6522024983563446
SIDER,fedavg_proto,0.5,0,12,200,16,16,0.1,val,client_3,5,99,44,143,True,0.5902203856749311
SIDER,fedavg_proto,0.5,0,12,200,16,16,0.1,val,client_3,6,131,12,143,True,0.8148854961832062
SIDER,fedavg_proto,0.5,0,12,200,16,16,0.1,val,client_3,7,20,123,143,True,0.5971544715447153
SIDER,fedavg_proto,0.5,0,12,200,16,16,0.1,val,client_3,8,97,46,143,True,0.6281936351411923
SIDER,fedavg_proto,0.5,0,12,200,16,16,0.1,val,client_3,9,71,72,143,True,0.592527386541471
SIDER,fedavg_proto,0.5,0,12,200,16,16,0.1,val,client_3,10,35,108,143,True,0.6325396825396825
SIDER,fedavg_proto,0.5,0,12,200,16,16,0.1,val,client_3,11,130,13,143,True,0.4810650887573964
SIDER,fedavg_proto,0.5,0,12,200,16,16,0.1,val,client_3,12,37,106,143,True,0.6858745537990822
SIDER,fedavg_proto,0.5,0,12,200,16,16,0.1,val,client_3,13,20,123,143,True,0.6008130081300813
SIDER,fedavg_proto,0.5,0,12,200,16,16,0.1,val,client_3,14,107,36,143,True,0.5789200415368639
SIDER,fedavg_proto,0.5,0,12,200,16,16,0.1,val,client_3,15,94,49,143,True,0.6947459834997829
SIDER,fedavg_proto,0.5,0,12,200,16,16,0.1,val,client_3,16,129,14,143,True,0.6146179401993355
SIDER,fedavg_proto,0.5,0,12,200,16,16,0.1,val,client_3,17,20,123,143,True,0.5516260162601626
SIDER,fedavg_proto,0.5,0,12,200,16,16,0.1,val,client_3,18,104,39,143,True,0.5537475345167653
SIDER,fedavg_proto,0.5,0,12,200,16,16,0.1,val,client_3,19,103,40,143,True,0.5677184466019417
SIDER,fedavg_proto,0.5,0,12,200,16,16,0.1,val,client_3,20,102,41,143,True,0.5334768053562888
SIDER,fedavg_proto,0.5,0,12,200,16,16,0.1,val,client_3,21,98,45,143,True,0.6344671201814058
SIDER,fedavg_proto,0.5,0,12,200,16,16,0.1,val,client_3,22,10,133,143,True,0.605263157894737
SIDER,fedavg_proto,0.5,0,12,200,16,16,0.1,val,client_3,23,64,79,143,True,0.491495253164557
SIDER,fedavg_proto,0.5,0,12,200,16,16,0.1,val,client_3,24,104,39,143,True,0.568293885601578
SIDER,fedavg_proto,0.5,0,12,200,16,16,0.1,val,client_3,25,134,9,143,True,0.6650082918739635
SIDER,fedavg_proto,0.5,0,12,200,16,16,0.1,val,client_3,26,95,48,143,True,0.6160087719298246
SIDER,fedavg_proto,0.5,0,12,200,16,16,0.1,test,server,0,72,71,143,True,0.6386932707355243
SIDER,fedavg_proto,0.5,0,12,200,16,16,0.1,test,server,1,105,38,143,True,0.544360902255639
SIDER,fedavg_proto,0.5,0,12,200,16,16,0.1,test,server,2,5,138,143,True,0.517391304347826
SIDER,fedavg_proto,0.5,0,12,200,16,16,0.1,test,server,3,90,53,143,True,0.5423480083857442
SIDER,fedavg_proto,0.5,0,12,200,16,16,0.1,test,server,4,118,25,143,True,0.6101694915254238
SIDER,fedavg_proto,0.5,0,12,200,16,16,0.1,test,server,5,104,39,143,True,0.6306706114398423
SIDER,fedavg_proto,0.5,0,12,200,16,16,0.1,test,server,6,134,9,143,True,0.7703150912106136
SIDER,fedavg_proto,0.5,0,12,200,16,16,0.1,test,server,7,24,119,143,True,0.6761204481792717
SIDER,fedavg_proto,0.5,0,12,200,16,16,0.1,test,server,8,91,52,143,True,0.5822062552831784
SIDER,fedavg_proto,0.5,0,12,200,16,16,0.1,test,server,9,74,69,143,True,0.6245593419506463
SIDER,fedavg_proto,0.5,0,12,200,16,16,0.1,test,server,10,39,104,143,True,0.6568047337278107
SIDER,fedavg_proto,0.5,0,12,200,16,16,0.1,test,server,11,130,13,143,True,0.49704142011834324
SIDER,fedavg_proto,0.5,0,12,200,16,16,0.1,test,server,12,33,110,143,True,0.6358126721763085
SIDER,fedavg_proto,0.5,0,12,200,16,16,0.1,test,server,13,20,123,143,True,0.7
SIDER,fedavg_proto,0.5,0,12,200,16,16,0.1,test,server,14,113,30,143,True,0.5672566371681417
SIDER,fedavg_proto,0.5,0,12,200,16,16,0.1,test,server,15,83,60,143,True,0.5981927710843373
SIDER,fedavg_proto,0.5,0,12,200,16,16,0.1,test,server,16,131,12,143,True,0.6590330788804071
SIDER,fedavg_proto,0.5,0,12,200,16,16,0.1,test,server,17,30,113,143,True,0.5551622418879056
SIDER,fedavg_proto,0.5,0,12,200,16,16,0.1,test,server,18,109,34,143,True,0.5758229897463573
SIDER,fedavg_proto,0.5,0,12,200,16,16,0.1,test,server,19,104,39,143,True,0.5456114398422091
SIDER,fedavg_proto,0.5,0,12,200,16,16,0.1,test,server,20,102,41,143,True,0.6178861788617885
SIDER,fedavg_proto,0.5,0,12,200,16,16,0.1,test,server,21,98,45,143,True,0.6043083900226758
SIDER,fedavg_proto,0.5,0,12,200,16,16,0.1,test,server,22,14,129,143,True,0.5952380952380952
SIDER,fedavg_proto,0.5,0,12,200,16,16,0.1,test,server,23,60,83,143,True,0.5008032128514056
SIDER,fedavg_proto,0.5,0,12,200,16,16,0.1,test,server,24,98,45,143,True,0.5018140589569161
SIDER,fedavg_proto,0.5,0,12,200,16,16,0.1,test,server,25,132,11,143,True,0.7630853994490359
SIDER,fedavg_proto,0.5,0,12,200,16,16,0.1,test,server,26,101,42,143,True,0.5872230080150872
SIDER,fedavg_proto,0.5,0,12,200,16,16,0.1,test,client_0,0,72,71,143,True,0.636150234741784
SIDER,fedavg_proto,0.5,0,12,200,16,16,0.1,test,client_0,1,105,38,143,True,0.5588972431077693
SIDER,fedavg_proto,0.5,0,12,200,16,16,0.1,test,client_0,2,5,138,143,True,0.5695652173913044
SIDER,fedavg_proto,0.5,0,12,200,16,16,0.1,test,client_0,3,90,53,143,True,0.521802935010482
SIDER,fedavg_proto,0.5,0,12,200,16,16,0.1,test,client_0,4,118,25,143,True,0.6247457627118644
SIDER,fedavg_proto,0.5,0,12,200,16,16,0.1,test,client_0,5,104,39,143,True,0.6213017751479291
SIDER,fedavg_proto,0.5,0,12,200,16,16,0.1,test,client_0,6,134,9,143,True,0.7412935323383085
SIDER,fedavg_proto,0.5,0,12,200,16,16,0.1,test,client_0,7,24,119,143,True,0.6165966386554622
SIDER,fedavg_proto,0.5,0,12,200,16,16,0.1,test,client_0,8,91,52,143,True,0.5942519019442095
SIDER,fedavg_proto,0.5,0,12,200,16,16,0.1,test,client_0,9,74,69,143,True,0.610458284371328
SIDER,fedavg_proto,0.5,0,12,200,16,16,0.1,test,client_0,10,39,104,143,True,0.6555719921104537
SIDER,fedavg_proto,0.5,0,12,200,16,16,0.1,test,client_0,11,130,13,143,True,0.4988165680473372
SIDER,fedavg_proto,0.5,0,12,200,16,16,0.1,test,client_0,12,33,110,143,True,0.58099173553719
SIDER,fedavg_proto,0.5,0,12,200,16,16,0.1,test,client_0,13,20,123,143,True,0.6585365853658537
SIDER,fedavg_proto,0.5,0,12,200,16,16,0.1,test,client_0,14,113,30,143,True,0.5374631268436578
SIDER,fedavg_proto,0.5,0,12,200,16,16,0.1,test,client_0,15,83,60,143,True,0.5925702811244979
SIDER,fedavg_proto,0.5,0,12,200,16,16,0.1,test,client_0,16,131,12,143,True,0.6692111959287532
SIDER,fedavg_proto,0.5,0,12,200,16,16,0.1,test,client_0,17,30,113,143,True,0.5383480825958702
SIDER,fedavg_proto,0.5,0,12,200,16,16,0.1,test,client_0,18,109,34,143,True,0.5110631408526713
SIDER,fedavg_proto,0.5,0,12,200,16,16,0.1,test,client_0,19,104,39,143,True,0.522189349112426
SIDER,fedavg_proto,0.5,0,12,200,16,16,0.1,test,client_0,20,102,41,143,True,0.6018651362984218
SIDER,fedavg_proto,0.5,0,12,200,16,16,0.1,test,client_0,21,98,45,143,True,0.6006802721088434
SIDER,fedavg_proto,0.5,0,12,200,16,16,0.1,test,client_0,22,14,129,143,True,0.46733111849390924
SIDER,fedavg_proto,0.5,0,12,200,16,16,0.1,test,client_0,23,60,83,143,True,0.46867469879518064
SIDER,fedavg_proto,0.5,0,12,200,16,16,0.1,test,client_0,24,98,45,143,True,0.4965986394557823
SIDER,fedavg_proto,0.5,0,12,200,16,16,0.1,test,client_0,25,132,11,143,True,0.7541322314049587
SIDER,fedavg_proto,0.5,0,12,200,16,16,0.1,test,client_0,26,101,42,143,True,0.5299387081565299
SIDER,fedavg_proto,0.5,0,12,200,16,16,0.1,test,client_1,0,72,71,143,True,0.6046557120500783
SIDER,fedavg_proto,0.5,0,12,200,16,16,0.1,test,client_1,1,105,38,143,True,0.5686716791979949
SIDER,fedavg_proto,0.5,0,12,200,16,16,0.1,test,client_1,2,5,138,143,True,0.508695652173913
SIDER,fedavg_proto,0.5,0,12,200,16,16,0.1,test,client_1,3,90,53,143,True,0.5067085953878407
SIDER,fedavg_proto,0.5,0,12,200,16,16,0.1,test,client_1,4,118,25,143,True,0.583728813559322
SIDER,fedavg_proto,0.5,0,12,200,16,16,0.1,test,client_1,5,104,39,143,True,0.5549802761341224
SIDER,fedavg_proto,0.5,0,12,200,16,16,0.1,test,client_1,6,134,9,143,True,0.7222222222222222
SIDER,fedavg_proto,0.5,0,12,200,16,16,0.1,test,client_1,7,24,119,143,True,0.6365546218487395
SIDER,fedavg_proto,0.5,0,12,200,16,16,0.1,test,client_1,8,91,52,143,True,0.5471259509721049
SIDER,fedavg_proto,0.5,0,12,200,16,16,0.1,test,client_1,9,74,69,143,True,0.6666666666666667
SIDER,fedavg_proto,0.5,0,12,200,16,16,0.1,test,client_1,10,39,104,143,True,0.6035502958579881
SIDER,fedavg_proto,0.5,0,12,200,16,16,0.1,test,client_1,11,130,13,143,True,0.4727810650887574
SIDER,fedavg_proto,0.5,0,12,200,16,16,0.1,test,client_1,12,33,110,143,True,0.6168044077134986
SIDER,fedavg_proto,0.5,0,12,200,16,16,0.1,test,client_1,13,20,123,143,True,0.6638211382113821
SIDER,fedavg_proto,0.5,0,12,200,16,16,0.1,test,client_1,14,113,30,143,True,0.5601769911504425
SIDER,fedavg_proto,0.5,0,12,200,16,16,0.1,test,client_1,15,83,60,143,True,0.590562248995984
SIDER,fedavg_proto,0.5,0,12,200,16,16,0.1,test,client_1,16,131,12,143,True,0.6603053435114504
SIDER,fedavg_proto,0.5,0,12,200,16,16,0.1,test,client_1,17,30,113,143,True,0.5141592920353982
SIDER,fedavg_proto,0.5,0,12,200,16,16,0.1,test,client_1,18,109,34,143,True,0.5453318942255801
SIDER,fedavg_proto,0.5,0,12,200,16,16,0.1,test,client_1,19,104,39,143,True,0.5599112426035503
SIDER,fedavg_proto,0.5,0,12,200,16,16,0.1,test,client_1,20,102,41,143,True,0.5829746532759446
SIDER,fedavg_proto,0.5,0,12,200,16,16,0.1,test,client_1,21,98,45,143,True,0.5678004535147393
SIDER,fedavg_proto,0.5,0,12,200,16,16,0.1,test,client_1,22,14,129,143,True,0.593576965669989
SIDER,fedavg_proto,0.5,0,12,200,16,16,0.1,test,client_1,23,60,83,143,True,0.48694779116465864
SIDER,fedavg_proto,0.5,0,12,200,16,16,0.1,test,client_1,24,98,45,143,True,0.5231292517006803
SIDER,fedavg_proto,0.5,0,12,200,16,16,0.1,test,client_1,25,132,11,143,True,0.7486225895316805
SIDER,fedavg_proto,0.5,0,12,200,16,16,0.1,test,client_1,26,101,42,143,True,0.6317774634606317
SIDER,fedavg_proto,0.5,0,12,200,16,16,0.1,test,client_2,0,72,71,143,True,0.5418622848200313
SIDER,fedavg_proto,0.5,0,12,200,16,16,0.1,test,client_2,1,105,38,143,True,0.4867167919799499
SIDER,fedavg_proto,0.5,0,12,200,16,16,0.1,test,client_2,2,5,138,143,True,0.5579710144927537
SIDER,fedavg_proto,0.5,0,12,200,16,16,0.1,test,client_2,3,90,53,143,True,0.5356394129979035
SIDER,fedavg_proto,0.5,0,12,200,16,16,0.1,test,client_2,4,118,25,143,True,0.5179661016949152
SIDER,fedavg_proto,0.5,0,12,200,16,16,0.1,test,client_2,5,104,39,143,True,0.5268737672583826
SIDER,fedavg_proto,0.5,0,12,200,16,16,0.1,test,client_2,6,134,9,143,True,0.6625207296849088
SIDER,fedavg_proto,0.5,0,12,200,16,16,0.1,test,client_2,7,24,119,143,True,0.6260504201680672
SIDER,fedavg_proto,0.5,0,12,200,16,16,0.1,test,client_2,8,91,52,143,True,0.5401521555367709
SIDER,fedavg_proto,0.5,0,12,200,16,16,0.1,test,client_2,9,74,69,143,True,0.5368194281237759
SIDER,fedavg_proto,0.5,0,12,200,16,16,0.1,test,client_2,10,39,104,143,True,0.595414201183432
SIDER,fedavg_proto,0.5,0,12,200,16,16,0.1,test,client_2,11,130,13,143,True,0.4467455621301775
SIDER,fedavg_proto,0.5,0,12,200,16,16,0.1,test,client_2,12,33,110,143,True,0.6311294765840221
SIDER,fedavg_proto,0.5,0,12,200,16,16,0.1,test,client_2,13,20,123,143,True,0.660569105691057
SIDER,fedavg_proto,0.5,0,12,200,16,16,0.1,test,client_2,14,113,30,143,True,0.5274336283185841
SIDER,fedavg_proto,0.5,0,12,200,16,16,0.1,test,client_2,15,83,60,143,True,0.5355421686746987
SIDER,fedavg_proto,0.5,0,12,200,16,16,0.1,test,client_2,16,131,12,143,True,0.6138676844783715
SIDER,fedavg_proto,0.5,0,12,200,16,16,0.1,test,client_2,17,30,113,143,True,0.5380530973451327
SIDER,fedavg_proto,0.5,0,12,200,16,16,0.1,test,client_2,18,109,34,143,True,0.5024284943335132
SIDER,fedavg_proto,0.5,0,12,200,16,16,0.1,test,client_2,19,104,39,143,True,0.5426528599605522
SIDER,fedavg_proto,0.5,0,12,200,16,16,0.1,test,client_2,20,102,41,143,True,0.6181252989000479
SIDER,fedavg_proto,0.5,0,12,200,16,16,0.1,test,client_2,21,98,45,143,True,0.5904761904761905
SIDER,fedavg_proto,0.5,0,12,200,16,16,0.1,test,client_2,22,14,129,143,True,0.5957918050941307
SIDER,fedavg_proto,0.5,0,12,200,16,16,0.1,test,client_2,23,60,83,143,True,0.5180722891566265
SIDER,fedavg_proto,0.5,0,12,200,16,16,0.1,test,client_2,24,98,45,143,True,0.44625850340136053
SIDER,fedavg_proto,0.5,0,12,200,16,16,0.1,test,client_2,25,132,11,143,True,0.693526170798898
SIDER,fedavg_proto,0.5,0,12,200,16,16,0.1,test,client_2,26,101,42,143,True,0.5553983969825553
SIDER,fedavg_proto,0.5,0,12,200,16,16,0.1,test,client_3,0,72,71,143,True,0.6087636932707355
SIDER,fedavg_proto,0.5,0,12,200,16,16,0.1,test,client_3,1,105,38,143,True,0.556390977443609
SIDER,fedavg_proto,0.5,0,12,200,16,16,0.1,test,client_3,2,5,138,143,True,0.5608695652173914
SIDER,fedavg_proto,0.5,0,12,200,16,16,0.1,test,client_3,3,90,53,143,True,0.5563941299790356
SIDER,fedavg_proto,0.5,0,12,200,16,16,0.1,test,client_3,4,118,25,143,True,0.5922033898305085
SIDER,fedavg_proto,0.5,0,12,200,16,16,0.1,test,client_3,5,104,39,143,True,0.5803747534516766
SIDER,fedavg_proto,0.5,0,12,200,16,16,0.1,test,client_3,6,134,9,143,True,0.7213930348258706
SIDER,fedavg_proto,0.5,0,12,200,16,16,0.1,test,client_3,7,24,119,143,True,0.6460084033613446
SIDER,fedavg_proto,0.5,0,12,200,16,16,0.1,test,client_3,8,91,52,143,True,0.5579036348267118
SIDER,fedavg_proto,0.5,0,12,200,16,16,0.1,test,client_3,9,74,69,143,True,0.6433607520564042
SIDER,fedavg_proto,0.5,0,12,200,16,16,0.1,test,client_3,10,39,104,143,True,0.6565581854043393
SIDER,fedavg_proto,0.5,0,12,200,16,16,0.1,test,client_3,11,130,13,143,True,0.5893491124260355
SIDER,fedavg_proto,0.5,0,12,200,16,16,0.1,test,client_3,12,33,110,143,True,0.6597796143250688
SIDER,fedavg_proto,0.5,0,12,200,16,16,0.1,test,client_3,13,20,123,143,True,0.6703252032520326
SIDER,fedavg_proto,0.5,0,12,200,16,16,0.1,test,client_3,14,113,30,143,True,0.595575221238938
SIDER,fedavg_proto,0.5,0,12,200,16,16,0.1,test,client_3,15,83,60,143,True,0.6204819277108433
SIDER,fedavg_proto,0.5,0,12,200,16,16,0.1,test,client_3,16,131,12,143,True,0.6946564885496184
SIDER,fedavg_proto,0.5,0,12,200,16,16,0.1,test,client_3,17,30,113,143,True,0.5513274336283186
SIDER,fedavg_proto,0.5,0,12,200,16,16,0.1,test,client_3,18,109,34,143,True,0.5766324878575283
SIDER,fedavg_proto,0.5,0,12,200,16,16,0.1,test,client_3,19,104,39,143,True,0.5357495069033531
SIDER,fedavg_proto,0.5,0,12,200,16,16,0.1,test,client_3,20,102,41,143,True,0.6001912960306074
SIDER,fedavg_proto,0.5,0,12,200,16,16,0.1,test,client_3,21,98,45,143,True,0.6267573696145124
SIDER,fedavg_proto,0.5,0,12,200,16,16,0.1,test,client_3,22,14,129,143,True,0.5863787375415282
SIDER,fedavg_proto,0.5,0,12,200,16,16,0.1,test,client_3,23,60,83,143,True,0.5198795180722893
SIDER,fedavg_proto,0.5,0,12,200,16,16,0.1,test,client_3,24,98,45,143,True,0.5165532879818595
SIDER,fedavg_proto,0.5,0,12,200,16,16,0.1,test,client_3,25,132,11,143,True,0.7052341597796143
SIDER,fedavg_proto,0.5,0,12,200,16,16,0.1,test,client_3,26,101,42,143,True,0.5803866100895804
SIDER,fedavg_proto,0.5,0,13,200,16,16,0.1,val,server,0,76,67,143,True,0.6298114689709348
SIDER,fedavg_proto,0.5,0,13,200,16,16,0.1,val,server,1,99,44,143,True,0.6402662993572085
SIDER,fedavg_proto,0.5,0,13,200,16,16,0.1,val,server,2,2,141,143,True,0.7553191489361702
SIDER,fedavg_proto,0.5,0,13,200,16,16,0.1,val,server,3,85,58,143,True,0.5849898580121703
SIDER,fedavg_proto,0.5,0,13,200,16,16,0.1,val,server,4,117,26,143,True,0.6522024983563446
SIDER,fedavg_proto,0.5,0,13,200,16,16,0.1,val,server,5,99,44,143,True,0.5922865013774105
SIDER,fedavg_proto,0.5,0,13,200,16,16,0.1,val,server,6,131,12,143,True,0.8206106870229009
SIDER,fedavg_proto,0.5,0,13,200,16,16,0.1,val,server,7,20,123,143,True,0.5804878048780487
SIDER,fedavg_proto,0.5,0,13,200,16,16,0.1,val,server,8,97,46,143,True,0.6048857014791573
SIDER,fedavg_proto,0.5,0,13,200,16,16,0.1,val,server,9,71,72,143,True,0.5921361502347418
SIDER,fedavg_proto,0.5,0,13,200,16,16,0.1,val,server,10,35,108,143,True,0.5494708994708994
SIDER,fedavg_proto,0.5,0,13,200,16,16,0.1,val,server,11,130,13,143,True,0.4994082840236686
SIDER,fedavg_proto,0.5,0,13,200,16,16,0.1,val,server,12,37,106,143,True,0.6478837327893932
SIDER,fedavg_proto,0.5,0,13,200,16,16,0.1,val,server,13,20,123,143,True,0.6044715447154471
SIDER,fedavg_proto,0.5,0,13,200,16,16,0.1,val,server,14,107,36,143,True,0.5867082035306335
SIDER,fedavg_proto,0.5,0,13,200,16,16,0.1,val,server,15,94,49,143,True,0.7207989578810248
SIDER,fedavg_proto,0.5,0,13,200,16,16,0.1,val,server,16,129,14,143,True,0.5813953488372093
SIDER,fedavg_proto,0.5,0,13,200,16,16,0.1,val,server,17,20,123,143,True,0.5333333333333333
SIDER,fedavg_proto,0.5,0,13,200,16,16,0.1,val,server,18,104,39,143,True,0.5212031558185404
SIDER,fedavg_proto,0.5,0,13,200,16,16,0.1,val,server,19,103,40,143,True,0.583495145631068
SIDER,fedavg_proto,0.5,0,13,200,16,16,0.1,val,server,20,102,41,143,True,0.5487804878048781
SIDER,fedavg_proto,0.5,0,13,200,16,16,0.1,val,server,21,98,45,143,True,0.6344671201814059
SIDER,fedavg_proto,0.5,0,13,200,16,16,0.1,val,server,22,10,133,143,True,0.5842105263157895
SIDER,fedavg_proto,0.5,0,13,200,16,16,0.1,val,server,23,64,79,143,True,0.519382911392405
SIDER,fedavg_proto,0.5,0,13,200,16,16,0.1,val,server,24,104,39,143,True,0.5872781065088757
SIDER,fedavg_proto,0.5,0,13,200,16,16,0.1,val,server,25,134,9,143,True,0.6998341625207297
SIDER,fedavg_proto,0.5,0,13,200,16,16,0.1,val,server,26,95,48,143,True,0.6103070175438596
SIDER,fedavg_proto,0.5,0,13,200,16,16,0.1,val,client_0,0,76,67,143,True,0.6730164964650434
SIDER,fedavg_proto,0.5,0,13,200,16,16,0.1,val,client_0,1,99,44,143,True,0.6593204775022957
SIDER,fedavg_proto,0.5,0,13,200,16,16,0.1,val,client_0,2,2,141,143,True,0.7021276595744681
SIDER,fedavg_proto,0.5,0,13,200,16,16,0.1,val,client_0,3,85,58,143,True,0.5728194726166329
SIDER,fedavg_proto,0.5,0,13,200,16,16,0.1,val,client_0,4,117,26,143,True,0.7380013149243918
SIDER,fedavg_proto,0.5,0,13,200,16,16,0.1,val,client_0,5,99,44,143,True,0.6572543617998164
SIDER,fedavg_proto,0.5,0,13,200,16,16,0.1,val,client_0,6,131,12,143,True,0.8530534351145038
SIDER,fedavg_proto,0.5,0,13,200,16,16,0.1,val,client_0,7,20,123,143,True,0.5508130081300813
SIDER,fedavg_proto,0.5,0,13,200,16,16,0.1,val,client_0,8,97,46,143,True,0.6082474226804124
SIDER,fedavg_proto,0.5,0,13,200,16,16,0.1,val,client_0,9,71,72,143,True,0.5878325508607198
SIDER,fedavg_proto,0.5,0,13,200,16,16,0.1,val,client_0,10,35,108,143,True,0.5259259259259259
SIDER,fedavg_proto,0.5,0,13,200,16,16,0.1,val,client_0,11,130,13,143,True,0.557396449704142
SIDER,fedavg_proto,0.5,0,13,200,16,16,0.1,val,client_0,12,37,106,143,True,0.6259561448240695
SIDER,fedavg_proto,0.5,0,13,200,16,16,0.1,val,client_0,13,20,123,143,True,0.6105691056910569
SIDER,fedavg_proto,0.5,0,13,200,16,16,0.1,val,client_0,14,107,36,143,True,0.5817757009345794
SIDER,fedavg_proto,0.5,0,13,200,16,16,0.1,val,client_0,15,94,49,143,True,0.7225358228397742
SIDER,fedavg_proto,0.5,0,13,200,16,16,0.1,val,client_0,16,129,14,143,True,0.6733111849390919
SIDER,fedavg_proto,0.5,0,13,200,16,16,0.1,val,client_0,17,20,123,143,True,0.5589430894308942
SIDER,fedavg_proto,0.5,0,13,200,16,16,0.1,val,client_0,18,104,39,143,True,0.5347633136094675
SIDER,fedavg_proto,0.5,0,13,200,16,16,0.1,val,client_0,19,103,40,143,True,0.6004854368932038
SIDER,fedavg_proto,0.5,0,13,200,16,16,0.1,val,client_0,20,102,41,143,True,0.6523194643711142
SIDER,fedavg_proto,0.5,0,13,200,16,16,0.1,val,client_0,21,98,45,143,True,0.6519274376417233
SIDER,fedavg_proto,0.5,0,13,200,16,16,0.1,val,client_0,22,10,133,143,True,0.5699248120300753
SIDER,fedavg_proto,0.5,0,13,200,16,16,0.1,val,client_0,23,64,79,143,True,0.5822784810126582
SIDER,fedavg_proto,0.5,0,13,200,16,16,0.1,val,client_0,24,104,39,143,True,0.6067554240631163
SIDER,fedavg_proto,0.5,0,13,200,16,16,0.1,val,client_0,25,134,9,143,True,0.7769485903814262
SIDER,fedavg_proto,0.5,0,13,200,16,16,0.1,val,client_0,26,95,48,143,True,0.6282894736842105
SIDER,fedavg_proto,0.5,0,13,200,16,16,0.1,val,client_1,0,76,67,143,True,0.6482717989002357
SIDER,fedavg_proto,0.5,0,13,200,16,16,0.1,val,client_1,1,99,44,143,True,0.6386593204775022
SIDER,fedavg_proto,0.5,0,13,200,16,16,0.1,val,client_1,2,2,141,143,True,0.8014184397163121
SIDER,fedavg_proto,0.5,0,13,200,16,16,0.1,val,client_1,3,85,58,143,True,0.6200811359026369
SIDER,fedavg_proto,0.5,0,13,200,16,16,0.1,val,client_1,4,117,26,143,True,0.6347797501643656
SIDER,fedavg_proto,0.5,0,13,200,16,16,0.1,val,client_1,5,99,44,143,True,0.5918273645546374
SIDER,fedavg_proto,0.5,0,13,200,16,16,0.1,val,client_1,6,131,12,143,True,0.811704834605598
SIDER,fedavg_proto,0.5,0,13,200,16,16,0.1,val,client_1,7,20,123,143,True,0.5373983739837398
SIDER,fedavg_proto,0.5,0,13,200,16,16,0.1,val,client_1,8,97,46,143,True,0.6075750784401613
SIDER,fedavg_proto,0.5,0,13,200,16,16,0.1,val,client_1,9,71,72,143,True,0.6113067292644757
SIDER,fedavg_proto,0.5,0,13,200,16,16,0.1,val,client_1,10,35,108,143,True,0.521957671957672
SIDER,fedavg_proto,0.5,0,13,200,16,16,0.1,val,client_1,11,130,13,143,True,0.576923076923077
SIDER,fedavg_proto,0.5,0,13,200,16,16,0.1,val,client_1,12,37,106,143,True,0.5981642019377869
SIDER,fedavg_proto,0.5,0,13,200,16,16,0.1,val,client_1,13,20,123,143,True,0.5638211382113821
SIDER,fedavg_proto,0.5,0,13,200,16,16,0.1,val,client_1,14,107,36,143,True,0.5589304257528557
SIDER,fedavg_proto,0.5,0,13,200,16,16,0.1,val,client_1,15,94,49,143,True,0.7229700390794617
SIDER,fedavg_proto,0.5,0,13,200,16,16,0.1,val,client_1,16,129,14,143,True,0.6334440753045404
SIDER,fedavg_proto,0.5,0,13,200,16,16,0.1,val,client_1,17,20,123,143,True,0.5227642276422764
SIDER,fedavg_proto,0.5,0,13,200,16,16,0.1,val,client_1,18,104,39,143,True,0.4844674556213018
SIDER,fedavg_proto,0.5,0,13,200,16,16,0.1,val,client_1,19,103,40,143,True,0.5898058252427185
SIDER,fedavg_proto,0.5,0,13,200,16,16,0.1,val,client_1,20,102,41,143,True,0.6087996174079388
SIDER,fedavg_proto,0.5,0,13,200,16,16,0.1,val,client_1,21,98,45,143,True,0.6380952380952382
SIDER,fedavg_proto,0.5,0,13,200,16,16,0.1,val,client_1,22,10,133,143,True,0.5766917293233083
SIDER,fedavg_proto,0.5,0,13,200,16,16,0.1,val,client_1,23,64,79,143,True,0.5502373417721519
SIDER,fedavg_proto,0.5,0,13,200,16,16,0.1,val,client_1,24,104,39,143,True,0.5993589743589745
SIDER,fedavg_proto,0.5,0,13,200,16,16,0.1,val,client_1,25,134,9,143,True,0.8018242122719734
SIDER,fedavg_proto,0.5,0,13,200,16,16,0.1,val,client_1,26,95,48,143,True,0.5633771929824561
SIDER,fedavg_proto,0.5,0,13,200,16,16,0.1,val,client_2,0,76,67,143,True,0.5251374705420266
SIDER,fedavg_proto,0.5,0,13,200,16,16,0.1,val,client_2,1,99,44,143,True,0.573921028466483
SIDER,fedavg_proto,0.5,0,13,200,16,16,0.1,val,client_2,2,2,141,143,True,0.8120567375886525
SIDER,fedavg_proto,0.5,0,13,200,16,16,0.1,val,client_2,3,85,58,143,True,0.5697768762677484
SIDER,fedavg_proto,0.5,0,13,200,16,16,0.1,val,client_2,4,117,26,143,True,0.5075608152531229
SIDER,fedavg_proto,0.5,0,13,200,16,16,0.1,val,client_2,5,99,44,143,True,0.5498163452708907
SIDER,fedavg_proto,0.5,0,13,200,16,16,0.1,val,client_2,6,131,12,143,True,0.7048346055979644
SIDER,fedavg_proto,0.5,0,13,200,16,16,0.1,val,client_2,7,20,123,143,True,0.5292682926829269
SIDER,fedavg_proto,0.5,0,13,200,16,16,0.1,val,client_2,8,97,46,143,True,0.540564769161811
SIDER,fedavg_proto,0.5,0,13,200,16,16,0.1,val,client_2,9,71,72,143,True,0.5757042253521127
SIDER,fedavg_proto,0.5,0,13,200,16,16,0.1,val,client_2,10,35,108,143,True,0.53994708994709
SIDER,fedavg_proto,0.5,0,13,200,16,16,0.1,val,client_2,11,130,13,143,True,0.4633136094674556
SIDER,fedavg_proto,0.5,0,13,200,16,16,0.1,val,client_2,12,37,106,143,True,0.617287098419174
SIDER,fedavg_proto,0.5,0,13,200,16,16,0.1,val,client_2,13,20,123,143,True,0.5934959349593496
SIDER,fedavg_proto,0.5,0,13,200,16,16,0.1,val,client_2,14,107,36,143,True,0.4857217030114226
SIDER,fedavg_proto,0.5,0,13,200,16,16,0.1,val,client_2,15,94,49,143,True,0.6128962223187148
SIDER,fedavg_proto,0.5,0,13,200,16,16,0.1,val,client_2,16,129,14,143,True,0.530454042081949
SIDER,fedavg_proto,0.5,0,13,200,16,16,0.1,val,client_2,17,20,123,143,True,0.4821138211382114
SIDER,fedavg_proto,0.5,0,13,200,16,16,0.1,val,client_2,18,104,39,143,True,0.48767258382643003
SIDER,fedavg_proto,0.5,0,13,200,16,16,0.1,val,client_2,19,103,40,143,True,0.5099514563106796
SIDER,fedavg_proto,0.5,0,13,200,16,16,0.1,val,client_2,20,102,41,143,True,0.47991391678622664
SIDER,fedavg_proto,0.5,0,13,200,16,16,0.1,val,client_2,21,98,45,143,True,0.5761904761904763
SIDER,fedavg_proto,0.5,0,13,200,16,16,0.1,val,client_2,22,10,133,143,True,0.5917293233082708
SIDER,fedavg_proto,0.5,0,13,200,16,16,0.1,val,client_2,23,64,79,143,True,0.5029667721518987
SIDER,fedavg_proto,0.5,0,13,200,16,16,0.1,val,client_2,24,104,39,143,True,0.5776627218934911
SIDER,fedavg_proto,0.5,0,13,200,16,16,0.1,val,client_2,25,134,9,143,True,0.5447761194029851
SIDER,fedavg_proto,0.5,0,13,200,16,16,0.1,val,client_2,26,95,48,143,True,0.5635964912280702
SIDER,fedavg_proto,0.5,0,13,200,16,16,0.1,val,client_3,0,76,67,143,True,0.6119402985074626
SIDER,fedavg_proto,0.5,0,13,200,16,16,0.1,val,client_3,1,99,44,143,True,0.6310835629017447
SIDER,fedavg_proto,0.5,0,13,200,16,16,0.1,val,client_3,2,2,141,143,True,0.8652482269503546
SIDER,fedavg_proto,0.5,0,13,200,16,16,0.1,val,client_3,3,85,58,143,True,0.5476673427991886
SIDER,fedavg_proto,0.5,0,13,200,16,16,0.1,val,client_3,4,117,26,143,True,0.6525312294543064
SIDER,fedavg_proto,0.5,0,13,200,16,16,0.1,val,client_3,5,99,44,143,True,0.5658861340679523
SIDER,fedavg_proto,0.5,0,13,200,16,16,0.1,val,client_3,6,131,12,143,True,0.7824427480916031
SIDER,fedavg_proto,0.5,0,13,200,16,16,0.1,val,client_3,7,20,123,143,True,0.5886178861788619
SIDER,fedavg_proto,0.5,0,13,200,16,16,0.1,val,client_3,8,97,46,143,True,0.6212460779919319
SIDER,fedavg_proto,0.5,0,13,200,16,16,0.1,val,client_3,9,71,72,143,True,0.5839201877934272
SIDER,fedavg_proto,0.5,0,13,200,16,16,0.1,val,client_3,10,35,108,143,True,0.6439153439153439
SIDER,fedavg_proto,0.5,0,13,200,16,16,0.1,val,client_3,11,130,13,143,True,0.46213017751479296
SIDER,fedavg_proto,0.5,0,13,200,16,16,0.1,val,client_3,12,37,106,143,True,0.6935237123916369
SIDER,fedavg_proto,0.5,0,13,200,16,16,0.1,val,client_3,13,20,123,143,True,0.5857723577235773
SIDER,fedavg_proto,0.5,0,13,200,16,16,0.1,val,client_3,14,107,36,143,True,0.5856697819314641
SIDER,fedavg_proto,0.5,0,13,200,16,16,0.1,val,client_3,15,94,49,143,True,0.6821537125488494
SIDER,fedavg_proto,0.5,0,13,200,16,16,0.1,val,client_3,16,129,14,143,True,0.5764119601328904
SIDER,fedavg_proto,0.5,0,13,200,16,16,0.1,val,client_3,17,20,123,143,True,0.5626016260162602
SIDER,fedavg_proto,0.5,0,13,200,16,16,0.1,val,client_3,18,104,39,143,True,0.5692800788954635
SIDER,fedavg_proto,0.5,0,13,200,16,16,0.1,val,client_3,19,103,40,143,True,0.5521844660194175
SIDER,fedavg_proto,0.5,0,13,200,16,16,0.1,val,client_3,20,102,41,143,True,0.5193687230989956
SIDER,fedavg_proto,0.5,0,13,200,16,16,0.1,val,client_3,21,98,45,143,True,0.6235827664399092
SIDER,fedavg_proto,0.5,0,13,200,16,16,0.1,val,client_3,22,10,133,143,True,0.6157894736842106
SIDER,fedavg_proto,0.5,0,13,200,16,16,0.1,val,client_3,23,64,79,143,True,0.4632120253164557
SIDER,fedavg_proto,0.5,0,13,200,16,16,0.1,val,client_3,24,104,39,143,True,0.5507889546351086
SIDER,fedavg_proto,0.5,0,13,200,16,16,0.1,val,client_3,25,134,9,143,True,0.642620232172471
SIDER,fedavg_proto,0.5,0,13,200,16,16,0.1,val,client_3,26,95,48,143,True,0.6230263157894737
SIDER,fedavg_proto,0.5,0,13,200,16,16,0.1,test,server,0,72,71,143,True,0.636737089201878
SIDER,fedavg_proto,0.5,0,13,200,16,16,0.1,test,server,1,105,38,143,True,0.5426065162907269
SIDER,fedavg_proto,0.5,0,13,200,16,16,0.1,test,server,2,5,138,143,True,0.5391304347826087
SIDER,fedavg_proto,0.5,0,13,200,16,16,0.1,test,server,3,90,53,143,True,0.540041928721174
SIDER,fedavg_proto,0.5,0,13,200,16,16,0.1,test,server,4,118,25,143,True,0.615593220338983
SIDER,fedavg_proto,0.5,0,13,200,16,16,0.1,test,server,5,104,39,143,True,0.6119329388560157
SIDER,fedavg_proto,0.5,0,13,200,16,16,0.1,test,server,6,134,9,143,True,0.7379767827529021
SIDER,fedavg_proto,0.5,0,13,200,16,16,0.1,test,server,7,24,119,143,True,0.6659663865546218
SIDER,fedavg_proto,0.5,0,13,200,16,16,0.1,test,server,8,91,52,143,True,0.5767117497886728
SIDER,fedavg_proto,0.5,0,13,200,16,16,0.1,test,server,9,74,69,143,True,0.6441441441441441
SIDER,fedavg_proto,0.5,0,13,200,16,16,0.1,test,server,10,39,104,143,True,0.6701183431952664
SIDER,fedavg_proto,0.5,0,13,200,16,16,0.1,test,server,11,130,13,143,True,0.5236686390532543
SIDER,fedavg_proto,0.5,0,13,200,16,16,0.1,test,server,12,33,110,143,True,0.6297520661157024
SIDER,fedavg_proto,0.5,0,13,200,16,16,0.1,test,server,13,20,123,143,True,0.6934959349593496
SIDER,fedavg_proto,0.5,0,13,200,16,16,0.1,test,server,14,113,30,143,True,0.5772861356932153
SIDER,fedavg_proto,0.5,0,13,200,16,16,0.1,test,server,15,83,60,143,True,0.6016064257028112
SIDER,fedavg_proto,0.5,0,13,200,16,16,0.1,test,server,16,131,12,143,True,0.6723918575063614
SIDER,fedavg_proto,0.5,0,13,200,16,16,0.1,test,server,17,30,113,143,True,0.5474926253687316
SIDER,fedavg_proto,0.5,0,13,200,16,16,0.1,test,server,18,109,34,143,True,0.5882352941176471
SIDER,fedavg_proto,0.5,0,13,200,16,16,0.1,test,server,19,104,39,143,True,0.5451183431952662
SIDER,fedavg_proto,0.5,0,13,200,16,16,0.1,test,server,20,102,41,143,True,0.6044954567192731
SIDER,fedavg_proto,0.5,0,13,200,16,16,0.1,test,server,21,98,45,143,True,0.6047619047619048
SIDER,fedavg_proto,0.5,0,13,200,16,16,0.1,test,server,22,14,129,143,True,0.5830564784053156
SIDER,fedavg_proto,0.5,0,13,200,16,16,0.1,test,server,23,60,83,143,True,0.4873493975903615
SIDER,fedavg_proto,0.5,0,13,200,16,16,0.1,test,server,24,98,45,143,True,0.49274376417233556
SIDER,fedavg_proto,0.5,0,13,200,16,16,0.1,test,server,25,132,11,143,True,0.7431129476584022
SIDER,fedavg_proto,0.5,0,13,200,16,16,0.1,test,server,26,101,42,143,True,0.611032531824611
SIDER,fedavg_proto,0.5,0,13,200,16,16,0.1,test,client_0,0,72,71,143,True,0.654733959311424
SIDER,fedavg_proto,0.5,0,13,200,16,16,0.1,test,client_0,1,105,38,143,True,0.5661654135338345
SIDER,fedavg_proto,0.5,0,13,200,16,16,0.1,test,client_0,2,5,138,143,True,0.5695652173913044
SIDER,fedavg_proto,0.5,0,13,200,16,16,0.1,test,client_0,3,90,53,143,True,0.5031446540880503
SIDER,fedavg_proto,0.5,0,13,200,16,16,0.1,test,client_0,4,118,25,143,True,0.6396610169491526
SIDER,fedavg_proto,0.5,0,13,200,16,16,0.1,test,client_0,5,104,39,143,True,0.6015779092702169
SIDER,fedavg_proto,0.5,0,13,200,16,16,0.1,test,client_0,6,134,9,143,True,0.6956882255389718
SIDER,fedavg_proto,0.5,0,13,200,16,16,0.1,test,client_0,7,24,119,143,True,0.5934873949579832
SIDER,fedavg_proto,0.5,0,13,200,16,16,0.1,test,client_0,8,91,52,143,True,0.5938292476754015
SIDER,fedavg_proto,0.5,0,13,200,16,16,0.1,test,client_0,9,74,69,143,True,0.6163337250293772
SIDER,fedavg_proto,0.5,0,13,200,16,16,0.1,test,client_0,10,39,104,143,True,0.659516765285996
SIDER,fedavg_proto,0.5,0,13,200,16,16,0.1,test,client_0,11,130,13,143,True,0.49585798816568044
SIDER,fedavg_proto,0.5,0,13,200,16,16,0.1,test,client_0,12,33,110,143,True,0.5413223140495868
SIDER,fedavg_proto,0.5,0,13,200,16,16,0.1,test,client_0,13,20,123,143,True,0.6260162601626016
SIDER,fedavg_proto,0.5,0,13,200,16,16,0.1,test,client_0,14,113,30,143,True,0.5460176991150443
SIDER,fedavg_proto,0.5,0,13,200,16,16,0.1,test,client_0,15,83,60,143,True,0.6158634538152611
SIDER,fedavg_proto,0.5,0,13,200,16,16,0.1,test,client_0,16,131,12,143,True,0.6692111959287532
SIDER,fedavg_proto,0.5,0,13,200,16,16,0.1,test,client_0,17,30,113,143,True,0.4958702064896755
SIDER,fedavg_proto,0.5,0,13,200,16,16,0.1,test,client_0,18,109,34,143,True,0.5256341068537507
SIDER,fedavg_proto,0.5,0,13,200,16,16,0.1,test,client_0,19,104,39,143,True,0.5177514792899408
SIDER,fedavg_proto,0.5,0,13,200,16,16,0.1,test,client_0,20,102,41,143,True,0.5652797704447632
SIDER,fedavg_proto,0.5,0,13,200,16,16,0.1,test,client_0,21,98,45,143,True,0.6027210884353742
SIDER,fedavg_proto,0.5,0,13,200,16,16,0.1,test,client_0,22,14,129,143,True,0.43964562569213733
SIDER,fedavg_proto,0.5,0,13,200,16,16,0.1,test,client_0,23,60,83,143,True,0.45281124497991965
SIDER,fedavg_proto,0.5,0,13,200,16,16,0.1,test,client_0,24,98,45,143,True,0.47755102040816333
SIDER,fedavg_proto,0.5,0,13,200,16,16,0.1,test,client_0,25,132,11,143,True,0.7169421487603306
SIDER,fedavg_proto,0.5,0,13,200,16,16,0.1,test,client_0,26,101,42,143,True,0.5645921735030646
SIDER,fedavg_proto,0.5,0,13,200,16,16,0.1,test,client_1,0,72,71,143,True,0.6109154929577465
SIDER,fedavg_proto,0.5,0,13,200,16,16,0.1,test,client_1,1,105,38,143,True,0.5741854636591479
SIDER,fedavg_proto,0.5,0,13,200,16,16,0.1,test,client_1,2,5,138,143,True,0.5652173913043479
SIDER,fedavg_proto,0.5,0,13,200,16,16,0.1,test,client_1,3,90,53,143,True,0.519496855345912
SIDER,fedavg_proto,0.5,0,13,200,16,16,0.1,test,client_1,4,118,25,143,True,0.5888135593220339
SIDER,fedavg_proto,0.5,0,13,200,16,16,0.1,test,client_1,5,104,39,143,True,0.5734714003944773
SIDER,fedavg_proto,0.5,0,13,200,16,16,0.1,test,client_1,6,134,9,143,True,0.7189054726368158
SIDER,fedavg_proto,0.5,0,13,200,16,16,0.1,test,client_1,7,24,119,143,True,0.623249299719888
SIDER,fedavg_proto,0.5,0,13,200,16,16,0.1,test,client_1,8,91,52,143,True,0.5642434488588334
SIDER,fedavg_proto,0.5,0,13,200,16,16,0.1,test,client_1,9,74,69,143,True,0.6721504112808461
SIDER,fedavg_proto,0.5,0,13,200,16,16,0.1,test,client_1,10,39,104,143,True,0.6208086785009862
SIDER,fedavg_proto,0.5,0,13,200,16,16,0.1,test,client_1,11,130,13,143,True,0.449112426035503
SIDER,fedavg_proto,0.5,0,13,200,16,16,0.1,test,client_1,12,33,110,143,True,0.6542699724517906
SIDER,fedavg_proto,0.5,0,13,200,16,16,0.1,test,client_1,13,20,123,143,True,0.6560975609756097
SIDER,fedavg_proto,0.5,0,13,200,16,16,0.1,test,client_1,14,113,30,143,True,0.5858407079646017
SIDER,fedavg_proto,0.5,0,13,200,16,16,0.1,test,client_1,15,83,60,143,True,0.5799196787148595
SIDER,fedavg_proto,0.5,0,13,200,16,16,0.1,test,client_1,16,131,12,143,True,0.6208651399491094
SIDER,fedavg_proto,0.5,0,13,200,16,16,0.1,test,client_1,17,30,113,143,True,0.5174041297935104
SIDER,fedavg_proto,0.5,0,13,200,16,16,0.1,test,client_1,18,109,34,143,True,0.5339989206691851
SIDER,fedavg_proto,0.5,0,13,200,16,16,0.1,test,client_1,19,104,39,143,True,0.535749506903353
SIDER,fedavg_proto,0.5,0,13,200,16,16,0.1,test,client_1,20,102,41,143,True,0.59636537541846
SIDER,fedavg_proto,0.5,0,13,200,16,16,0.1,test,client_1,21,98,45,143,True,0.5879818594104308
SIDER,fedavg_proto,0.5,0,13,200,16,16,0.1,test,client_1,22,14,129,143,True,0.5863787375415281
SIDER,fedavg_proto,0.5,0,13,200,16,16,0.1,test,client_1,23,60,83,143,True,0.48132530120481926
SIDER,fedavg_proto,0.5,0,13,200,16,16,0.1,test,client_1,24,98,45,143,True,0.5138321995464852
SIDER,fedavg_proto,0.5,0,13,200,16,16,0.1,test,client_1,25,132,11,143,True,0.7555096418732783
SIDER,fedavg_proto,0.5,0,13,200,16,16,0.1,test,client_1,26,101,42,143,True,0.6183404054691183
SIDER,fedavg_proto,0.5,0,13,200,16,16,0.1,test,client_2,0,72,71,143,True,0.5463615023474178
SIDER,fedavg_proto,0.5,0,13,200,16,16,0.1,test,client_2,1,105,38,143,True,0.5100250626566416
SIDER,fedavg_proto,0.5,0,13,200,16,16,0.1,test,client_2,2,5,138,143,True,0.5420289855072464
SIDER,fedavg_proto,0.5,0,13,200,16,16,0.1,test,client_2,3,90,53,143,True,0.5350104821802935
SIDER,fedavg_proto,0.5,0,13,200,16,16,0.1,test,client_2,4,118,25,143,True,0.5115254237288136
SIDER,fedavg_proto,0.5,0,13,200,16,16,0.1,test,client_2,5,104,39,143,True,0.52465483234714
SIDER,fedavg_proto,0.5,0,13,200,16,16,0.1,test,client_2,6,134,9,143,True,0.6533996683250414
SIDER,fedavg_proto,0.5,0,13,200,16,16,0.1,test,client_2,7,24,119,143,True,0.636204481792717
SIDER,fedavg_proto,0.5,0,13,200,16,16,0.1,test,client_2,8,91,52,143,True,0.5306424344885883
SIDER,fedavg_proto,0.5,0,13,200,16,16,0.1,test,client_2,9,74,69,143,True,0.5526831179005092
SIDER,fedavg_proto,0.5,0,13,200,16,16,0.1,test,client_2,10,39,104,143,True,0.6107001972386588
SIDER,fedavg_proto,0.5,0,13,200,16,16,0.1,test,client_2,11,130,13,143,True,0.47692307692307695
SIDER,fedavg_proto,0.5,0,13,200,16,16,0.1,test,client_2,12,33,110,143,True,0.6300275482093665
SIDER,fedavg_proto,0.5,0,13,200,16,16,0.1,test,client_2,13,20,123,143,True,0.6902439024390244
SIDER,fedavg_proto,0.5,0,13,200,16,16,0.1,test,client_2,14,113,30,143,True,0.5289085545722714
SIDER,fedavg_proto,0.5,0,13,200,16,16,0.1,test,client_2,15,83,60,143,True,0.5469879518072289
SIDER,fedavg_proto,0.5,0,13,200,16,16,0.1,test,client_2,16,131,12,143,True,0.6310432569974554
SIDER,fedavg_proto,0.5,0,13,200,16,16,0.1,test,client_2,17,30,113,143,True,0.5648967551622419
SIDER,fedavg_proto,0.5,0,13,200,16,16,0.1,test,client_2,18,109,34,143,True,0.5299514301133297
SIDER,fedavg_proto,0.5,0,13,200,16,16,0.1,test,client_2,19,104,39,143,True,0.5579388560157791
SIDER,fedavg_proto,0.5,0,13,200,16,16,0.1,test,client_2,20,102,41,143,True,0.6061692969870874
SIDER,fedavg_proto,0.5,0,13,200,16,16,0.1,test,client_2,21,98,45,143,True,0.5947845804988663
SIDER,fedavg_proto,0.5,0,13,200,16,16,0.1,test,client_2,22,14,129,143,True,0.5996677740863787
SIDER,fedavg_proto,0.5,0,13,200,16,16,0.1,test,client_2,23,60,83,143,True,0.5248995983935743
SIDER,fedavg_proto,0.5,0,13,200,16,16,0.1,test,client_2,24,98,45,143,True,0.4512471655328798
SIDER,fedavg_proto,0.5,0,13,200,16,16,0.1,test,client_2,25,132,11,143,True,0.6949035812672176
SIDER,fedavg_proto,0.5,0,13,200,16,16,0.1,test,client_2,26,101,42,143,True,0.5650636492220651
SIDER,fedavg_proto,0.5,0,13,200,16,16,0.1,test,client_3,0,72,71,143,True,0.5937010954616588
SIDER,fedavg_proto,0.5,0,13,200,16,16,0.1,test,client_3,1,105,38,143,True,0.5674185463659147
SIDER,fedavg_proto,0.5,0,13,200,16,16,0.1,test,client_3,2,5,138,143,True,0.5942028985507246
SIDER,fedavg_proto,0.5,0,13,200,16,16,0.1,test,client_3,3,90,53,143,True,0.5482180293501048
SIDER,fedavg_proto,0.5,0,13,200,16,16,0.1,test,client_3,4,118,25,143,True,0.5769491525423729
SIDER,fedavg_proto,0.5,0,13,200,16,16,0.1,test,client_3,5,104,39,143,True,0.5594181459566075
SIDER,fedavg_proto,0.5,0,13,200,16,16,0.1,test,client_3,6,134,9,143,True,0.6625207296849089
SIDER,fedavg_proto,0.5,0,13,200,16,16,0.1,test,client_3,7,24,119,143,True,0.6449579831932772
SIDER,fedavg_proto,0.5,0,13,200,16,16,0.1,test,client_3,8,91,52,143,True,0.5486052409129332
SIDER,fedavg_proto,0.5,0,13,200,16,16,0.1,test,client_3,9,74,69,143,True,0.664708186447317
SIDER,fedavg_proto,0.5,0,13,200,16,16,0.1,test,client_3,10,39,104,143,True,0.6412721893491125
SIDER,fedavg_proto,0.5,0,13,200,16,16,0.1,test,client_3,11,130,13,143,True,0.6295857988165681
SIDER,fedavg_proto,0.5,0,13,200,16,16,0.1,test,client_3,12,33,110,143,True,0.6608815426997244
SIDER,fedavg_proto,0.5,0,13,200,16,16,0.1,test,client_3,13,20,123,143,True,0.6613821138211382
SIDER,fedavg_proto,0.5,0,13,200,16,16,0.1,test,client_3,14,113,30,143,True,0.605014749262537
SIDER,fedavg_proto,0.5,0,13,200,16,16,0.1,test,client_3,15,83,60,143,True,0.6176706827309236
SIDER,fedavg_proto,0.5,0,13,200,16,16,0.1,test,client_3,16,131,12,143,True,0.6927480916030534
SIDER,fedavg_proto,0.5,0,13,200,16,16,0.1,test,client_3,17,30,113,143,True,0.5551622418879056
SIDER,fedavg_proto,0.5,0,13,200,16,16,0.1,test,client_3,18,109,34,143,True,0.5890447922288181
SIDER,fedavg_proto,0.5,0,13,200,16,16,0.1,test,client_3,19,104,39,143,True,0.5446252465483234
SIDER,fedavg_proto,0.5,0,13,200,16,16,0.1,test,client_3,20,102,41,143,True,0.5932568149210904
SIDER,fedavg_proto,0.5,0,13,200,16,16,0.1,test,client_3,21,98,45,143,True,0.6124716553287981
SIDER,fedavg_proto,0.5,0,13,200,16,16,0.1,test,client_3,22,14,129,143,True,0.5952380952380953
SIDER,fedavg_proto,0.5,0,13,200,16,16,0.1,test,client_3,23,60,83,143,True,0.5210843373493976
SIDER,fedavg_proto,0.5,0,13,200,16,16,0.1,test,client_3,24,98,45,143,True,0.5122448979591836
SIDER,fedavg_proto,0.5,0,13,200,16,16,0.1,test,client_3,25,132,11,143,True,0.6666666666666667
SIDER,fedavg_proto,0.5,0,13,200,16,16,0.1,test,client_3,26,101,42,143,True,0.5905233380480905
SIDER,fedavg_proto,0.5,0,14,200,16,16,0.1,val,server,0,76,67,143,True,0.6433621366849961
SIDER,fedavg_proto,0.5,0,14,200,16,16,0.1,val,server,1,99,44,143,True,0.662534435261708
SIDER,fedavg_proto,0.5,0,14,200,16,16,0.1,val,server,2,2,141,143,True,0.75177304964539
SIDER,fedavg_proto,0.5,0,14,200,16,16,0.1,val,server,3,85,58,143,True,0.6030425963488845
SIDER,fedavg_proto,0.5,0,14,200,16,16,0.1,val,server,4,117,26,143,True,0.6860618014464168
SIDER,fedavg_proto,0.5,0,14,200,16,16,0.1,val,server,5,99,44,143,True,0.608356290174472
SIDER,fedavg_proto,0.5,0,14,200,16,16,0.1,val,server,6,131,12,143,True,0.8346055979643765
SIDER,fedavg_proto,0.5,0,14,200,16,16,0.1,val,server,7,20,123,143,True,0.5857723577235772
SIDER,fedavg_proto,0.5,0,14,200,16,16,0.1,val,server,8,97,46,143,True,0.617436127297176
SIDER,fedavg_proto,0.5,0,14,200,16,16,0.1,val,server,9,71,72,143,True,0.5991784037558685
SIDER,fedavg_proto,0.5,0,14,200,16,16,0.1,val,server,10,35,108,143,True,0.5621693121693121
SIDER,fedavg_proto,0.5,0,14,200,16,16,0.1,val,server,11,130,13,143,True,0.5
SIDER,fedavg_proto,0.5,0,14,200,16,16,0.1,val,server,12,37,106,143,True,0.6532381438041815
SIDER,fedavg_proto,0.5,0,14,200,16,16,0.1,val,server,13,20,123,143,True,0.6146341463414634
SIDER,fedavg_proto,0.5,0,14,200,16,16,0.1,val,server,14,107,36,143,True,0.6059190031152649
SIDER,fedavg_proto,0.5,0,14,200,16,16,0.1,val,server,15,94,49,143,True,0.7301346070343031
SIDER,fedavg_proto,0.5,0,14,200,16,16,0.1,val,server,16,129,14,143,True,0.5802879291251385
SIDER,fedavg_proto,0.5,0,14,200,16,16,0.1,val,server,17,20,123,143,True,0.5532520325203252
SIDER,fedavg_proto,0.5,0,14,200,16,16,0.1,val,server,18,104,39,143,True,0.5433925049309665
SIDER,fedavg_proto,0.5,0,14,200,16,16,0.1,val,server,19,103,40,143,True,0.6014563106796116
SIDER,fedavg_proto,0.5,0,14,200,16,16,0.1,val,server,20,102,41,143,True,0.5616929698708751
SIDER,fedavg_proto,0.5,0,14,200,16,16,0.1,val,server,21,98,45,143,True,0.6469387755102041
SIDER,fedavg_proto,0.5,0,14,200,16,16,0.1,val,server,22,10,133,143,True,0.6
SIDER,fedavg_proto,0.5,0,14,200,16,16,0.1,val,server,23,64,79,143,True,0.5251186708860759
SIDER,fedavg_proto,0.5,0,14,200,16,16,0.1,val,server,24,104,39,143,True,0.5934418145956607
SIDER,fedavg_proto,0.5,0,14,200,16,16,0.1,val,server,25,134,9,143,True,0.7056384742951908
SIDER,fedavg_proto,0.5,0,14,200,16,16,0.1,val,server,26,95,48,143,True,0.6285087719298246
SIDER,fedavg_proto,0.5,0,14,200,16,16,0.1,val,client_0,0,76,67,143,True,0.6704634721131186
SIDER,fedavg_proto,0.5,0,14,200,16,16,0.1,val,client_0,1,99,44,143,True,0.6636822773186409
SIDER,fedavg_proto,0.5,0,14,200,16,16,0.1,val,client_0,2,2,141,143,True,0.6843971631205674
SIDER,fedavg_proto,0.5,0,14,200,16,16,0.1,val,client_0,3,85,58,143,True,0.5472616632860041
SIDER,fedavg_proto,0.5,0,14,200,16,16,0.1,val,client_0,4,117,26,143,True,0.7465483234714003
SIDER,fedavg_proto,0.5,0,14,200,16,16,0.1,val,client_0,5,99,44,143,True,0.6664370982552802
SIDER,fedavg_proto,0.5,0,14,200,16,16,0.1,val,client_0,6,131,12,143,True,0.8416030534351145
SIDER,fedavg_proto,0.5,0,14,200,16,16,0.1,val,client_0,7,20,123,143,True,0.5471544715447155
SIDER,fedavg_proto,0.5,0,14,200,16,16,0.1,val,client_0,8,97,46,143,True,0.6167637830569251
SIDER,fedavg_proto,0.5,0,14,200,16,16,0.1,val,client_0,9,71,72,143,True,0.5837245696400625
SIDER,fedavg_proto,0.5,0,14,200,16,16,0.1,val,client_0,10,35,108,143,True,0.5386243386243386
SIDER,fedavg_proto,0.5,0,14,200,16,16,0.1,val,client_0,11,130,13,143,True,0.5627218934911242
SIDER,fedavg_proto,0.5,0,14,200,16,16,0.1,val,client_0,12,37,106,143,True,0.6585925548189699
SIDER,fedavg_proto,0.5,0,14,200,16,16,0.1,val,client_0,13,20,123,143,True,0.6186991869918699
SIDER,fedavg_proto,0.5,0,14,200,16,16,0.1,val,client_0,14,107,36,143,True,0.5944963655244029
SIDER,fedavg_proto,0.5,0,14,200,16,16,0.1,val,client_0,15,94,49,143,True,0.7251411202778983
SIDER,fedavg_proto,0.5,0,14,200,16,16,0.1,val,client_0,16,129,14,143,True,0.6677740863787376
SIDER,fedavg_proto,0.5,0,14,200,16,16,0.1,val,client_0,17,20,123,143,True,0.5890243902439025
SIDER,fedavg_proto,0.5,0,14,200,16,16,0.1,val,client_0,18,104,39,143,True,0.5465976331360947
SIDER,fedavg_proto,0.5,0,14,200,16,16,0.1,val,client_0,19,103,40,143,True,0.6179611650485436
SIDER,fedavg_proto,0.5,0,14,200,16,16,0.1,val,client_0,20,102,41,143,True,0.6525585844093734
SIDER,fedavg_proto,0.5,0,14,200,16,16,0.1,val,client_0,21,98,45,143,True,0.6596371882086168
SIDER,fedavg_proto,0.5,0,14,200,16,16,0.1,val,client_0,22,10,133,143,True,0.5586466165413534
SIDER,fedavg_proto,0.5,0,14,200,16,16,0.1,val,client_0,23,64,79,143,True,0.5791139240506329
SIDER,fedavg_proto,0.5,0,14,200,16,16,0.1,val,client_0,24,104,39,143,True,0.6077416173570019
SIDER,fedavg_proto,0.5,0,14,200,16,16,0.1,val,client_0,25,134,9,143,True,0.7752902155887231
SIDER,fedavg_proto,0.5,0,14,200,16,16,0.1,val,client_0,26,95,48,143,True,0.6418859649122808
SIDER,fedavg_proto,0.5,0,14,200,16,16,0.1,val,client_1,0,76,67,143,True,0.6496465043205027
SIDER,fedavg_proto,0.5,0,14,200,16,16,0.1,val,client_1,1,99,44,143,True,0.6418732782369146
SIDER,fedavg_proto,0.5,0,14,200,16,16,0.1,val,client_1,2,2,141,143,True,0.7659574468085106
SIDER,fedavg_proto,0.5,0,14,200,16,16,0.1,val,client_1,3,85,58,143,True,0.6178498985801216
SIDER,fedavg_proto,0.5,0,14,200,16,16,0.1,val,client_1,4,117,26,143,True,0.6222879684418146
SIDER,fedavg_proto,0.5,0,14,200,16,16,0.1,val,client_1,5,99,44,143,True,0.5881542699724518
SIDER,fedavg_proto,0.5,0,14,200,16,16,0.1,val,client_1,6,131,12,143,True,0.7716284987277354
SIDER,fedavg_proto,0.5,0,14,200,16,16,0.1,val,client_1,7,20,123,143,True,0.5166666666666667
SIDER,fedavg_proto,0.5,0,14,200,16,16,0.1,val,client_1,8,97,46,143,True,0.5764231286418646
SIDER,fedavg_proto,0.5,0,14,200,16,16,0.1,val,client_1,9,71,72,143,True,0.6005477308294209
SIDER,fedavg_proto,0.5,0,14,200,16,16,0.1,val,client_1,10,35,108,143,True,0.5145502645502645
SIDER,fedavg_proto,0.5,0,14,200,16,16,0.1,val,client_1,11,130,13,143,True,0.5798816568047337
SIDER,fedavg_proto,0.5,0,14,200,16,16,0.1,val,client_1,12,37,106,143,True,0.5614482406935237
SIDER,fedavg_proto,0.5,0,14,200,16,16,0.1,val,client_1,13,20,123,143,True,0.5658536585365853
SIDER,fedavg_proto,0.5,0,14,200,16,16,0.1,val,client_1,14,107,36,143,True,0.5415368639667705
SIDER,fedavg_proto,0.5,0,14,200,16,16,0.1,val,client_1,15,94,49,143,True,0.6956144159791576
SIDER,fedavg_proto,0.5,0,14,200,16,16,0.1,val,client_1,16,129,14,143,True,0.6196013289036545
SIDER,fedavg_proto,0.5,0,14,200,16,16,0.1,val,client_1,17,20,123,143,True,0.5308943089430894
SIDER,fedavg_proto,0.5,0,14,200,16,16,0.1,val,client_1,18,104,39,143,True,0.4881656804733728
SIDER,fedavg_proto,0.5,0,14,200,16,16,0.1,val,client_1,19,103,40,143,True,0.575
SIDER,fedavg_proto,0.5,0,14,200,16,16,0.1,val,client_1,20,102,41,143,True,0.6083213773314203
SIDER,fedavg_proto,0.5,0,14,200,16,16,0.1,val,client_1,21,98,45,143,True,0.619047619047619
SIDER,fedavg_proto,0.5,0,14,200,16,16,0.1,val,client_1,22,10,133,143,True,0.562406015037594
SIDER,fedavg_proto,0.5,0,14,200,16,16,0.1,val,client_1,23,64,79,143,True,0.5567642405063292
SIDER,fedavg_proto,0.5,0,14,200,16,16,0.1,val,client_1,24,104,39,143,True,0.5919625246548323
SIDER,fedavg_proto,0.5,0,14,200,16,16,0.1,val,client_1,25,134,9,143,True,0.7918739635157546
SIDER,fedavg_proto,0.5,0,14,200,16,16,0.1,val,client_1,26,95,48,143,True,0.5478070175438596
SIDER,fedavg_proto,0.5,0,14,200,16,16,0.1,val,client_2,0,76,67,143,True,0.5341712490180676
SIDER,fedavg_proto,0.5,0,14,200,16,16,0.1,val,client_2,1,99,44,143,True,0.5957300275482094
SIDER,fedavg_proto,0.5,0,14,200,16,16,0.1,val,client_2,2,2,141,143,True,0.7943262411347518
SIDER,fedavg_proto,0.5,0,14,200,16,16,0.1,val,client_2,3,85,58,143,True,0.5634888438133874
SIDER,fedavg_proto,0.5,0,14,200,16,16,0.1,val,client_2,4,117,26,143,True,0.5358316896778436
SIDER,fedavg_proto,0.5,0,14,200,16,16,0.1,val,client_2,5,99,44,143,True,0.5546372819100092
SIDER,fedavg_proto,0.5,0,14,200,16,16,0.1,val,client_2,6,131,12,143,True,0.7468193384223918
SIDER,fedavg_proto,0.5,0,14,200,16,16,0.1,val,client_2,7,20,123,143,True,0.5296747967479675
SIDER,fedavg_proto,0.5,0,14,200,16,16,0.1,val,client_2,8,97,46,143,True,0.5609592111160915
SIDER,fedavg_proto,0.5,0,14,200,16,16,0.1,val,client_2,9,71,72,143,True,0.5796165884194053
SIDER,fedavg_proto,0.5,0,14,200,16,16,0.1,val,client_2,10,35,108,143,True,0.5367724867724867
SIDER,fedavg_proto,0.5,0,14,200,16,16,0.1,val,client_2,11,130,13,143,True,0.46923076923076923
SIDER,fedavg_proto,0.5,0,14,200,16,16,0.1,val,client_2,12,37,106,143,True,0.6203467618561959
SIDER,fedavg_proto,0.5,0,14,200,16,16,0.1,val,client_2,13,20,123,143,True,0.5971544715447153
SIDER,fedavg_proto,0.5,0,14,200,16,16,0.1,val,client_2,14,107,36,143,True,0.5051921079958464
SIDER,fedavg_proto,0.5,0,14,200,16,16,0.1,val,client_2,15,94,49,143,True,0.6291793313069909
SIDER,fedavg_proto,0.5,0,14,200,16,16,0.1,val,client_2,16,129,14,143,True,0.5442967884828349
SIDER,fedavg_proto,0.5,0,14,200,16,16,0.1,val,client_2,17,20,123,143,True,0.4796747967479675
SIDER,fedavg_proto,0.5,0,14,200,16,16,0.1,val,client_2,18,104,39,143,True,0.501232741617357
SIDER,fedavg_proto,0.5,0,14,200,16,16,0.1,val,client_2,19,103,40,143,True,0.512378640776699
SIDER,fedavg_proto,0.5,0,14,200,16,16,0.1,val,client_2,20,102,41,143,True,0.4839789574366332
SIDER,fedavg_proto,0.5,0,14,200,16,16,0.1,val,client_2,21,98,45,143,True,0.5959183673469388
SIDER,fedavg_proto,0.5,0,14,200,16,16,0.1,val,client_2,22,10,133,143,True,0.5939849624060151
SIDER,fedavg_proto,0.5,0,14,200,16,16,0.1,val,client_2,23,64,79,143,True,0.5134493670886077
SIDER,fedavg_proto,0.5,0,14,200,16,16,0.1,val,client_2,24,104,39,143,True,0.5907297830374754
SIDER,fedavg_proto,0.5,0,14,200,16,16,0.1,val,client_2,25,134,9,143,True,0.582089552238806
SIDER,fedavg_proto,0.5,0,14,200,16,16,0.1,val,client_2,26,95,48,143,True,0.5644736842105263
SIDER,fedavg_proto,0.5,0,14,200,16,16,0.1,val,client_3,0,76,67,143,True,0.6241162608012569
SIDER,fedavg_proto,0.5,0,14,200,16,16,0.1,val,client_3,1,99,44,143,True,0.6398071625344353
SIDER,fedavg_proto,0.5,0,14,200,16,16,0.1,val,client_3,2,2,141,143,True,0.8900709219858156
SIDER,fedavg_proto,0.5,0,14,200,16,16,0.1,val,client_3,3,85,58,143,True,0.5567951318458417
SIDER,fedavg_proto,0.5,0,14,200,16,16,0.1,val,client_3,4,117,26,143,True,0.6594345825115056
SIDER,fedavg_proto,0.5,0,14,200,16,16,0.1,val,client_3,5,99,44,143,True,0.571625344352617
SIDER,fedavg_proto,0.5,0,14,200,16,16,0.1,val,client_3,6,131,12,143,True,0.7856234096692112
SIDER,fedavg_proto,0.5,0,14,200,16,16,0.1,val,client_3,7,20,123,143,True,0.5995934959349594
SIDER,fedavg_proto,0.5,0,14,200,16,16,0.1,val,client_3,8,97,46,143,True,0.6131779471089198
SIDER,fedavg_proto,0.5,0,14,200,16,16,0.1,val,client_3,9,71,72,143,True,0.5938967136150235
SIDER,fedavg_proto,0.5,0,14,200,16,16,0.1,val,client_3,10,35,108,143,True,0.6529100529100529
SIDER,fedavg_proto,0.5,0,14,200,16,16,0.1,val,client_3,11,130,13,143,True,0.4798816568047337
SIDER,fedavg_proto,0.5,0,14,200,16,16,0.1,val,client_3,12,37,106,143,True,0.699898011218766
SIDER,fedavg_proto,0.5,0,14,200,16,16,0.1,val,client_3,13,20,123,143,True,0.5959349593495935
SIDER,fedavg_proto,0.5,0,14,200,16,16,0.1,val,client_3,14,107,36,143,True,0.5934579439252337
SIDER,fedavg_proto,0.5,0,14,200,16,16,0.1,val,client_3,15,94,49,143,True,0.687798523664785
SIDER,fedavg_proto,0.5,0,14,200,16,16,0.1,val,client_3,16,129,14,143,True,0.5703211517165006
SIDER,fedavg_proto,0.5,0,14,200,16,16,0.1,val,client_3,17,20,123,143,True,0.5662601626016259
SIDER,fedavg_proto,0.5,0,14,200,16,16,0.1,val,client_3,18,104,39,143,True,0.5793885601577909
SIDER,fedavg_proto,0.5,0,14,200,16,16,0.1,val,client_3,19,103,40,143,True,0.5640776699029126
SIDER,fedavg_proto,0.5,0,14,200,16,16,0.1,val,client_3,20,102,41,143,True,0.5282161645145864
SIDER,fedavg_proto,0.5,0,14,200,16,16,0.1,val,client_3,21,98,45,143,True,0.638095238095238
SIDER,fedavg_proto,0.5,0,14,200,16,16,0.1,val,client_3,22,10,133,143,True,0.636842105263158
SIDER,fedavg_proto,0.5,0,14,200,16,16,0.1,val,client_3,23,64,79,143,True,0.47033227848101267
SIDER,fedavg_proto,0.5,0,14,200,16,16,0.1,val,client_3,24,104,39,143,True,0.5591715976331362
SIDER,fedavg_proto,0.5,0,14,200,16,16,0.1,val,client_3,25,134,9,143,True,0.6318407960199005
SIDER,fedavg_proto,0.5,0,14,200,16,16,0.1,val,client_3,26,95,48,143,True,0.6418859649122807
SIDER,fedavg_proto,0.5,0,14,200,16,16,0.1,test,server,0,72,71,143,True,0.6424100156494523
SIDER,fedavg_proto,0.5,0,14,200,16,16,0.1,test,server,1,105,38,143,True,0.569423558897243
SIDER,fedavg_proto,0.5,0,14,200,16,16,0.1,test,server,2,5,138,143,True,0.5434782608695652
SIDER,fedavg_proto,0.5,0,14,200,16,16,0.1,test,server,3,90,53,143,True,0.5431865828092244
SIDER,fedavg_proto,0.5,0,14,200,16,16,0.1,test,server,4,118,25,143,True,0.6216949152542373
SIDER,fedavg_proto,0.5,0,14,200,16,16,0.1,test,server,5,104,39,143,True,0.5971400394477316
SIDER,fedavg_proto,0.5,0,14,200,16,16,0.1,test,server,6,134,9,143,True,0.7247097844112769
SIDER,fedavg_proto,0.5,0,14,200,16,16,0.1,test,server,7,24,119,143,True,0.6579131652661064
SIDER,fedavg_proto,0.5,0,14,200,16,16,0.1,test,server,8,91,52,143,True,0.5756551141166526
SIDER,fedavg_proto,0.5,0,14,200,16,16,0.1,test,server,9,74,69,143,True,0.6539365452408931
SIDER,fedavg_proto,0.5,0,14,200,16,16,0.1,test,server,10,39,104,143,True,0.6799802761341223
SIDER,fedavg_proto,0.5,0,14,200,16,16,0.1,test,server,11,130,13,143,True,0.5301775147928994
SIDER,fedavg_proto,0.5,0,14,200,16,16,0.1,test,server,12,33,110,143,True,0.6258953168044077
SIDER,fedavg_proto,0.5,0,14,200,16,16,0.1,test,server,13,20,123,143,True,0.6894308943089431
SIDER,fedavg_proto,0.5,0,14,200,16,16,0.1,test,server,14,113,30,143,True,0.5946902654867257
SIDER,fedavg_proto,0.5,0,14,200,16,16,0.1,test,server,15,83,60,143,True,0.6052208835341365
SIDER,fedavg_proto,0.5,0,14,200,16,16,0.1,test,server,16,131,12,143,True,0.6863867684478371
SIDER,fedavg_proto,0.5,0,14,200,16,16,0.1,test,server,17,30,113,143,True,0.5451327433628319
SIDER,fedavg_proto,0.5,0,14,200,16,16,0.1,test,server,18,109,34,143,True,0.6022665947112791
SIDER,fedavg_proto,0.5,0,14,200,16,16,0.1,test,server,19,104,39,143,True,0.5438856015779092
SIDER,fedavg_proto,0.5,0,14,200,16,16,0.1,test,server,20,102,41,143,True,0.5901482544237207
SIDER,fedavg_proto,0.5,0,14,200,16,16,0.1,test,server,21,98,45,143,True,0.5995464852607709
SIDER,fedavg_proto,0.5,0,14,200,16,16,0.1,test,server,22,14,129,143,True,0.5686600221483943
SIDER,fedavg_proto,0.5,0,14,200,16,16,0.1,test,server,23,60,83,143,True,0.47951807228915655
SIDER,fedavg_proto,0.5,0,14,200,16,16,0.1,test,server,24,98,45,143,True,0.49433106575963714
SIDER,fedavg_proto,0.5,0,14,200,16,16,0.1,test,server,25,132,11,143,True,0.7479338842975207
SIDER,fedavg_proto,0.5,0,14,200,16,16,0.1,test,server,26,101,42,143,True,0.6145685997171145
SIDER,fedavg_proto,0.5,0,14,200,16,16,0.1,test,client_0,0,72,71,143,True,0.6551251956181534
SIDER,fedavg_proto,0.5,0,14,200,16,16,0.1,test,client_0,1,105,38,143,True,0.5674185463659148
SIDER,fedavg_proto,0.5,0,14,200,16,16,0.1,test,client_0,2,5,138,143,True,0.5246376811594203
SIDER,fedavg_proto,0.5,0,14,200,16,16,0.1,test,client_0,3,90,53,143,True,0.4888888888888889
SIDER,fedavg_proto,0.5,0,14,200,16,16,0.1,test,client_0,4,118,25,143,True,0.6498305084745762
SIDER,fedavg_proto,0.5,0,14,200,16,16,0.1,test,client_0,5,104,39,143,True,0.5998520710059172
SIDER,fedavg_proto,0.5,0,14,200,16,16,0.1,test,client_0,6,134,9,143,True,0.6766169154228856
SIDER,fedavg_proto,0.5,0,14,200,16,16,0.1,test,client_0,7,24,119,143,True,0.5567226890756303
SIDER,fedavg_proto,0.5,0,14,200,16,16,0.1,test,client_0,8,91,52,143,True,0.5800929839391378
SIDER,fedavg_proto,0.5,0,14,200,16,16,0.1,test,client_0,9,74,69,143,True,0.6173129651390521
SIDER,fedavg_proto,0.5,0,14,200,16,16,0.1,test,client_0,10,39,104,143,True,0.6338757396449703
SIDER,fedavg_proto,0.5,0,14,200,16,16,0.1,test,client_0,11,130,13,143,True,0.5207100591715976
SIDER,fedavg_proto,0.5,0,14,200,16,16,0.1,test,client_0,12,33,110,143,True,0.5181818181818182
SIDER,fedavg_proto,0.5,0,14,200,16,16,0.1,test,client_0,13,20,123,143,True,0.5983739837398374
SIDER,fedavg_proto,0.5,0,14,200,16,16,0.1,test,client_0,14,113,30,143,True,0.5371681415929204
SIDER,fedavg_proto,0.5,0,14,200,16,16,0.1,test,client_0,15,83,60,143,True,0.628714859437751
SIDER,fedavg_proto,0.5,0,14,200,16,16,0.1,test,client_0,16,131,12,143,True,0.671119592875318
SIDER,fedavg_proto,0.5,0,14,200,16,16,0.1,test,client_0,17,30,113,143,True,0.4946902654867256
SIDER,fedavg_proto,0.5,0,14,200,16,16,0.1,test,client_0,18,109,34,143,True,0.5283324338909876
SIDER,fedavg_proto,0.5,0,14,200,16,16,0.1,test,client_0,19,104,39,143,True,0.5125739644970413
SIDER,fedavg_proto,0.5,0,14,200,16,16,0.1,test,client_0,20,102,41,143,True,0.5483022477283597
SIDER,fedavg_proto,0.5,0,14,200,16,16,0.1,test,client_0,21,98,45,143,True,0.6122448979591836
SIDER,fedavg_proto,0.5,0,14,200,16,16,0.1,test,client_0,22,14,129,143,True,0.45736434108527135
SIDER,fedavg_proto,0.5,0,14,200,16,16,0.1,test,client_0,23,60,83,143,True,0.459437751004016
SIDER,fedavg_proto,0.5,0,14,200,16,16,0.1,test,client_0,24,98,45,143,True,0.4748299319727891
SIDER,fedavg_proto,0.5,0,14,200,16,16,0.1,test,client_0,25,132,11,143,True,0.6990358126721763
SIDER,fedavg_proto,0.5,0,14,200,16,16,0.1,test,client_0,26,101,42,143,True,0.5777934936350778
SIDER,fedavg_proto,0.5,0,14,200,16,16,0.1,test,client_1,0,72,71,143,True,0.6306729264475743
SIDER,fedavg_proto,0.5,0,14,200,16,16,0.1,test,client_1,1,105,38,143,True,0.5807017543859649
SIDER,fedavg_proto,0.5,0,14,200,16,16,0.1,test,client_1,2,5,138,143,True,0.5405797101449276
SIDER,fedavg_proto,0.5,0,14,200,16,16,0.1,test,client_1,3,90,53,143,True,0.5180293501048219
SIDER,fedavg_proto,0.5,0,14,200,16,16,0.1,test,client_1,4,118,25,143,True,0.5813559322033898
SIDER,fedavg_proto,0.5,0,14,200,16,16,0.1,test,client_1,5,104,39,143,True,0.5443786982248521
SIDER,fedavg_proto,0.5,0,14,200,16,16,0.1,test,client_1,6,134,9,143,True,0.6633499170812603
SIDER,fedavg_proto,0.5,0,14,200,16,16,0.1,test,client_1,7,24,119,143,True,0.6460084033613445
SIDER,fedavg_proto,0.5,0,14,200,16,16,0.1,test,client_1,8,91,52,143,True,0.5488165680473372
SIDER,fedavg_proto,0.5,0,14,200,16,16,0.1,test,client_1,9,74,69,143,True,0.6795926361143751
SIDER,fedavg_proto,0.5,0,14,200,16,16,0.1,test,client_1,10,39,104,143,True,0.6148915187376726
SIDER,fedavg_proto,0.5,0,14,200,16,16,0.1,test,client_1,11,130,13,143,True,0.4686390532544379
SIDER,fedavg_proto,0.5,0,14,200,16,16,0.1,test,client_1,12,33,110,143,True,0.6085399449035813
SIDER,fedavg_proto,0.5,0,14,200,16,16,0.1,test,client_1,13,20,123,143,True,0.6382113821138211
SIDER,fedavg_proto,0.5,0,14,200,16,16,0.1,test,client_1,14,113,30,143,True,0.5828908554572272
SIDER,fedavg_proto,0.5,0,14,200,16,16,0.1,test,client_1,15,83,60,143,True,0.5919678714859438
SIDER,fedavg_proto,0.5,0,14,200,16,16,0.1,test,client_1,16,131,12,143,True,0.626590330788804
SIDER,fedavg_proto,0.5,0,14,200,16,16,0.1,test,client_1,17,30,113,143,True,0.5218289085545722
SIDER,fedavg_proto,0.5,0,14,200,16,16,0.1,test,client_1,18,109,34,143,True,0.5380464112250405
SIDER,fedavg_proto,0.5,0,14,200,16,16,0.1,test,client_1,19,104,39,143,True,0.542406311637081
SIDER,fedavg_proto,0.5,0,14,200,16,16,0.1,test,client_1,20,102,41,143,True,0.5798660927785748
SIDER,fedavg_proto,0.5,0,14,200,16,16,0.1,test,client_1,21,98,45,143,True,0.5573696145124717
SIDER,fedavg_proto,0.5,0,14,200,16,16,0.1,test,client_1,22,14,129,143,True,0.5880398671096345
SIDER,fedavg_proto,0.5,0,14,200,16,16,0.1,test,client_1,23,60,83,143,True,0.493574297188755
SIDER,fedavg_proto,0.5,0,14,200,16,16,0.1,test,client_1,24,98,45,143,True,0.5115646258503401
SIDER,fedavg_proto,0.5,0,14,200,16,16,0.1,test,client_1,25,132,11,143,True,0.7190082644628099
SIDER,fedavg_proto,0.5,0,14,200,16,16,0.1,test,client_1,26,101,42,143,True,0.6416784535596417
SIDER,fedavg_proto,0.5,0,14,200,16,16,0.1,test,client_2,0,72,71,143,True,0.5584898278560251
SIDER,fedavg_proto,0.5,0,14,200,16,16,0.1,test,client_2,1,105,38,143,True,0.5085213032581453
SIDER,fedavg_proto,0.5,0,14,200,16,16,0.1,test,client_2,2,5,138,143,True,0.5536231884057972
SIDER,fedavg_proto,0.5,0,14,200,16,16,0.1,test,client_2,3,90,53,143,True,0.5169811320754716
SIDER,fedavg_proto,0.5,0,14,200,16,16,0.1,test,client_2,4,118,25,143,True,0.5393220338983051
SIDER,fedavg_proto,0.5,0,14,200,16,16,0.1,test,client_2,5,104,39,143,True,0.5342702169625246
SIDER,fedavg_proto,0.5,0,14,200,16,16,0.1,test,client_2,6,134,9,143,True,0.6666666666666667
SIDER,fedavg_proto,0.5,0,14,200,16,16,0.1,test,client_2,7,24,119,143,True,0.626750700280112
SIDER,fedavg_proto,0.5,0,14,200,16,16,0.1,test,client_2,8,91,52,143,True,0.5384615384615385
SIDER,fedavg_proto,0.5,0,14,200,16,16,0.1,test,client_2,9,74,69,143,True,0.5528789659224442
SIDER,fedavg_proto,0.5,0,14,200,16,16,0.1,test,client_2,10,39,104,143,True,0.6294378698224852
SIDER,fedavg_proto,0.5,0,14,200,16,16,0.1,test,client_2,11,130,13,143,True,0.4644970414201184
SIDER,fedavg_proto,0.5,0,14,200,16,16,0.1,test,client_2,12,33,110,143,True,0.6272727272727273
SIDER,fedavg_proto,0.5,0,14,200,16,16,0.1,test,client_2,13,20,123,143,True,0.6784552845528455
SIDER,fedavg_proto,0.5,0,14,200,16,16,0.1,test,client_2,14,113,30,143,True,0.5466076696165192
SIDER,fedavg_proto,0.5,0,14,200,16,16,0.1,test,client_2,15,83,60,143,True,0.5495983935742972
SIDER,fedavg_proto,0.5,0,14,200,16,16,0.1,test,client_2,16,131,12,143,True,0.6564885496183207
SIDER,fedavg_proto,0.5,0,14,200,16,16,0.1,test,client_2,17,30,113,143,True,0.5539823008849558
SIDER,fedavg_proto,0.5,0,14,200,16,16,0.1,test,client_2,18,109,34,143,True,0.5318402590393955
SIDER,fedavg_proto,0.5,0,14,200,16,16,0.1,test,client_2,19,104,39,143,True,0.5382149901380671
SIDER,fedavg_proto,0.5,0,14,200,16,16,0.1,test,client_2,20,102,41,143,True,0.5982783357245337
SIDER,fedavg_proto,0.5,0,14,200,16,16,0.1,test,client_2,21,98,45,143,True,0.5965986394557824
SIDER,fedavg_proto,0.5,0,14,200,16,16,0.1,test,client_2,22,14,129,143,True,0.5791805094130676
SIDER,fedavg_proto,0.5,0,14,200,16,16,0.1,test,client_2,23,60,83,143,True,0.5184738955823294
SIDER,fedavg_proto,0.5,0,14,200,16,16,0.1,test,client_2,24,98,45,143,True,0.4476190476190476
SIDER,fedavg_proto,0.5,0,14,200,16,16,0.1,test,client_2,25,132,11,143,True,0.6859504132231405
SIDER,fedavg_proto,0.5,0,14,200,16,16,0.1,test,client_2,26,101,42,143,True,0.5846298915605846
SIDER,fedavg_proto,0.5,0,14,200,16,16,0.1,test,client_3,0,72,71,143,True,0.5944835680751175
SIDER,fedavg_proto,0.5,0,14,200,16,16,0.1,test,client_3,1,105,38,143,True,0.593984962406015
SIDER,fedavg_proto,0.5,0,14,200,16,16,0.1,test,client_3,2,5,138,143,True,0.5927536231884059
SIDER,fedavg_proto,0.5,0,14,200,16,16,0.1,test,client_3,3,90,53,143,True,0.5425576519916142
SIDER,fedavg_proto,0.5,0,14,200,16,16,0.1,test,client_3,4,118,25,143,True,0.5783050847457627
SIDER,fedavg_proto,0.5,0,14,200,16,16,0.1,test,client_3,5,104,39,143,True,0.5564595660749506
SIDER,fedavg_proto,0.5,0,14,200,16,16,0.1,test,client_3,6,134,9,143,True,0.6592039800995024
SIDER,fedavg_proto,0.5,0,14,200,16,16,0.1,test,client_3,7,24,119,143,True,0.6488095238095238
SIDER,fedavg_proto,0.5,0,14,200,16,16,0.1,test,client_3,8,91,52,143,True,0.544590025359256
SIDER,fedavg_proto,0.5,0,14,200,16,16,0.1,test,client_3,9,74,69,143,True,0.654132393262828
SIDER,fedavg_proto,0.5,0,14,200,16,16,0.1,test,client_3,10,39,104,143,True,0.6555719921104537
SIDER,fedavg_proto,0.5,0,14,200,16,16,0.1,test,client_3,11,130,13,143,True,0.6319526627218934
SIDER,fedavg_proto,0.5,0,14,200,16,16,0.1,test,client_3,12,33,110,143,True,0.6526170798898072
SIDER,fedavg_proto,0.5,0,14,200,16,16,0.1,test,client_3,13,20,123,143,True,0.6784552845528455
SIDER,fedavg_proto,0.5,0,14,200,16,16,0.1,test,client_3,14,113,30,143,True,0.6123893805309735
SIDER,fedavg_proto,0.5,0,14,200,16,16,0.1,test,client_3,15,83,60,143,True,0.61285140562249
SIDER,fedavg_proto,0.5,0,14,200,16,16,0.1,test,client_3,16,131,12,143,True,0.6959287531806615
SIDER,fedavg_proto,0.5,0,14,200,16,16,0.1,test,client_3,17,30,113,143,True,0.5705014749262537
SIDER,fedavg_proto,0.5,0,14,200,16,16,0.1,test,client_3,18,109,34,143,True,0.591743119266055
SIDER,fedavg_proto,0.5,0,14,200,16,16,0.1,test,client_3,19,104,39,143,True,0.5392011834319527
SIDER,fedavg_proto,0.5,0,14,200,16,16,0.1,test,client_3,20,102,41,143,True,0.5879961740793879
SIDER,fedavg_proto,0.5,0,14,200,16,16,0.1,test,client_3,21,98,45,143,True,0.6040816326530611
SIDER,fedavg_proto,0.5,0,14,200,16,16,0.1,test,client_3,22,14,129,143,True,0.6046511627906977
SIDER,fedavg_proto,0.5,0,14,200,16,16,0.1,test,client_3,23,60,83,143,True,0.51285140562249
SIDER,fedavg_proto,0.5,0,14,200,16,16,0.1,test,client_3,24,98,45,143,True,0.5104308390022675
SIDER,fedavg_proto,0.5,0,14,200,16,16,0.1,test,client_3,25,132,11,143,True,0.6666666666666667
SIDER,fedavg_proto,0.5,0,14,200,16,16,0.1,test,client_3,26,101,42,143,True,0.5836869401225837
SIDER,fedavg_proto,0.5,0,15,200,16,16,0.1,val,server,0,76,67,143,True,0.6457187745483111
SIDER,fedavg_proto,0.5,0,15,200,16,16,0.1,val,server,1,99,44,143,True,0.6744719926538109
SIDER,fedavg_proto,0.5,0,15,200,16,16,0.1,val,server,2,2,141,143,True,0.7411347517730497
SIDER,fedavg_proto,0.5,0,15,200,16,16,0.1,val,server,3,85,58,143,True,0.6089249492900609
SIDER,fedavg_proto,0.5,0,15,200,16,16,0.1,val,server,4,117,26,143,True,0.6850756081525312
SIDER,fedavg_proto,0.5,0,15,200,16,16,0.1,val,server,5,99,44,143,True,0.6159320477502296
SIDER,fedavg_proto,0.5,0,15,200,16,16,0.1,val,server,6,131,12,143,True,0.8231552162849873
SIDER,fedavg_proto,0.5,0,15,200,16,16,0.1,val,server,7,20,123,143,True,0.5886178861788617
SIDER,fedavg_proto,0.5,0,15,200,16,16,0.1,val,server,8,97,46,143,True,0.6230389959659346
SIDER,fedavg_proto,0.5,0,15,200,16,16,0.1,val,server,9,71,72,143,True,0.5897887323943661
SIDER,fedavg_proto,0.5,0,15,200,16,16,0.1,val,server,10,35,108,143,True,0.5560846560846562
SIDER,fedavg_proto,0.5,0,15,200,16,16,0.1,val,server,11,130,13,143,True,0.5112426035502958
SIDER,fedavg_proto,0.5,0,15,200,16,16,0.1,val,server,12,37,106,143,True,0.6550229474757777
SIDER,fedavg_proto,0.5,0,15,200,16,16,0.1,val,server,13,20,123,143,True,0.608130081300813
SIDER,fedavg_proto,0.5,0,15,200,16,16,0.1,val,server,14,107,36,143,True,0.5973520249221184
SIDER,fedavg_proto,0.5,0,15,200,16,16,0.1,val,server,15,94,49,143,True,0.7366478506296136
SIDER,fedavg_proto,0.5,0,15,200,16,16,0.1,val,server,16,129,14,143,True,0.5913621262458472
SIDER,fedavg_proto,0.5,0,15,200,16,16,0.1,val,server,17,20,123,143,True,0.5333333333333333
SIDER,fedavg_proto,0.5,0,15,200,16,16,0.1,val,server,18,104,39,143,True,0.5515285996055227
SIDER,fedavg_proto,0.5,0,15,200,16,16,0.1,val,server,19,103,40,143,True,0.6046116504854369
SIDER,fedavg_proto,0.5,0,15,200,16,16,0.1,val,server,20,102,41,143,True,0.5561932089909135
SIDER,fedavg_proto,0.5,0,15,200,16,16,0.1,val,server,21,98,45,143,True,0.6419501133786848
SIDER,fedavg_proto,0.5,0,15,200,16,16,0.1,val,server,22,10,133,143,True,0.6007518796992481
SIDER,fedavg_proto,0.5,0,15,200,16,16,0.1,val,server,23,64,79,143,True,0.5233386075949367
SIDER,fedavg_proto,0.5,0,15,200,16,16,0.1,val,server,24,104,39,143,True,0.6033037475345168
SIDER,fedavg_proto,0.5,0,15,200,16,16,0.1,val,server,25,134,9,143,True,0.7089552238805971
SIDER,fedavg_proto,0.5,0,15,200,16,16,0.1,val,server,26,95,48,143,True,0.6234649122807017
SIDER,fedavg_proto,0.5,0,15,200,16,16,0.1,val,client_0,0,76,67,143,True,0.670267085624509
SIDER,fedavg_proto,0.5,0,15,200,16,16,0.1,val,client_0,1,99,44,143,True,0.6717171717171717
SIDER,fedavg_proto,0.5,0,15,200,16,16,0.1,val,client_0,2,2,141,143,True,0.7163120567375887
SIDER,fedavg_proto,0.5,0,15,200,16,16,0.1,val,client_0,3,85,58,143,True,0.5813387423935091
SIDER,fedavg_proto,0.5,0,15,200,16,16,0.1,val,client_0,4,117,26,143,True,0.7330703484549639
SIDER,fedavg_proto,0.5,0,15,200,16,16,0.1,val,client_0,5,99,44,143,True,0.6682736455463729
SIDER,fedavg_proto,0.5,0,15,200,16,16,0.1,val,client_0,6,131,12,143,True,0.8409669211195929
SIDER,fedavg_proto,0.5,0,15,200,16,16,0.1,val,client_0,7,20,123,143,True,0.5414634146341464
SIDER,fedavg_proto,0.5,0,15,200,16,16,0.1,val,client_0,8,97,46,143,True,0.6075750784401613
SIDER,fedavg_proto,0.5,0,15,200,16,16,0.1,val,client_0,9,71,72,143,True,0.5802034428794991
SIDER,fedavg_proto,0.5,0,15,200,16,16,0.1,val,client_0,10,35,108,143,True,0.5603174603174603
SIDER,fedavg_proto,0.5,0,15,200,16,16,0.1,val,client_0,11,130,13,143,True,0.5621301775147929
SIDER,fedavg_proto,0.5,0,15,200,16,16,0.1,val,client_0,12,37,106,143,True,0.6578276389597144
SIDER,fedavg_proto,0.5,0,15,200,16,16,0.1,val,client_0,13,20,123,143,True,0.6113821138211382
SIDER,fedavg_proto,0.5,0,15,200,16,16,0.1,val,client_0,14,107,36,143,True,0.5841121495327103
SIDER,fedavg_proto,0.5,0,15,200,16,16,0.1,val,client_0,15,94,49,143,True,0.7125488493269648
SIDER,fedavg_proto,0.5,0,15,200,16,16,0.1,val,client_0,16,129,14,143,True,0.6998892580287928
SIDER,fedavg_proto,0.5,0,15,200,16,16,0.1,val,client_0,17,20,123,143,True,0.5642276422764227
SIDER,fedavg_proto,0.5,0,15,200,16,16,0.1,val,client_0,18,104,39,143,True,0.5441321499013807
SIDER,fedavg_proto,0.5,0,15,200,16,16,0.1,val,client_0,19,103,40,143,True,0.620388349514563
SIDER,fedavg_proto,0.5,0,15,200,16,16,0.1,val,client_0,20,102,41,143,True,0.6585365853658536
SIDER,fedavg_proto,0.5,0,15,200,16,16,0.1,val,client_0,21,98,45,143,True,0.6548752834467119
SIDER,fedavg_proto,0.5,0,15,200,16,16,0.1,val,client_0,22,10,133,143,True,0.5661654135338346
SIDER,fedavg_proto,0.5,0,15,200,16,16,0.1,val,client_0,23,64,79,143,True,0.5704113924050633
SIDER,fedavg_proto,0.5,0,15,200,16,16,0.1,val,client_0,24,104,39,143,True,0.6257396449704143
SIDER,fedavg_proto,0.5,0,15,200,16,16,0.1,val,client_0,25,134,9,143,True,0.7736318407960199
SIDER,fedavg_proto,0.5,0,15,200,16,16,0.1,val,client_0,26,95,48,143,True,0.6414473684210527
SIDER,fedavg_proto,0.5,0,15,200,16,16,0.1,val,client_1,0,76,67,143,True,0.6408091123330715
SIDER,fedavg_proto,0.5,0,15,200,16,16,0.1,val,client_1,1,99,44,143,True,0.6235078053259872
SIDER,fedavg_proto,0.5,0,15,200,16,16,0.1,val,client_1,2,2,141,143,True,0.75177304964539
SIDER,fedavg_proto,0.5,0,15,200,16,16,0.1,val,client_1,3,85,58,143,True,0.6225152129817444
SIDER,fedavg_proto,0.5,0,15,200,16,16,0.1,val,client_1,4,117,26,143,True,0.6035502958579881
SIDER,fedavg_proto,0.5,0,15,200,16,16,0.1,val,client_1,5,99,44,143,True,0.5651974288337924
SIDER,fedavg_proto,0.5,0,15,200,16,16,0.1,val,client_1,6,131,12,143,True,0.7569974554707379
SIDER,fedavg_proto,0.5,0,15,200,16,16,0.1,val,client_1,7,20,123,143,True,0.5146341463414634
SIDER,fedavg_proto,0.5,0,15,200,16,16,0.1,val,client_1,8,97,46,143,True,0.5862841774988794
SIDER,fedavg_proto,0.5,0,15,200,16,16,0.1,val,client_1,9,71,72,143,True,0.5919405320813772
SIDER,fedavg_proto,0.5,0,15,200,16,16,0.1,val,client_1,10,35,108,143,True,0.5190476190476191
SIDER,fedavg_proto,0.5,0,15,200,16,16,0.1,val,client_1,11,130,13,143,True,0.5745562130177514
SIDER,fedavg_proto,0.5,0,15,200,16,16,0.1,val,client_1,12,37,106,143,True,0.5655277919428863
SIDER,fedavg_proto,0.5,0,15,200,16,16,0.1,val,client_1,13,20,123,143,True,0.5682926829268292
SIDER,fedavg_proto,0.5,0,15,200,16,16,0.1,val,client_1,14,107,36,143,True,0.5160955347871236
SIDER,fedavg_proto,0.5,0,15,200,16,16,0.1,val,client_1,15,94,49,143,True,0.6947459834997829
SIDER,fedavg_proto,0.5,0,15,200,16,16,0.1,val,client_1,16,129,14,143,True,0.627906976744186
SIDER,fedavg_proto,0.5,0,15,200,16,16,0.1,val,client_1,17,20,123,143,True,0.5166666666666666
SIDER,fedavg_proto,0.5,0,15,200,16,16,0.1,val,client_1,18,104,39,143,True,0.4694280078895463
SIDER,fedavg_proto,0.5,0,15,200,16,16,0.1,val,client_1,19,103,40,143,True,0.5567961165048543
SIDER,fedavg_proto,0.5,0,15,200,16,16,0.1,val,client_1,20,102,41,143,True,0.603299856527977
SIDER,fedavg_proto,0.5,0,15,200,16,16,0.1,val,client_1,21,98,45,143,True,0.6235827664399093
SIDER,fedavg_proto,0.5,0,15,200,16,16,0.1,val,client_1,22,10,133,143,True,0.569172932330827
SIDER,fedavg_proto,0.5,0,15,200,16,16,0.1,val,client_1,23,64,79,143,True,0.5413370253164558
SIDER,fedavg_proto,0.5,0,15,200,16,16,0.1,val,client_1,24,104,39,143,True,0.5811143984220908
SIDER,fedavg_proto,0.5,0,15,200,16,16,0.1,val,client_1,25,134,9,143,True,0.7985074626865671
SIDER,fedavg_proto,0.5,0,15,200,16,16,0.1,val,client_1,26,95,48,143,True,0.5633771929824561
SIDER,fedavg_proto,0.5,0,15,200,16,16,0.1,val,client_2,0,76,67,143,True,0.5365278868813825
SIDER,fedavg_proto,0.5,0,15,200,16,16,0.1,val,client_2,1,99,44,143,True,0.610651974288338
SIDER,fedavg_proto,0.5,0,15,200,16,16,0.1,val,client_2,2,2,141,143,True,0.7978723404255319
SIDER,fedavg_proto,0.5,0,15,200,16,16,0.1,val,client_2,3,85,58,143,True,0.5687626774847869
SIDER,fedavg_proto,0.5,0,15,200,16,16,0.1,val,client_2,4,117,26,143,True,0.5404339250493098
SIDER,fedavg_proto,0.5,0,15,200,16,16,0.1,val,client_2,5,99,44,143,True,0.5544077134986226
SIDER,fedavg_proto,0.5,0,15,200,16,16,0.1,val,client_2,6,131,12,143,True,0.7512722646310432
SIDER,fedavg_proto,0.5,0,15,200,16,16,0.1,val,client_2,7,20,123,143,True,0.526829268292683
SIDER,fedavg_proto,0.5,0,15,200,16,16,0.1,val,client_2,8,97,46,143,True,0.5607350963693412
SIDER,fedavg_proto,0.5,0,15,200,16,16,0.1,val,client_2,9,71,72,143,True,0.5807902973395932
SIDER,fedavg_proto,0.5,0,15,200,16,16,0.1,val,client_2,10,35,108,143,True,0.5383597883597884
SIDER,fedavg_proto,0.5,0,15,200,16,16,0.1,val,client_2,11,130,13,143,True,0.46686390532544375
SIDER,fedavg_proto,0.5,0,15,200,16,16,0.1,val,client_2,12,37,106,143,True,0.6170321264660887
SIDER,fedavg_proto,0.5,0,15,200,16,16,0.1,val,client_2,13,20,123,143,True,0.5971544715447155
SIDER,fedavg_proto,0.5,0,15,200,16,16,0.1,val,client_2,14,107,36,143,True,0.5067497403946002
SIDER,fedavg_proto,0.5,0,15,200,16,16,0.1,val,client_2,15,94,49,143,True,0.6306990881458967
SIDER,fedavg_proto,0.5,0,15,200,16,16,0.1,val,client_2,16,129,14,143,True,0.5348837209302325
SIDER,fedavg_proto,0.5,0,15,200,16,16,0.1,val,client_2,17,20,123,143,True,0.47845528455284553
SIDER,fedavg_proto,0.5,0,15,200,16,16,0.1,val,client_2,18,104,39,143,True,0.5207100591715976
SIDER,fedavg_proto,0.5,0,15,200,16,16,0.1,val,client_2,19,103,40,143,True,0.5133495145631068
SIDER,fedavg_proto,0.5,0,15,200,16,16,0.1,val,client_2,20,102,41,143,True,0.48947871831659495
SIDER,fedavg_proto,0.5,0,15,200,16,16,0.1,val,client_2,21,98,45,143,True,0.5882086167800453
SIDER,fedavg_proto,0.5,0,15,200,16,16,0.1,val,client_2,22,10,133,143,True,0.5759398496240602
SIDER,fedavg_proto,0.5,0,15,200,16,16,0.1,val,client_2,23,64,79,143,True,0.5241297468354431
SIDER,fedavg_proto,0.5,0,15,200,16,16,0.1,val,client_2,24,104,39,143,True,0.5737179487179487
SIDER,fedavg_proto,0.5,0,15,200,16,16,0.1,val,client_2,25,134,9,143,True,0.562189054726368
SIDER,fedavg_proto,0.5,0,15,200,16,16,0.1,val,client_2,26,95,48,143,True,0.5537280701754387
SIDER,fedavg_proto,0.5,0,15,200,16,16,0.1,val,client_3,0,76,67,143,True,0.6274548311076197
SIDER,fedavg_proto,0.5,0,15,200,16,16,0.1,val,client_3,1,99,44,143,True,0.6386593204775023
SIDER,fedavg_proto,0.5,0,15,200,16,16,0.1,val,client_3,2,2,141,143,True,0.9078014184397163
SIDER,fedavg_proto,0.5,0,15,200,16,16,0.1,val,client_3,3,85,58,143,True,0.5728194726166329
SIDER,fedavg_proto,0.5,0,15,200,16,16,0.1,val,client_3,4,117,26,143,True,0.6686390532544378
SIDER,fedavg_proto,0.5,0,15,200,16,16,0.1,val,client_3,5,99,44,143,True,0.5932047750229568
SIDER,fedavg_proto,0.5,0,15,200,16,16,0.1,val,client_3,6,131,12,143,True,0.8008905852417303
SIDER,fedavg_proto,0.5,0,15,200,16,16,0.1,val,client_3,7,20,123,143,True,0.6215447154471545
SIDER,fedavg_proto,0.5,0,15,200,16,16,0.1,val,client_3,8,97,46,143,True,0.6165396683101749
SIDER,fedavg_proto,0.5,0,15,200,16,16,0.1,val,client_3,9,71,72,143,True,0.5835289514866979
SIDER,fedavg_proto,0.5,0,15,200,16,16,0.1,val,client_3,10,35,108,143,True,0.6275132275132276
SIDER,fedavg_proto,0.5,0,15,200,16,16,0.1,val,client_3,11,130,13,143,True,0.5171597633136095
SIDER,fedavg_proto,0.5,0,15,200,16,16,0.1,val,client_3,12,37,106,143,True,0.6970933197348291
SIDER,fedavg_proto,0.5,0,15,200,16,16,0.1,val,client_3,13,20,123,143,True,0.6077235772357723
SIDER,fedavg_proto,0.5,0,15,200,16,16,0.1,val,client_3,14,107,36,143,True,0.5931983385254411
SIDER,fedavg_proto,0.5,0,15,200,16,16,0.1,val,client_3,15,94,49,143,True,0.6838905775075987
SIDER,fedavg_proto,0.5,0,15,200,16,16,0.1,val,client_3,16,129,14,143,True,0.5852713178294574
SIDER,fedavg_proto,0.5,0,15,200,16,16,0.1,val,client_3,17,20,123,143,True,0.5613821138211382
SIDER,fedavg_proto,0.5,0,15,200,16,16,0.1,val,client_3,18,104,39,143,True,0.5766765285996055
SIDER,fedavg_proto,0.5,0,15,200,16,16,0.1,val,client_3,19,103,40,143,True,0.5864077669902912
SIDER,fedavg_proto,0.5,0,15,200,16,16,0.1,val,client_3,20,102,41,143,True,0.526781444285031
SIDER,fedavg_proto,0.5,0,15,200,16,16,0.1,val,client_3,21,98,45,143,True,0.6451247165532881
SIDER,fedavg_proto,0.5,0,15,200,16,16,0.1,val,client_3,22,10,133,143,True,0.6255639097744361
SIDER,fedavg_proto,0.5,0,15,200,16,16,0.1,val,client_3,23,64,79,143,True,0.48615506329113933
SIDER,fedavg_proto,0.5,0,15,200,16,16,0.1,val,client_3,24,104,39,143,True,0.5675542406311638
SIDER,fedavg_proto,0.5,0,15,200,16,16,0.1,val,client_3,25,134,9,143,True,0.648424543946932
SIDER,fedavg_proto,0.5,0,15,200,16,16,0.1,val,client_3,26,95,48,143,True,0.6276315789473683
SIDER,fedavg_proto,0.5,0,15,200,16,16,0.1,test,server,0,72,71,143,True,0.6588419405320813
SIDER,fedavg_proto,0.5,0,15,200,16,16,0.1,test,server,1,105,38,143,True,0.5899749373433584
SIDER,fedavg_proto,0.5,0,15,200,16,16,0.1,test,server,2,5,138,143,True,0.5507246376811594
SIDER,fedavg_proto,0.5,0,15,200,16,16,0.1,test,server,3,90,53,143,True,0.5469601677148848
SIDER,fedavg_proto,0.5,0,15,200,16,16,0.1,test,server,4,118,25,143,True,0.6166101694915254
SIDER,fedavg_proto,0.5,0,15,200,16,16,0.1,test,server,5,104,39,143,True,0.5892504930966469
SIDER,fedavg_proto,0.5,0,15,200,16,16,0.1,test,server,6,134,9,143,True,0.7072968490878939
SIDER,fedavg_proto,0.5,0,15,200,16,16,0.1,test,server,7,24,119,143,True,0.6537114845938374
SIDER,fedavg_proto,0.5,0,15,200,16,16,0.1,test,server,8,91,52,143,True,0.5777683854606932
SIDER,fedavg_proto,0.5,0,15,200,16,16,0.1,test,server,9,74,69,143,True,0.6562867215041128
SIDER,fedavg_proto,0.5,0,15,200,16,16,0.1,test,server,10,39,104,143,True,0.6817061143984221
SIDER,fedavg_proto,0.5,0,15,200,16,16,0.1,test,server,11,130,13,143,True,0.5142011834319526
SIDER,fedavg_proto,0.5,0,15,200,16,16,0.1,test,server,12,33,110,143,True,0.6327823691460055
SIDER,fedavg_proto,0.5,0,15,200,16,16,0.1,test,server,13,20,123,143,True,0.6857723577235773
SIDER,fedavg_proto,0.5,0,15,200,16,16,0.1,test,server,14,113,30,143,True,0.595575221238938
SIDER,fedavg_proto,0.5,0,15,200,16,16,0.1,test,server,15,83,60,143,True,0.6146586345381525
SIDER,fedavg_proto,0.5,0,15,200,16,16,0.1,test,server,16,131,12,143,True,0.6800254452926209
SIDER,fedavg_proto,0.5,0,15,200,16,16,0.1,test,server,17,30,113,143,True,0.5696165191740413
SIDER,fedavg_proto,0.5,0,15,200,16,16,0.1,test,server,18,109,34,143,True,0.6025364274150027
SIDER,fedavg_proto,0.5,0,15,200,16,16,0.1,test,server,19,104,39,143,True,0.5414201183431951
SIDER,fedavg_proto,0.5,0,15,200,16,16,0.1,test,server,20,102,41,143,True,0.5820181731229077
SIDER,fedavg_proto,0.5,0,15,200,16,16,0.1,test,server,21,98,45,143,True,0.61156462585034
SIDER,fedavg_proto,0.5,0,15,200,16,16,0.1,test,server,22,14,129,143,True,0.5741971207087486
SIDER,fedavg_proto,0.5,0,15,200,16,16,0.1,test,server,23,60,83,143,True,0.47831325301204825
SIDER,fedavg_proto,0.5,0,15,200,16,16,0.1,test,server,24,98,45,143,True,0.4891156462585034
SIDER,fedavg_proto,0.5,0,15,200,16,16,0.1,test,server,25,132,11,143,True,0.7568870523415978
SIDER,fedavg_proto,0.5,0,15,200,16,16,0.1,test,server,26,101,42,143,True,0.6152758132956152
SIDER,fedavg_proto,0.5,0,15,200,16,16,0.1,test,client_0,0,72,71,143,True,0.6443661971830986
SIDER,fedavg_proto,0.5,0,15,200,16,16,0.1,test,client_0,1,105,38,143,True,0.5754385964912282
SIDER,fedavg_proto,0.5,0,15,200,16,16,0.1,test,client_0,2,5,138,143,True,0.5884057971014492
SIDER,fedavg_proto,0.5,0,15,200,16,16,0.1,test,client_0,3,90,53,143,True,0.5008385744234801
SIDER,fedavg_proto,0.5,0,15,200,16,16,0.1,test,client_0,4,118,25,143,True,0.6355932203389831
SIDER,fedavg_proto,0.5,0,15,200,16,16,0.1,test,client_0,5,104,39,143,True,0.6015779092702169
SIDER,fedavg_proto,0.5,0,15,200,16,16,0.1,test,client_0,6,134,9,143,True,0.6625207296849088
SIDER,fedavg_proto,0.5,0,15,200,16,16,0.1,test,client_0,7,24,119,143,True,0.5647759103641457
SIDER,fedavg_proto,0.5,0,15,200,16,16,0.1,test,client_0,8,91,52,143,True,0.5819949281487743
SIDER,fedavg_proto,0.5,0,15,200,16,16,0.1,test,client_0,9,74,69,143,True,0.6022326674500588
SIDER,fedavg_proto,0.5,0,15,200,16,16,0.1,test,client_0,10,39,104,143,True,0.653353057199211
SIDER,fedavg_proto,0.5,0,15,200,16,16,0.1,test,client_0,11,130,13,143,True,0.47810650887573963
SIDER,fedavg_proto,0.5,0,15,200,16,16,0.1,test,client_0,12,33,110,143,True,0.5330578512396694
SIDER,fedavg_proto,0.5,0,15,200,16,16,0.1,test,client_0,13,20,123,143,True,0.6247967479674796
SIDER,fedavg_proto,0.5,0,15,200,16,16,0.1,test,client_0,14,113,30,143,True,0.5351032448377581
SIDER,fedavg_proto,0.5,0,15,200,16,16,0.1,test,client_0,15,83,60,143,True,0.620281124497992
SIDER,fedavg_proto,0.5,0,15,200,16,16,0.1,test,client_0,16,131,12,143,True,0.618320610687023
SIDER,fedavg_proto,0.5,0,15,200,16,16,0.1,test,client_0,17,30,113,143,True,0.5209439528023598
SIDER,fedavg_proto,0.5,0,15,200,16,16,0.1,test,client_0,18,109,34,143,True,0.5407447382622773
SIDER,fedavg_proto,0.5,0,15,200,16,16,0.1,test,client_0,19,104,39,143,True,0.5009861932938856
SIDER,fedavg_proto,0.5,0,15,200,16,16,0.1,test,client_0,20,102,41,143,True,0.5516499282639885
SIDER,fedavg_proto,0.5,0,15,200,16,16,0.1,test,client_0,21,98,45,143,True,0.5925170068027211
SIDER,fedavg_proto,0.5,0,15,200,16,16,0.1,test,client_0,22,14,129,143,True,0.48837209302325585
SIDER,fedavg_proto,0.5,0,15,200,16,16,0.1,test,client_0,23,60,83,143,True,0.4471887550200803
SIDER,fedavg_proto,0.5,0,15,200,16,16,0.1,test,client_0,24,98,45,143,True,0.45963718820861676
SIDER,fedavg_proto,0.5,0,15,200,16,16,0.1,test,client_0,25,132,11,143,True,0.7024793388429753
SIDER,fedavg_proto,0.5,0,15,200,16,16,0.1,test,client_0,26,101,42,143,True,0.5624705327675625
SIDER,fedavg_proto,0.5,0,15,200,16,16,0.1,test,client_1,0,72,71,143,True,0.6140453834115805
SIDER,fedavg_proto,0.5,0,15,200,16,16,0.1,test,client_1,1,105,38,143,True,0.593734335839599
SIDER,fedavg_proto,0.5,0,15,200,16,16,0.1,test,client_1,2,5,138,143,True,0.5492753623188407
SIDER,fedavg_proto,0.5,0,15,200,16,16,0.1,test,client_1,3,90,53,143,True,0.5205450733752621
SIDER,fedavg_proto,0.5,0,15,200,16,16,0.1,test,client_1,4,118,25,143,True,0.5511864406779661
SIDER,fedavg_proto,0.5,0,15,200,16,16,0.1,test,client_1,5,104,39,143,True,0.5379684418145957
SIDER,fedavg_proto,0.5,0,15,200,16,16,0.1,test,client_1,6,134,9,143,True,0.6409618573797679
SIDER,fedavg_proto,0.5,0,15,200,16,16,0.1,test,client_1,7,24,119,143,True,0.6474089635854342
SIDER,fedavg_proto,0.5,0,15,200,16,16,0.1,test,client_1,8,91,52,143,True,0.5720625528317836
SIDER,fedavg_proto,0.5,0,15,200,16,16,0.1,test,client_1,9,74,69,143,True,0.6764590677634157
SIDER,fedavg_proto,0.5,0,15,200,16,16,0.1,test,client_1,10,39,104,143,True,0.6235207100591716
SIDER,fedavg_proto,0.5,0,15,200,16,16,0.1,test,client_1,11,130,13,143,True,0.43905325443786986
SIDER,fedavg_proto,0.5,0,15,200,16,16,0.1,test,client_1,12,33,110,143,True,0.6239669421487603
SIDER,fedavg_proto,0.5,0,15,200,16,16,0.1,test,client_1,13,20,123,143,True,0.6605691056910569
SIDER,fedavg_proto,0.5,0,15,200,16,16,0.1,test,client_1,14,113,30,143,True,0.58023598820059
SIDER,fedavg_proto,0.5,0,15,200,16,16,0.1,test,client_1,15,83,60,143,True,0.5740963855421687
SIDER,fedavg_proto,0.5,0,15,200,16,16,0.1,test,client_1,16,131,12,143,True,0.5725190839694656
SIDER,fedavg_proto,0.5,0,15,200,16,16,0.1,test,client_1,17,30,113,143,True,0.552212389380531
SIDER,fedavg_proto,0.5,0,15,200,16,16,0.1,test,client_1,18,109,34,143,True,0.5377765785213168
SIDER,fedavg_proto,0.5,0,15,200,16,16,0.1,test,client_1,19,104,39,143,True,0.5295857988165681
SIDER,fedavg_proto,0.5,0,15,200,16,16,0.1,test,client_1,20,102,41,143,True,0.5868005738880918
SIDER,fedavg_proto,0.5,0,15,200,16,16,0.1,test,client_1,21,98,45,143,True,0.5480725623582766
SIDER,fedavg_proto,0.5,0,15,200,16,16,0.1,test,client_1,22,14,129,143,True,0.5946843853820598
SIDER,fedavg_proto,0.5,0,15,200,16,16,0.1,test,client_1,23,60,83,143,True,0.4891566265060241
SIDER,fedavg_proto,0.5,0,15,200,16,16,0.1,test,client_1,24,98,45,143,True,0.49705215419501136
SIDER,fedavg_proto,0.5,0,15,200,16,16,0.1,test,client_1,25,132,11,143,True,0.7176308539944903
SIDER,fedavg_proto,0.5,0,15,200,16,16,0.1,test,client_1,26,101,42,143,True,0.6086751532296087
SIDER,fedavg_proto,0.5,0,15,200,16,16,0.1,test,client_2,0,72,71,143,True,0.5764866979655713
SIDER,fedavg_proto,0.5,0,15,200,16,16,0.1,test,client_2,1,105,38,143,True,0.5235588972431078
SIDER,fedavg_proto,0.5,0,15,200,16,16,0.1,test,client_2,2,5,138,143,True,0.5521739130434782
SIDER,fedavg_proto,0.5,0,15,200,16,16,0.1,test,client_2,3,90,53,143,True,0.5203354297693921
SIDER,fedavg_proto,0.5,0,15,200,16,16,0.1,test,client_2,4,118,25,143,True,0.531186440677966
SIDER,fedavg_proto,0.5,0,15,200,16,16,0.1,test,client_2,5,104,39,143,True,0.5192307692307692
SIDER,fedavg_proto,0.5,0,15,200,16,16,0.1,test,client_2,6,134,9,143,True,0.6359867330016584
SIDER,fedavg_proto,0.5,0,15,200,16,16,0.1,test,client_2,7,24,119,143,True,0.6207983193277311
SIDER,fedavg_proto,0.5,0,15,200,16,16,0.1,test,client_2,8,91,52,143,True,0.529374471682164
SIDER,fedavg_proto,0.5,0,15,200,16,16,0.1,test,client_2,9,74,69,143,True,0.581864473168821
SIDER,fedavg_proto,0.5,0,15,200,16,16,0.1,test,client_2,10,39,104,143,True,0.6452169625246549
SIDER,fedavg_proto,0.5,0,15,200,16,16,0.1,test,client_2,11,130,13,143,True,0.5236686390532543
SIDER,fedavg_proto,0.5,0,15,200,16,16,0.1,test,client_2,12,33,110,143,True,0.6184573002754821
SIDER,fedavg_proto,0.5,0,15,200,16,16,0.1,test,client_2,13,20,123,143,True,0.6817073170731707
SIDER,fedavg_proto,0.5,0,15,200,16,16,0.1,test,client_2,14,113,30,143,True,0.5539823008849557
SIDER,fedavg_proto,0.5,0,15,200,16,16,0.1,test,client_2,15,83,60,143,True,0.5835341365461847
SIDER,fedavg_proto,0.5,0,15,200,16,16,0.1,test,client_2,16,131,12,143,True,0.6895674300254453
SIDER,fedavg_proto,0.5,0,15,200,16,16,0.1,test,client_2,17,30,113,143,True,0.5672566371681416
SIDER,fedavg_proto,0.5,0,15,200,16,16,0.1,test,client_2,18,109,34,143,True,0.5539665407447383
SIDER,fedavg_proto,0.5,0,15,200,16,16,0.1,test,client_2,19,104,39,143,True,0.5401873767258383
SIDER,fedavg_proto,0.5,0,15,200,16,16,0.1,test,client_2,20,102,41,143,True,0.5879961740793879
SIDER,fedavg_proto,0.5,0,15,200,16,16,0.1,test,client_2,21,98,45,143,True,0.590249433106576
SIDER,fedavg_proto,0.5,0,15,200,16,16,0.1,test,client_2,22,14,129,143,True,0.5968992248062015
SIDER,fedavg_proto,0.5,0,15,200,16,16,0.1,test,client_2,23,60,83,143,True,0.5078313253012048
SIDER,fedavg_proto,0.5,0,15,200,16,16,0.1,test,client_2,24,98,45,143,True,0.4376417233560091
SIDER,fedavg_proto,0.5,0,15,200,16,16,0.1,test,client_2,25,132,11,143,True,0.6983471074380165
SIDER,fedavg_proto,0.5,0,15,200,16,16,0.1,test,client_2,26,101,42,143,True,0.6188118811881187
SIDER,fedavg_proto,0.5,0,15,200,16,16,0.1,test,client_3,0,72,71,143,True,0.6111111111111112
SIDER,fedavg_proto,0.5,0,15,200,16,16,0.1,test,client_3,1,105,38,143,True,0.5932330827067669
SIDER,fedavg_proto,0.5,0,15,200,16,16,0.1,test,client_3,2,5,138,143,True,0.6101449275362318
SIDER,fedavg_proto,0.5,0,15,200,16,16,0.1,test,client_3,3,90,53,143,True,0.5538784067085953
SIDER,fedavg_proto,0.5,0,15,200,16,16,0.1,test,client_3,4,118,25,143,True,0.5969491525423729
SIDER,fedavg_proto,0.5,0,15,200,16,16,0.1,test,client_3,5,104,39,143,True,0.5803747534516766
SIDER,fedavg_proto,0.5,0,15,200,16,16,0.1,test,client_3,6,134,9,143,True,0.6898839137645109
SIDER,fedavg_proto,0.5,0,15,200,16,16,0.1,test,client_3,7,24,119,143,True,0.6624649859943977
SIDER,fedavg_proto,0.5,0,15,200,16,16,0.1,test,client_3,8,91,52,143,True,0.5467032967032968
SIDER,fedavg_proto,0.5,0,15,200,16,16,0.1,test,client_3,9,74,69,143,True,0.6555033294163729
SIDER,fedavg_proto,0.5,0,15,200,16,16,0.1,test,client_3,10,39,104,143,True,0.6614891518737672
SIDER,fedavg_proto,0.5,0,15,200,16,16,0.1,test,client_3,11,130,13,143,True,0.6331360946745562
SIDER,fedavg_proto,0.5,0,15,200,16,16,0.1,test,client_3,12,33,110,143,True,0.6636363636363637
SIDER,fedavg_proto,0.5,0,15,200,16,16,0.1,test,client_3,13,20,123,143,True,0.6548780487804878
SIDER,fedavg_proto,0.5,0,15,200,16,16,0.1,test,client_3,14,113,30,143,True,0.6117994100294986
SIDER,fedavg_proto,0.5,0,15,200,16,16,0.1,test,client_3,15,83,60,143,True,0.6238955823293172
SIDER,fedavg_proto,0.5,0,15,200,16,16,0.1,test,client_3,16,131,12,143,True,0.6965648854961832
SIDER,fedavg_proto,0.5,0,15,200,16,16,0.1,test,client_3,17,30,113,143,True,0.5743362831858406
SIDER,fedavg_proto,0.5,0,15,200,16,16,0.1,test,client_3,18,109,34,143,True,0.5941716135995683
SIDER,fedavg_proto,0.5,0,15,200,16,16,0.1,test,client_3,19,104,39,143,True,0.532051282051282
SIDER,fedavg_proto,0.5,0,15,200,16,16,0.1,test,client_3,20,102,41,143,True,0.5934959349593496
SIDER,fedavg_proto,0.5,0,15,200,16,16,0.1,test,client_3,21,98,45,143,True,0.618140589569161
SIDER,fedavg_proto,0.5,0,15,200,16,16,0.1,test,client_3,22,14,129,143,True,0.6018826135105204
SIDER,fedavg_proto,0.5,0,15,200,16,16,0.1,test,client_3,23,60,83,143,True,0.5214859437751004
SIDER,fedavg_proto,0.5,0,15,200,16,16,0.1,test,client_3,24,98,45,143,True,0.5038548752834467
SIDER,fedavg_proto,0.5,0,15,200,16,16,0.1,test,client_3,25,132,11,143,True,0.6990358126721763
SIDER,fedavg_proto,0.5,0,15,200,16,16,0.1,test,client_3,26,101,42,143,True,0.5782649693540783
SIDER,fedavg_proto,0.5,0,16,200,16,16,0.1,val,server,0,76,67,143,True,0.6425765907305576
SIDER,fedavg_proto,0.5,0,16,200,16,16,0.1,val,server,1,99,44,143,True,0.6747015610651975
SIDER,fedavg_proto,0.5,0,16,200,16,16,0.1,val,server,2,2,141,143,True,0.7482269503546098
SIDER,fedavg_proto,0.5,0,16,200,16,16,0.1,val,server,3,85,58,143,True,0.5987829614604462
SIDER,fedavg_proto,0.5,0,16,200,16,16,0.1,val,server,4,117,26,143,True,0.6574621959237343
SIDER,fedavg_proto,0.5,0,16,200,16,16,0.1,val,server,5,99,44,143,True,0.6076675849403123
SIDER,fedavg_proto,0.5,0,16,200,16,16,0.1,val,server,6,131,12,143,True,0.7951653944020357
SIDER,fedavg_proto,0.5,0,16,200,16,16,0.1,val,server,7,20,123,143,True,0.5804878048780487
SIDER,fedavg_proto,0.5,0,16,200,16,16,0.1,val,server,8,97,46,143,True,0.6160914388166742
SIDER,fedavg_proto,0.5,0,16,200,16,16,0.1,val,server,9,71,72,143,True,0.5770735524256652
SIDER,fedavg_proto,0.5,0,16,200,16,16,0.1,val,server,10,35,108,143,True,0.5486772486772487
SIDER,fedavg_proto,0.5,0,16,200,16,16,0.1,val,server,11,130,13,143,True,0.5076923076923077
SIDER,fedavg_proto,0.5,0,16,200,16,16,0.1,val,server,12,37,106,143,True,0.6540030596634371
SIDER,fedavg_proto,0.5,0,16,200,16,16,0.1,val,server,13,20,123,143,True,0.5841463414634147
SIDER,fedavg_proto,0.5,0,16,200,16,16,0.1,val,server,14,107,36,143,True,0.5804776739356178
SIDER,fedavg_proto,0.5,0,16,200,16,16,0.1,val,server,15,94,49,143,True,0.7333912288319584
SIDER,fedavg_proto,0.5,0,16,200,16,16,0.1,val,server,16,129,14,143,True,0.602436323366556
SIDER,fedavg_proto,0.5,0,16,200,16,16,0.1,val,server,17,20,123,143,True,0.4955284552845528
SIDER,fedavg_proto,0.5,0,16,200,16,16,0.1,val,server,18,104,39,143,True,0.550542406311637
SIDER,fedavg_proto,0.5,0,16,200,16,16,0.1,val,server,19,103,40,143,True,0.5856796116504854
SIDER,fedavg_proto,0.5,0,16,200,16,16,0.1,val,server,20,102,41,143,True,0.5373027259684362
SIDER,fedavg_proto,0.5,0,16,200,16,16,0.1,val,server,21,98,45,143,True,0.6337868480725624
SIDER,fedavg_proto,0.5,0,16,200,16,16,0.1,val,server,22,10,133,143,True,0.5759398496240602
SIDER,fedavg_proto,0.5,0,16,200,16,16,0.1,val,server,23,64,79,143,True,0.5098892405063291
SIDER,fedavg_proto,0.5,0,16,200,16,16,0.1,val,server,24,104,39,143,True,0.6000986193293885
SIDER,fedavg_proto,0.5,0,16,200,16,16,0.1,val,server,25,134,9,143,True,0.6940298507462687
SIDER,fedavg_proto,0.5,0,16,200,16,16,0.1,val,server,26,95,48,143,True,0.6109649122807018
SIDER,fedavg_proto,0.5,0,16,200,16,16,0.1,val,client_0,0,76,67,143,True,0.6504320502749411
SIDER,fedavg_proto,0.5,0,16,200,16,16,0.1,val,client_0,1,99,44,143,True,0.6707988980716254
SIDER,fedavg_proto,0.5,0,16,200,16,16,0.1,val,client_0,2,2,141,143,True,0.8262411347517731
SIDER,fedavg_proto,0.5,0,16,200,16,16,0.1,val,client_0,3,85,58,143,True,0.5671399594320486
SIDER,fedavg_proto,0.5,0,16,200,16,16,0.1,val,client_0,4,117,26,143,True,0.7268244575936883
SIDER,fedavg_proto,0.5,0,16,200,16,16,0.1,val,client_0,5,99,44,143,True,0.6774563820018364
SIDER,fedavg_proto,0.5,0,16,200,16,16,0.1,val,client_0,6,131,12,143,True,0.818702290076336
SIDER,fedavg_proto,0.5,0,16,200,16,16,0.1,val,client_0,7,20,123,143,True,0.5508130081300813
SIDER,fedavg_proto,0.5,0,16,200,16,16,0.1,val,client_0,8,97,46,143,True,0.618556701030928
SIDER,fedavg_proto,0.5,0,16,200,16,16,0.1,val,client_0,9,71,72,143,True,0.5698356807511737
SIDER,fedavg_proto,0.5,0,16,200,16,16,0.1,val,client_0,10,35,108,143,True,0.5716931216931216
SIDER,fedavg_proto,0.5,0,16,200,16,16,0.1,val,client_0,11,130,13,143,True,0.5828402366863905
SIDER,fedavg_proto,0.5,0,16,200,16,16,0.1,val,client_0,12,37,106,143,True,0.681030086690464
SIDER,fedavg_proto,0.5,0,16,200,16,16,0.1,val,client_0,13,20,123,143,True,0.6353658536585366
SIDER,fedavg_proto,0.5,0,16,200,16,16,0.1,val,client_0,14,107,36,143,True,0.589563862928349
SIDER,fedavg_proto,0.5,0,16,200,16,16,0.1,val,client_0,15,94,49,143,True,0.7040816326530613
SIDER,fedavg_proto,0.5,0,16,200,16,16,0.1,val,client_0,16,129,14,143,True,0.6888150609080842
SIDER,fedavg_proto,0.5,0,16,200,16,16,0.1,val,client_0,17,20,123,143,True,0.5443089430894308
SIDER,fedavg_proto,0.5,0,16,200,16,16,0.1,val,client_0,18,104,39,143,True,0.5581854043392505
SIDER,fedavg_proto,0.5,0,16,200,16,16,0.1,val,client_0,19,103,40,143,True,0.6402912621359224
SIDER,fedavg_proto,0.5,0,16,200,16,16,0.1,val,client_0,20,102,41,143,True,0.6594930655188904
SIDER,fedavg_proto,0.5,0,16,200,16,16,0.1,val,client_0,21,98,45,143,True,0.6510204081632653
SIDER,fedavg_proto,0.5,0,16,200,16,16,0.1,val,client_0,22,10,133,143,True,0.5932330827067669
SIDER,fedavg_proto,0.5,0,16,200,16,16,0.1,val,client_0,23,64,79,143,True,0.5625
SIDER,fedavg_proto,0.5,0,16,200,16,16,0.1,val,client_0,24,104,39,143,True,0.6205621301775148
SIDER,fedavg_proto,0.5,0,16,200,16,16,0.1,val,client_0,25,134,9,143,True,0.7678275290215588
SIDER,fedavg_proto,0.5,0,16,200,16,16,0.1,val,client_0,26,95,48,143,True,0.6521929824561403
SIDER,fedavg_proto,0.5,0,16,200,16,16,0.1,val,client_1,0,76,67,143,True,0.6270620581304006
SIDER,fedavg_proto,0.5,0,16,200,16,16,0.1,val,client_1,1,99,44,143,True,0.6140955004591369
SIDER,fedavg_proto,0.5,0,16,200,16,16,0.1,val,client_1,2,2,141,143,True,0.6950354609929078
SIDER,fedavg_proto,0.5,0,16,200,16,16,0.1,val,client_1,3,85,58,143,True,0.6255578093306288
SIDER,fedavg_proto,0.5,0,16,200,16,16,0.1,val,client_1,4,117,26,143,True,0.5982905982905983
SIDER,fedavg_proto,0.5,0,16,200,16,16,0.1,val,client_1,5,99,44,143,True,0.5516528925619835
SIDER,fedavg_proto,0.5,0,16,200,16,16,0.1,val,client_1,6,131,12,143,True,0.7690839694656488
SIDER,fedavg_proto,0.5,0,16,200,16,16,0.1,val,client_1,7,20,123,143,True,0.5434959349593497
SIDER,fedavg_proto,0.5,0,16,200,16,16,0.1,val,client_1,8,97,46,143,True,0.5972658000896459
SIDER,fedavg_proto,0.5,0,16,200,16,16,0.1,val,client_1,9,71,72,143,True,0.6028951486697965
SIDER,fedavg_proto,0.5,0,16,200,16,16,0.1,val,client_1,10,35,108,143,True,0.5275132275132275
SIDER,fedavg_proto,0.5,0,16,200,16,16,0.1,val,client_1,11,130,13,143,True,0.5751479289940828
SIDER,fedavg_proto,0.5,0,16,200,16,16,0.1,val,client_1,12,37,106,143,True,0.5889852116267211
SIDER,fedavg_proto,0.5,0,16,200,16,16,0.1,val,client_1,13,20,123,143,True,0.5776422764227642
SIDER,fedavg_proto,0.5,0,16,200,16,16,0.1,val,client_1,14,107,36,143,True,0.5186915887850467
SIDER,fedavg_proto,0.5,0,16,200,16,16,0.1,val,client_1,15,94,49,143,True,0.7101606600086844
SIDER,fedavg_proto,0.5,0,16,200,16,16,0.1,val,client_1,16,129,14,143,True,0.6218161683277963
SIDER,fedavg_proto,0.5,0,16,200,16,16,0.1,val,client_1,17,20,123,143,True,0.4849593495934959
SIDER,fedavg_proto,0.5,0,16,200,16,16,0.1,val,client_1,18,104,39,143,True,0.4640039447731755
SIDER,fedavg_proto,0.5,0,16,200,16,16,0.1,val,client_1,19,103,40,143,True,0.5434466019417475
SIDER,fedavg_proto,0.5,0,16,200,16,16,0.1,val,client_1,20,102,41,143,True,0.5841702534672405
SIDER,fedavg_proto,0.5,0,16,200,16,16,0.1,val,client_1,21,98,45,143,True,0.6321995464852608
SIDER,fedavg_proto,0.5,0,16,200,16,16,0.1,val,client_1,22,10,133,143,True,0.543609022556391
SIDER,fedavg_proto,0.5,0,16,200,16,16,0.1,val,client_1,23,64,79,143,True,0.5278876582278481
SIDER,fedavg_proto,0.5,0,16,200,16,16,0.1,val,client_1,24,104,39,143,True,0.5759368836291914
SIDER,fedavg_proto,0.5,0,16,200,16,16,0.1,val,client_1,25,134,9,143,True,0.7943615257048092
SIDER,fedavg_proto,0.5,0,16,200,16,16,0.1,val,client_1,26,95,48,143,True,0.5666666666666667
SIDER,fedavg_proto,0.5,0,16,200,16,16,0.1,val,client_2,0,76,67,143,True,0.5398664571877454
SIDER,fedavg_proto,0.5,0,16,200,16,16,0.1,val,client_2,1,99,44,143,True,0.6003213957759412
SIDER,fedavg_proto,0.5,0,16,200,16,16,0.1,val,client_2,2,2,141,143,True,0.8333333333333334
SIDER,fedavg_proto,0.5,0,16,200,16,16,0.1,val,client_2,3,85,58,143,True,0.5640973630831643
SIDER,fedavg_proto,0.5,0,16,200,16,16,0.1,val,client_2,4,117,26,143,True,0.5161078238001315
SIDER,fedavg_proto,0.5,0,16,200,16,16,0.1,val,client_2,5,99,44,143,True,0.5720844811753903
SIDER,fedavg_proto,0.5,0,16,200,16,16,0.1,val,client_2,6,131,12,143,True,0.7283715012722647
SIDER,fedavg_proto,0.5,0,16,200,16,16,0.1,val,client_2,7,20,123,143,True,0.5227642276422764
SIDER,fedavg_proto,0.5,0,16,200,16,16,0.1,val,client_2,8,97,46,143,True,0.5661138502913491
SIDER,fedavg_proto,0.5,0,16,200,16,16,0.1,val,client_2,9,71,72,143,True,0.5766823161189358
SIDER,fedavg_proto,0.5,0,16,200,16,16,0.1,val,client_2,10,35,108,143,True,0.5386243386243387
SIDER,fedavg_proto,0.5,0,16,200,16,16,0.1,val,client_2,11,130,13,143,True,0.45739644970414195
SIDER,fedavg_proto,0.5,0,16,200,16,16,0.1,val,client_2,12,37,106,143,True,0.6221315655277919
SIDER,fedavg_proto,0.5,0,16,200,16,16,0.1,val,client_2,13,20,123,143,True,0.5800813008130082
SIDER,fedavg_proto,0.5,0,16,200,16,16,0.1,val,client_2,14,107,36,143,True,0.495846313603323
SIDER,fedavg_proto,0.5,0,16,200,16,16,0.1,val,client_2,15,94,49,143,True,0.6380807642205818
SIDER,fedavg_proto,0.5,0,16,200,16,16,0.1,val,client_2,16,129,14,143,True,0.5387596899224807
SIDER,fedavg_proto,0.5,0,16,200,16,16,0.1,val,client_2,17,20,123,143,True,0.46422764227642277
SIDER,fedavg_proto,0.5,0,16,200,16,16,0.1,val,client_2,18,104,39,143,True,0.5014792899408285
SIDER,fedavg_proto,0.5,0,16,200,16,16,0.1,val,client_2,19,103,40,143,True,0.5269417475728155
SIDER,fedavg_proto,0.5,0,16,200,16,16,0.1,val,client_2,20,102,41,143,True,0.47919655667144906
SIDER,fedavg_proto,0.5,0,16,200,16,16,0.1,val,client_2,21,98,45,143,True,0.5981859410430839
SIDER,fedavg_proto,0.5,0,16,200,16,16,0.1,val,client_2,22,10,133,143,True,0.5736842105263158
SIDER,fedavg_proto,0.5,0,16,200,16,16,0.1,val,client_2,23,64,79,143,True,0.5298655063291139
SIDER,fedavg_proto,0.5,0,16,200,16,16,0.1,val,client_2,24,104,39,143,True,0.5848126232741617
SIDER,fedavg_proto,0.5,0,16,200,16,16,0.1,val,client_2,25,134,9,143,True,0.554726368159204
SIDER,fedavg_proto,0.5,0,16,200,16,16,0.1,val,client_2,26,95,48,143,True,0.5456140350877193
SIDER,fedavg_proto,0.5,0,16,200,16,16,0.1,val,client_3,0,76,67,143,True,0.6135113904163394
SIDER,fedavg_proto,0.5,0,16,200,16,16,0.1,val,client_3,1,99,44,143,True,0.6402662993572085
SIDER,fedavg_proto,0.5,0,16,200,16,16,0.1,val,client_3,2,2,141,143,True,0.8936170212765957
SIDER,fedavg_proto,0.5,0,16,200,16,16,0.1,val,client_3,3,85,58,143,True,0.556997971602434
SIDER,fedavg_proto,0.5,0,16,200,16,16,0.1,val,client_3,4,117,26,143,True,0.6538461538461539
SIDER,fedavg_proto,0.5,0,16,200,16,16,0.1,val,client_3,5,99,44,143,True,0.5851698806244261
SIDER,fedavg_proto,0.5,0,16,200,16,16,0.1,val,client_3,6,131,12,143,True,0.77735368956743
SIDER,fedavg_proto,0.5,0,16,200,16,16,0.1,val,client_3,7,20,123,143,True,0.5918699186991869
SIDER,fedavg_proto,0.5,0,16,200,16,16,0.1,val,client_3,8,97,46,143,True,0.6075750784401615
SIDER,fedavg_proto,0.5,0,16,200,16,16,0.1,val,client_3,9,71,72,143,True,0.5860719874804381
SIDER,fedavg_proto,0.5,0,16,200,16,16,0.1,val,client_3,10,35,108,143,True,0.614021164021164
SIDER,fedavg_proto,0.5,0,16,200,16,16,0.1,val,client_3,11,130,13,143,True,0.4680473372781065
SIDER,fedavg_proto,0.5,0,16,200,16,16,0.1,val,client_3,12,37,106,143,True,0.6782253952065272
SIDER,fedavg_proto,0.5,0,16,200,16,16,0.1,val,client_3,13,20,123,143,True,0.5821138211382114
SIDER,fedavg_proto,0.5,0,16,200,16,16,0.1,val,client_3,14,107,36,143,True,0.5809968847352025
SIDER,fedavg_proto,0.5,0,16,200,16,16,0.1,val,client_3,15,94,49,143,True,0.6854103343465044
SIDER,fedavg_proto,0.5,0,16,200,16,16,0.1,val,client_3,16,129,14,143,True,0.5542635658914729
SIDER,fedavg_proto,0.5,0,16,200,16,16,0.1,val,client_3,17,20,123,143,True,0.5459349593495935
SIDER,fedavg_proto,0.5,0,16,200,16,16,0.1,val,client_3,18,104,39,143,True,0.581360946745562
SIDER,fedavg_proto,0.5,0,16,200,16,16,0.1,val,client_3,19,103,40,143,True,0.5684466019417476
SIDER,fedavg_proto,0.5,0,16,200,16,16,0.1,val,client_3,20,102,41,143,True,0.5107604017216643
SIDER,fedavg_proto,0.5,0,16,200,16,16,0.1,val,client_3,21,98,45,143,True,0.6131519274376417
SIDER,fedavg_proto,0.5,0,16,200,16,16,0.1,val,client_3,22,10,133,143,True,0.6165413533834587
SIDER,fedavg_proto,0.5,0,16,200,16,16,0.1,val,client_3,23,64,79,143,True,0.48655063291139244
SIDER,fedavg_proto,0.5,0,16,200,16,16,0.1,val,client_3,24,104,39,143,True,0.562130177514793
SIDER,fedavg_proto,0.5,0,16,200,16,16,0.1,val,client_3,25,134,9,143,True,0.6268656716417911
SIDER,fedavg_proto,0.5,0,16,200,16,16,0.1,val,client_3,26,95,48,143,True,0.6089912280701755
SIDER,fedavg_proto,0.5,0,16,200,16,16,0.1,test,server,0,72,71,143,True,0.6664710485133021
SIDER,fedavg_proto,0.5,0,16,200,16,16,0.1,test,server,1,105,38,143,True,0.5979949874686717
SIDER,fedavg_proto,0.5,0,16,200,16,16,0.1,test,server,2,5,138,143,True,0.5463768115942029
SIDER,fedavg_proto,0.5,0,16,200,16,16,0.1,test,server,3,90,53,143,True,0.5450733752620545
SIDER,fedavg_proto,0.5,0,16,200,16,16,0.1,test,server,4,118,25,143,True,0.5996610169491525
SIDER,fedavg_proto,0.5,0,16,200,16,16,0.1,test,server,5,104,39,143,True,0.584319526627219
SIDER,fedavg_proto,0.5,0,16,200,16,16,0.1,test,server,6,134,9,143,True,0.6890547263681592
SIDER,fedavg_proto,0.5,0,16,200,16,16,0.1,test,server,7,24,119,143,True,0.6603641456582633
SIDER,fedavg_proto,0.5,0,16,200,16,16,0.1,test,server,8,91,52,143,True,0.5752324598478444
SIDER,fedavg_proto,0.5,0,16,200,16,16,0.1,test,server,9,74,69,143,True,0.6427732079905992
SIDER,fedavg_proto,0.5,0,16,200,16,16,0.1,test,server,10,39,104,143,True,0.6804733727810651
SIDER,fedavg_proto,0.5,0,16,200,16,16,0.1,test,server,11,130,13,143,True,0.47692307692307695
SIDER,fedavg_proto,0.5,0,16,200,16,16,0.1,test,server,12,33,110,143,True,0.6404958677685951
SIDER,fedavg_proto,0.5,0,16,200,16,16,0.1,test,server,13,20,123,143,True,0.6776422764227642
SIDER,fedavg_proto,0.5,0,16,200,16,16,0.1,test,server,14,113,30,143,True,0.5666666666666667
SIDER,fedavg_proto,0.5,0,16,200,16,16,0.1,test,server,15,83,60,143,True,0.6148594377510039
SIDER,fedavg_proto,0.5,0,16,200,16,16,0.1,test,server,16,131,12,143,True,0.648854961832061
SIDER,fedavg_proto,0.5,0,16,200,16,16,0.1,test,server,17,30,113,143,True,0.596165191740413
SIDER,fedavg_proto,0.5,0,16,200,16,16,0.1,test,server,18,109,34,143,True,0.5814894765245548
SIDER,fedavg_proto,0.5,0,16,200,16,16,0.1,test,server,19,104,39,143,True,0.5216962524654832
SIDER,fedavg_proto,0.5,0,16,200,16,16,0.1,test,server,20,102,41,143,True,0.5648015303682449
SIDER,fedavg_proto,0.5,0,16,200,16,16,0.1,test,server,21,98,45,143,True,0.6083900226757369
SIDER,fedavg_proto,0.5,0,16,200,16,16,0.1,test,server,22,14,129,143,True,0.5952380952380952
SIDER,fedavg_proto,0.5,0,16,200,16,16,0.1,test,server,23,60,83,143,True,0.48313253012048196
SIDER,fedavg_proto,0.5,0,16,200,16,16,0.1,test,server,24,98,45,143,True,0.4764172335600907
SIDER,fedavg_proto,0.5,0,16,200,16,16,0.1,test,server,25,132,11,143,True,0.7396694214876033
SIDER,fedavg_proto,0.5,0,16,200,16,16,0.1,test,server,26,101,42,143,True,0.6023102310231023
SIDER,fedavg_proto,0.5,0,16,200,16,16,0.1,test,client_0,0,72,71,143,True,0.6551251956181533
SIDER,fedavg_proto,0.5,0,16,200,16,16,0.1,test,client_0,1,105,38,143,True,0.5721804511278195
SIDER,fedavg_proto,0.5,0,16,200,16,16,0.1,test,client_0,2,5,138,143,True,0.6333333333333333
SIDER,fedavg_proto,0.5,0,16,200,16,16,0.1,test,client_0,3,90,53,143,True,0.4838574423480084
SIDER,fedavg_proto,0.5,0,16,200,16,16,0.1,test,client_0,4,118,25,143,True,0.6471186440677966
SIDER,fedavg_proto,0.5,0,16,200,16,16,0.1,test,client_0,5,104,39,143,True,0.5968934911242605
SIDER,fedavg_proto,0.5,0,16,200,16,16,0.1,test,client_0,6,134,9,143,True,0.6401326699834162
SIDER,fedavg_proto,0.5,0,16,200,16,16,0.1,test,client_0,7,24,119,143,True,0.5493697478991596
SIDER,fedavg_proto,0.5,0,16,200,16,16,0.1,test,client_0,8,91,52,143,True,0.5762890955198647
SIDER,fedavg_proto,0.5,0,16,200,16,16,0.1,test,client_0,9,74,69,143,True,0.6141793967880925
SIDER,fedavg_proto,0.5,0,16,200,16,16,0.1,test,client_0,10,39,104,143,True,0.644723865877712
SIDER,fedavg_proto,0.5,0,16,200,16,16,0.1,test,client_0,11,130,13,143,True,0.5136094674556213
SIDER,fedavg_proto,0.5,0,16,200,16,16,0.1,test,client_0,12,33,110,143,True,0.5366391184573003
SIDER,fedavg_proto,0.5,0,16,200,16,16,0.1,test,client_0,13,20,123,143,True,0.5967479674796747
SIDER,fedavg_proto,0.5,0,16,200,16,16,0.1,test,client_0,14,113,30,143,True,0.5268436578171092
SIDER,fedavg_proto,0.5,0,16,200,16,16,0.1,test,client_0,15,83,60,143,True,0.6238955823293173
SIDER,fedavg_proto,0.5,0,16,200,16,16,0.1,test,client_0,16,131,12,143,True,0.6367684478371501
SIDER,fedavg_proto,0.5,0,16,200,16,16,0.1,test,client_0,17,30,113,143,True,0.528023598820059
SIDER,fedavg_proto,0.5,0,16,200,16,16,0.1,test,client_0,18,109,34,143,True,0.5474905558553698
SIDER,fedavg_proto,0.5,0,16,200,16,16,0.1,test,client_0,19,104,39,143,True,0.491370808678501
SIDER,fedavg_proto,0.5,0,16,200,16,16,0.1,test,client_0,20,102,41,143,True,0.5480631276901003
SIDER,fedavg_proto,0.5,0,16,200,16,16,0.1,test,client_0,21,98,45,143,True,0.5895691609977325
SIDER,fedavg_proto,0.5,0,16,200,16,16,0.1,test,client_0,22,14,129,143,True,0.4839424141749723
SIDER,fedavg_proto,0.5,0,16,200,16,16,0.1,test,client_0,23,60,83,143,True,0.4532128514056225
SIDER,fedavg_proto,0.5,0,16,200,16,16,0.1,test,client_0,24,98,45,143,True,0.45691609977324266
SIDER,fedavg_proto,0.5,0,16,200,16,16,0.1,test,client_0,25,132,11,143,True,0.6866391184573002
SIDER,fedavg_proto,0.5,0,16,200,16,16,0.1,test,client_0,26,101,42,143,True,0.57991513437058
SIDER,fedavg_proto,0.5,0,16,200,16,16,0.1,test,client_1,0,72,71,143,True,0.6240219092331769
SIDER,fedavg_proto,0.5,0,16,200,16,16,0.1,test,client_1,1,105,38,143,True,0.6245614035087719
SIDER,fedavg_proto,0.5,0,16,200,16,16,0.1,test,client_1,2,5,138,143,True,0.5768115942028985
SIDER,fedavg_proto,0.5,0,16,200,16,16,0.1,test,client_1,3,90,53,143,True,0.5368972746331236
SIDER,fedavg_proto,0.5,0,16,200,16,16,0.1,test,client_1,4,118,25,143,True,0.5542372881355933
SIDER,fedavg_proto,0.5,0,16,200,16,16,0.1,test,client_1,5,104,39,143,True,0.5623767258382643
SIDER,fedavg_proto,0.5,0,16,200,16,16,0.1,test,client_1,6,134,9,143,True,0.631011608623549
SIDER,fedavg_proto,0.5,0,16,200,16,16,0.1,test,client_1,7,24,119,143,True,0.6593137254901961
SIDER,fedavg_proto,0.5,0,16,200,16,16,0.1,test,client_1,8,91,52,143,True,0.6060862214708368
SIDER,fedavg_proto,0.5,0,16,200,16,16,0.1,test,client_1,9,74,69,143,True,0.6934978456717587
SIDER,fedavg_proto,0.5,0,16,200,16,16,0.1,test,client_1,10,39,104,143,True,0.6351084812623274
SIDER,fedavg_proto,0.5,0,16,200,16,16,0.1,test,client_1,11,130,13,143,True,0.42544378698224855
SIDER,fedavg_proto,0.5,0,16,200,16,16,0.1,test,client_1,12,33,110,143,True,0.6741046831955924
SIDER,fedavg_proto,0.5,0,16,200,16,16,0.1,test,client_1,13,20,123,143,True,0.6764227642276422
SIDER,fedavg_proto,0.5,0,16,200,16,16,0.1,test,client_1,14,113,30,143,True,0.5651917404129794
SIDER,fedavg_proto,0.5,0,16,200,16,16,0.1,test,client_1,15,83,60,143,True,0.586144578313253
SIDER,fedavg_proto,0.5,0,16,200,16,16,0.1,test,client_1,16,131,12,143,True,0.529262086513995
SIDER,fedavg_proto,0.5,0,16,200,16,16,0.1,test,client_1,17,30,113,143,True,0.5949852507374631
SIDER,fedavg_proto,0.5,0,16,200,16,16,0.1,test,client_1,18,109,34,143,True,0.572584997301673
SIDER,fedavg_proto,0.5,0,16,200,16,16,0.1,test,client_1,19,104,39,143,True,0.5305719921104537
SIDER,fedavg_proto,0.5,0,16,200,16,16,0.1,test,client_1,20,102,41,143,True,0.6032998565279769
SIDER,fedavg_proto,0.5,0,16,200,16,16,0.1,test,client_1,21,98,45,143,True,0.571201814058957
SIDER,fedavg_proto,0.5,0,16,200,16,16,0.1,test,client_1,22,14,129,143,True,0.6423034330011075
SIDER,fedavg_proto,0.5,0,16,200,16,16,0.1,test,client_1,23,60,83,143,True,0.49939759036144576
SIDER,fedavg_proto,0.5,0,16,200,16,16,0.1,test,client_1,24,98,45,143,True,0.49954648526077106
SIDER,fedavg_proto,0.5,0,16,200,16,16,0.1,test,client_1,25,132,11,143,True,0.7334710743801653
SIDER,fedavg_proto,0.5,0,16,200,16,16,0.1,test,client_1,26,101,42,143,True,0.5820367751060821
SIDER,fedavg_proto,0.5,0,16,200,16,16,0.1,test,client_2,0,72,71,143,True,0.5518388106416275
SIDER,fedavg_proto,0.5,0,16,200,16,16,0.1,test,client_2,1,105,38,143,True,0.5288220551378446
SIDER,fedavg_proto,0.5,0,16,200,16,16,0.1,test,client_2,2,5,138,143,True,0.5565217391304347
SIDER,fedavg_proto,0.5,0,16,200,16,16,0.1,test,client_2,3,90,53,143,True,0.5230607966457023
SIDER,fedavg_proto,0.5,0,16,200,16,16,0.1,test,client_2,4,118,25,143,True,0.48033898305084743
SIDER,fedavg_proto,0.5,0,16,200,16,16,0.1,test,client_2,5,104,39,143,True,0.5108481262327416
SIDER,fedavg_proto,0.5,0,16,200,16,16,0.1,test,client_2,6,134,9,143,True,0.6144278606965174
SIDER,fedavg_proto,0.5,0,16,200,16,16,0.1,test,client_2,7,24,119,143,True,0.6109943977591036
SIDER,fedavg_proto,0.5,0,16,200,16,16,0.1,test,client_2,8,91,52,143,True,0.5291631445477599
SIDER,fedavg_proto,0.5,0,16,200,16,16,0.1,test,client_2,9,74,69,143,True,0.5475910693301997
SIDER,fedavg_proto,0.5,0,16,200,16,16,0.1,test,client_2,10,39,104,143,True,0.6227810650887573
SIDER,fedavg_proto,0.5,0,16,200,16,16,0.1,test,client_2,11,130,13,143,True,0.3875739644970414
SIDER,fedavg_proto,0.5,0,16,200,16,16,0.1,test,client_2,12,33,110,143,True,0.622038567493113
SIDER,fedavg_proto,0.5,0,16,200,16,16,0.1,test,client_2,13,20,123,143,True,0.6577235772357723
SIDER,fedavg_proto,0.5,0,16,200,16,16,0.1,test,client_2,14,113,30,143,True,0.4855457227138643
SIDER,fedavg_proto,0.5,0,16,200,16,16,0.1,test,client_2,15,83,60,143,True,0.5427710843373494
SIDER,fedavg_proto,0.5,0,16,200,16,16,0.1,test,client_2,16,131,12,143,True,0.5884223918575064
SIDER,fedavg_proto,0.5,0,16,200,16,16,0.1,test,client_2,17,30,113,143,True,0.5778761061946902
SIDER,fedavg_proto,0.5,0,16,200,16,16,0.1,test,client_2,18,109,34,143,True,0.5167296276308689
SIDER,fedavg_proto,0.5,0,16,200,16,16,0.1,test,client_2,19,104,39,143,True,0.5261341222879684
SIDER,fedavg_proto,0.5,0,16,200,16,16,0.1,test,client_2,20,102,41,143,True,0.5581061692969871
SIDER,fedavg_proto,0.5,0,16,200,16,16,0.1,test,client_2,21,98,45,143,True,0.6022675736961453
SIDER,fedavg_proto,0.5,0,16,200,16,16,0.1,test,client_2,22,14,129,143,True,0.5797342192691031
SIDER,fedavg_proto,0.5,0,16,200,16,16,0.1,test,client_2,23,60,83,143,True,0.5052208835341365
SIDER,fedavg_proto,0.5,0,16,200,16,16,0.1,test,client_2,24,98,45,143,True,0.41315192743764173
SIDER,fedavg_proto,0.5,0,16,200,16,16,0.1,test,client_2,25,132,11,143,True,0.6769972451790633
SIDER,fedavg_proto,0.5,0,16,200,16,16,0.1,test,client_2,26,101,42,143,True,0.5565770862800566
SIDER,fedavg_proto,0.5,0,16,200,16,16,0.1,test,client_3,0,72,71,143,True,0.6070031298904539
SIDER,fedavg_proto,0.5,0,16,200,16,16,0.1,test,client_3,1,105,38,143,True,0.600751879699248
SIDER,fedavg_proto,0.5,0,16,200,16,16,0.1,test,client_3,2,5,138,143,True,0.5985507246376811
SIDER,fedavg_proto,0.5,0,16,200,16,16,0.1,test,client_3,3,90,53,143,True,0.5614255765199162
SIDER,fedavg_proto,0.5,0,16,200,16,16,0.1,test,client_3,4,118,25,143,True,0.5901694915254238
SIDER,fedavg_proto,0.5,0,16,200,16,16,0.1,test,client_3,5,104,39,143,True,0.5761834319526628
SIDER,fedavg_proto,0.5,0,16,200,16,16,0.1,test,client_3,6,134,9,143,True,0.6733001658374792
SIDER,fedavg_proto,0.5,0,16,200,16,16,0.1,test,client_3,7,24,119,143,True,0.6547619047619048
SIDER,fedavg_proto,0.5,0,16,200,16,16,0.1,test,client_3,8,91,52,143,True,0.5390955198647506
SIDER,fedavg_proto,0.5,0,16,200,16,16,0.1,test,client_3,9,74,69,143,True,0.6609870740305522
SIDER,fedavg_proto,0.5,0,16,200,16,16,0.1,test,client_3,10,39,104,143,True,0.6264792899408284
SIDER,fedavg_proto,0.5,0,16,200,16,16,0.1,test,client_3,11,130,13,143,True,0.6124260355029586
SIDER,fedavg_proto,0.5,0,16,200,16,16,0.1,test,client_3,12,33,110,143,True,0.6619834710743802
SIDER,fedavg_proto,0.5,0,16,200,16,16,0.1,test,client_3,13,20,123,143,True,0.666260162601626
SIDER,fedavg_proto,0.5,0,16,200,16,16,0.1,test,client_3,14,113,30,143,True,0.6274336283185841
SIDER,fedavg_proto,0.5,0,16,200,16,16,0.1,test,client_3,15,83,60,143,True,0.6365461847389557
SIDER,fedavg_proto,0.5,0,16,200,16,16,0.1,test,client_3,16,131,12,143,True,0.6889312977099237
SIDER,fedavg_proto,0.5,0,16,200,16,16,0.1,test,client_3,17,30,113,143,True,0.5805309734513274
SIDER,fedavg_proto,0.5,0,16,200,16,16,0.1,test,client_3,18,109,34,143,True,0.5998381003777659
SIDER,fedavg_proto,0.5,0,16,200,16,16,0.1,test,client_3,19,104,39,143,True,0.5532544378698225
SIDER,fedavg_proto,0.5,0,16,200,16,16,0.1,test,client_3,20,102,41,143,True,0.5755619320899091
SIDER,fedavg_proto,0.5,0,16,200,16,16,0.1,test,client_3,21,98,45,143,True,0.6310657596371883
SIDER,fedavg_proto,0.5,0,16,200,16,16,0.1,test,client_3,22,14,129,143,True,0.610188261351052
SIDER,fedavg_proto,0.5,0,16,200,16,16,0.1,test,client_3,23,60,83,143,True,0.5198795180722892
SIDER,fedavg_proto,0.5,0,16,200,16,16,0.1,test,client_3,24,98,45,143,True,0.5278911564625851
SIDER,fedavg_proto,0.5,0,16,200,16,16,0.1,test,client_3,25,132,11,143,True,0.6535812672176309
SIDER,fedavg_proto,0.5,0,16,200,16,16,0.1,test,client_3,26,101,42,143,True,0.5886374351720887
SIDER,fedavg_proto,0.5,0,17,200,16,16,0.1,val,server,0,76,67,143,True,0.6470934799685781
SIDER,fedavg_proto,0.5,0,17,200,16,16,0.1,val,server,1,99,44,143,True,0.6974288337924701
SIDER,fedavg_proto,0.5,0,17,200,16,16,0.1,val,server,2,2,141,143,True,0.7446808510638298
SIDER,fedavg_proto,0.5,0,17,200,16,16,0.1,val,server,3,85,58,143,True,0.634077079107505
SIDER,fedavg_proto,0.5,0,17,200,16,16,0.1,val,server,4,117,26,143,True,0.6844181459566074
SIDER,fedavg_proto,0.5,0,17,200,16,16,0.1,val,server,5,99,44,143,True,0.6198347107438017
SIDER,fedavg_proto,0.5,0,17,200,16,16,0.1,val,server,6,131,12,143,True,0.7989821882951654
SIDER,fedavg_proto,0.5,0,17,200,16,16,0.1,val,server,7,20,123,143,True,0.5869918699186992
SIDER,fedavg_proto,0.5,0,17,200,16,16,0.1,val,server,8,97,46,143,True,0.6364858807709547
SIDER,fedavg_proto,0.5,0,17,200,16,16,0.1,val,server,9,71,72,143,True,0.5976134585289514
SIDER,fedavg_proto,0.5,0,17,200,16,16,0.1,val,server,10,35,108,143,True,0.5629629629629629
SIDER,fedavg_proto,0.5,0,17,200,16,16,0.1,val,server,11,130,13,143,True,0.5520710059171597
SIDER,fedavg_proto,0.5,0,17,200,16,16,0.1,val,server,12,37,106,143,True,0.6573176950535442
SIDER,fedavg_proto,0.5,0,17,200,16,16,0.1,val,server,13,20,123,143,True,0.6024390243902438
SIDER,fedavg_proto,0.5,0,17,200,16,16,0.1,val,server,14,107,36,143,True,0.5786604361370717
SIDER,fedavg_proto,0.5,0,17,200,16,16,0.1,val,server,15,94,49,143,True,0.7325227963525837
SIDER,fedavg_proto,0.5,0,17,200,16,16,0.1,val,server,16,129,14,143,True,0.6323366555924695
SIDER,fedavg_proto,0.5,0,17,200,16,16,0.1,val,server,17,20,123,143,True,0.5288617886178861
SIDER,fedavg_proto,0.5,0,17,200,16,16,0.1,val,server,18,104,39,143,True,0.5456114398422092
SIDER,fedavg_proto,0.5,0,17,200,16,16,0.1,val,server,19,103,40,143,True,0.608495145631068
SIDER,fedavg_proto,0.5,0,17,200,16,16,0.1,val,server,20,102,41,143,True,0.5832137733142037
SIDER,fedavg_proto,0.5,0,17,200,16,16,0.1,val,server,21,98,45,143,True,0.645124716553288
SIDER,fedavg_proto,0.5,0,17,200,16,16,0.1,val,server,22,10,133,143,True,0.6270676691729324
SIDER,fedavg_proto,0.5,0,17,200,16,16,0.1,val,server,23,64,79,143,True,0.5470727848101266
SIDER,fedavg_proto,0.5,0,17,200,16,16,0.1,val,server,24,104,39,143,True,0.6129191321499015
SIDER,fedavg_proto,0.5,0,17,200,16,16,0.1,val,server,25,134,9,143,True,0.7645107794361525
SIDER,fedavg_proto,0.5,0,17,200,16,16,0.1,val,server,26,95,48,143,True,0.6302631578947369
SIDER,fedavg_proto,0.5,0,17,200,16,16,0.1,val,client_0,0,76,67,143,True,0.6406127258444618
SIDER,fedavg_proto,0.5,0,17,200,16,16,0.1,val,client_0,1,99,44,143,True,0.6946740128558311
SIDER,fedavg_proto,0.5,0,17,200,16,16,0.1,val,client_0,2,2,141,143,True,0.7446808510638298
SIDER,fedavg_proto,0.5,0,17,200,16,16,0.1,val,client_0,3,85,58,143,True,0.5760649087221096
SIDER,fedavg_proto,0.5,0,17,200,16,16,0.1,val,client_0,4,117,26,143,True,0.7136752136752137
SIDER,fedavg_proto,0.5,0,17,200,16,16,0.1,val,client_0,5,99,44,143,True,0.69811753902663
SIDER,fedavg_proto,0.5,0,17,200,16,16,0.1,val,client_0,6,131,12,143,True,0.7983460559796437
SIDER,fedavg_proto,0.5,0,17,200,16,16,0.1,val,client_0,7,20,123,143,True,0.6154471544715447
SIDER,fedavg_proto,0.5,0,17,200,16,16,0.1,val,client_0,8,97,46,143,True,0.629986553115195
SIDER,fedavg_proto,0.5,0,17,200,16,16,0.1,val,client_0,9,71,72,143,True,0.5690532081377152
SIDER,fedavg_proto,0.5,0,17,200,16,16,0.1,val,client_0,10,35,108,143,True,0.6002645502645503
SIDER,fedavg_proto,0.5,0,17,200,16,16,0.1,val,client_0,11,130,13,143,True,0.6094674556213018
SIDER,fedavg_proto,0.5,0,17,200,16,16,0.1,val,client_0,12,37,106,143,True,0.6216216216216216
SIDER,fedavg_proto,0.5,0,17,200,16,16,0.1,val,client_0,13,20,123,143,True,0.6727642276422764
SIDER,fedavg_proto,0.5,0,17,200,16,16,0.1,val,client_0,14,107,36,143,True,0.5680166147455867
SIDER,fedavg_proto,0.5,0,17,200,16,16,0.1,val,client_0,15,94,49,143,True,0.7064698219713418
SIDER,fedavg_proto,0.5,0,17,200,16,16,0.1,val,client_0,16,129,14,143,True,0.6904761904761905
SIDER,fedavg_proto,0.5,0,17,200,16,16,0.1,val,client_0,17,20,123,143,True,0.5849593495934959
SIDER,fedavg_proto,0.5,0,17,200,16,16,0.1,val,client_0,18,104,39,143,True,0.5392011834319527
SIDER,fedavg_proto,0.5,0,17,200,16,16,0.1,val,client_0,19,103,40,143,True,0.6599514563106795
SIDER,fedavg_proto,0.5,0,17,200,16,16,0.1,val,client_0,20,102,41,143,True,0.6922525107604017
SIDER,fedavg_proto,0.5,0,17,200,16,16,0.1,val,client_0,21,98,45,143,True,0.6607709750566894
SIDER,fedavg_proto,0.5,0,17,200,16,16,0.1,val,client_0,22,10,133,143,True,0.530827067669173
SIDER,fedavg_proto,0.5,0,17,200,16,16,0.1,val,client_0,23,64,79,143,True,0.5884098101265823
SIDER,fedavg_proto,0.5,0,17,200,16,16,0.1,val,client_0,24,104,39,143,True,0.6291913214990138
SIDER,fedavg_proto,0.5,0,17,200,16,16,0.1,val,client_0,25,134,9,143,True,0.8159203980099503
SIDER,fedavg_proto,0.5,0,17,200,16,16,0.1,val,client_0,26,95,48,143,True,0.6364035087719299
SIDER,fedavg_proto,0.5,0,17,200,16,16,0.1,val,client_1,0,76,67,143,True,0.6392380204241949
SIDER,fedavg_proto,0.5,0,17,200,16,16,0.1,val,client_1,1,99,44,143,True,0.6443985307621671
SIDER,fedavg_proto,0.5,0,17,200,16,16,0.1,val,client_1,2,2,141,143,True,0.6950354609929078
SIDER,fedavg_proto,0.5,0,17,200,16,16,0.1,val,client_1,3,85,58,143,True,0.639553752535497
SIDER,fedavg_proto,0.5,0,17,200,16,16,0.1,val,client_1,4,117,26,143,True,0.6232741617357002
SIDER,fedavg_proto,0.5,0,17,200,16,16,0.1,val,client_1,5,99,44,143,True,0.5615243342516071
SIDER,fedavg_proto,0.5,0,17,200,16,16,0.1,val,client_1,6,131,12,143,True,0.7525445292620866
SIDER,fedavg_proto,0.5,0,17,200,16,16,0.1,val,client_1,7,20,123,143,True,0.5337398373983739
SIDER,fedavg_proto,0.5,0,17,200,16,16,0.1,val,client_1,8,97,46,143,True,0.5939040788883908
SIDER,fedavg_proto,0.5,0,17,200,16,16,0.1,val,client_1,9,71,72,143,True,0.6046557120500782
SIDER,fedavg_proto,0.5,0,17,200,16,16,0.1,val,client_1,10,35,108,143,True,0.5441798941798942
SIDER,fedavg_proto,0.5,0,17,200,16,16,0.1,val,client_1,11,130,13,143,True,0.5911242603550295
SIDER,fedavg_proto,0.5,0,17,200,16,16,0.1,val,client_1,12,37,106,143,True,0.5680775114737379
SIDER,fedavg_proto,0.5,0,17,200,16,16,0.1,val,client_1,13,20,123,143,True,0.5784552845528455
SIDER,fedavg_proto,0.5,0,17,200,16,16,0.1,val,client_1,14,107,36,143,True,0.5467289719626168
SIDER,fedavg_proto,0.5,0,17,200,16,16,0.1,val,client_1,15,94,49,143,True,0.6877985236647851
SIDER,fedavg_proto,0.5,0,17,200,16,16,0.1,val,client_1,16,129,14,143,True,0.6162790697674418
SIDER,fedavg_proto,0.5,0,17,200,16,16,0.1,val,client_1,17,20,123,143,True,0.4951219512195122
SIDER,fedavg_proto,0.5,0,17,200,16,16,0.1,val,client_1,18,104,39,143,True,0.48767258382643003
SIDER,fedavg_proto,0.5,0,17,200,16,16,0.1,val,client_1,19,103,40,143,True,0.5660194174757281
SIDER,fedavg_proto,0.5,0,17,200,16,16,0.1,val,client_1,20,102,41,143,True,0.5887135341941654
SIDER,fedavg_proto,0.5,0,17,200,16,16,0.1,val,client_1,21,98,45,143,True,0.6263038548752834
SIDER,fedavg_proto,0.5,0,17,200,16,16,0.1,val,client_1,22,10,133,143,True,0.5541353383458647
SIDER,fedavg_proto,0.5,0,17,200,16,16,0.1,val,client_1,23,64,79,143,True,0.5549841772151899
SIDER,fedavg_proto,0.5,0,17,200,16,16,0.1,val,client_1,24,104,39,143,True,0.5897435897435898
SIDER,fedavg_proto,0.5,0,17,200,16,16,0.1,val,client_1,25,134,9,143,True,0.8034825870646766
SIDER,fedavg_proto,0.5,0,17,200,16,16,0.1,val,client_1,26,95,48,143,True,0.5635964912280702
SIDER,fedavg_proto,0.5,0,17,200,16,16,0.1,val,client_2,0,76,67,143,True,0.5481146897093481
SIDER,fedavg_proto,0.5,0,17,200,16,16,0.1,val,client_2,1,99,44,143,True,0.5955004591368228
SIDER,fedavg_proto,0.5,0,17,200,16,16,0.1,val,client_2,2,2,141,143,True,0.8297872340425532
SIDER,fedavg_proto,0.5,0,17,200,16,16,0.1,val,client_2,3,85,58,143,True,0.5787018255578092
SIDER,fedavg_proto,0.5,0,17,200,16,16,0.1,val,client_2,4,117,26,143,True,0.5430637738330045
SIDER,fedavg_proto,0.5,0,17,200,16,16,0.1,val,client_2,5,99,44,143,True,0.5656565656565656
SIDER,fedavg_proto,0.5,0,17,200,16,16,0.1,val,client_2,6,131,12,143,True,0.7334605597964376
SIDER,fedavg_proto,0.5,0,17,200,16,16,0.1,val,client_2,7,20,123,143,True,0.5154471544715447
SIDER,fedavg_proto,0.5,0,17,200,16,16,0.1,val,client_2,8,97,46,143,True,0.5860600627521291
SIDER,fedavg_proto,0.5,0,17,200,16,16,0.1,val,client_2,9,71,72,143,True,0.5882237871674492
SIDER,fedavg_proto,0.5,0,17,200,16,16,0.1,val,client_2,10,35,108,143,True,0.5156084656084656
SIDER,fedavg_proto,0.5,0,17,200,16,16,0.1,val,client_2,11,130,13,143,True,0.4455621301775148
SIDER,fedavg_proto,0.5,0,17,200,16,16,0.1,val,client_2,12,37,106,143,True,0.6116777154513003
SIDER,fedavg_proto,0.5,0,17,200,16,16,0.1,val,client_2,13,20,123,143,True,0.5638211382113821
SIDER,fedavg_proto,0.5,0,17,200,16,16,0.1,val,client_2,14,107,36,143,True,0.5080477673935618
SIDER,fedavg_proto,0.5,0,17,200,16,16,0.1,val,client_2,15,94,49,143,True,0.6469821971341728
SIDER,fedavg_proto,0.5,0,17,200,16,16,0.1,val,client_2,16,129,14,143,True,0.5669988925802879
SIDER,fedavg_proto,0.5,0,17,200,16,16,0.1,val,client_2,17,20,123,143,True,0.4463414634146341
SIDER,fedavg_proto,0.5,0,17,200,16,16,0.1,val,client_2,18,104,39,143,True,0.5054240631163709
SIDER,fedavg_proto,0.5,0,17,200,16,16,0.1,val,client_2,19,103,40,143,True,0.5424757281553398
SIDER,fedavg_proto,0.5,0,17,200,16,16,0.1,val,client_2,20,102,41,143,True,0.48134863701578195
SIDER,fedavg_proto,0.5,0,17,200,16,16,0.1,val,client_2,21,98,45,143,True,0.5977324263038548
SIDER,fedavg_proto,0.5,0,17,200,16,16,0.1,val,client_2,22,10,133,143,True,0.5586466165413534
SIDER,fedavg_proto,0.5,0,17,200,16,16,0.1,val,client_2,23,64,79,143,True,0.5524129746835442
SIDER,fedavg_proto,0.5,0,17,200,16,16,0.1,val,client_2,24,104,39,143,True,0.6037968441814595
SIDER,fedavg_proto,0.5,0,17,200,16,16,0.1,val,client_2,25,134,9,143,True,0.5597014925373134
SIDER,fedavg_proto,0.5,0,17,200,16,16,0.1,val,client_2,26,95,48,143,True,0.5469298245614035
SIDER,fedavg_proto,0.5,0,17,200,16,16,0.1,val,client_3,0,76,67,143,True,0.6412018853102907
SIDER,fedavg_proto,0.5,0,17,200,16,16,0.1,val,client_3,1,99,44,143,True,0.6544995408631772
SIDER,fedavg_proto,0.5,0,17,200,16,16,0.1,val,client_3,2,2,141,143,True,0.8333333333333334
SIDER,fedavg_proto,0.5,0,17,200,16,16,0.1,val,client_3,3,85,58,143,True,0.5705882352941175
SIDER,fedavg_proto,0.5,0,17,200,16,16,0.1,val,client_3,4,117,26,143,True,0.6686390532544377
SIDER,fedavg_proto,0.5,0,17,200,16,16,0.1,val,client_3,5,99,44,143,True,0.6010101010101011
SIDER,fedavg_proto,0.5,0,17,200,16,16,0.1,val,client_3,6,131,12,143,True,0.7881679389312977
SIDER,fedavg_proto,0.5,0,17,200,16,16,0.1,val,client_3,7,20,123,143,True,0.5776422764227642
SIDER,fedavg_proto,0.5,0,17,200,16,16,0.1,val,client_3,8,97,46,143,True,0.62662483191394
SIDER,fedavg_proto,0.5,0,17,200,16,16,0.1,val,client_3,9,71,72,143,True,0.6109154929577464
SIDER,fedavg_proto,0.5,0,17,200,16,16,0.1,val,client_3,10,35,108,143,True,0.6066137566137566
SIDER,fedavg_proto,0.5,0,17,200,16,16,0.1,val,client_3,11,130,13,143,True,0.5236686390532543
SIDER,fedavg_proto,0.5,0,17,200,16,16,0.1,val,client_3,12,37,106,143,True,0.661907190209077
SIDER,fedavg_proto,0.5,0,17,200,16,16,0.1,val,client_3,13,20,123,143,True,0.5939024390243902
SIDER,fedavg_proto,0.5,0,17,200,16,16,0.1,val,client_3,14,107,36,143,True,0.5809968847352025
SIDER,fedavg_proto,0.5,0,17,200,16,16,0.1,val,client_3,15,94,49,143,True,0.7042987407729048
SIDER,fedavg_proto,0.5,0,17,200,16,16,0.1,val,client_3,16,129,14,143,True,0.5653377630121816
SIDER,fedavg_proto,0.5,0,17,200,16,16,0.1,val,client_3,17,20,123,143,True,0.5609756097560975
SIDER,fedavg_proto,0.5,0,17,200,16,16,0.1,val,client_3,18,104,39,143,True,0.5902366863905325
SIDER,fedavg_proto,0.5,0,17,200,16,16,0.1,val,client_3,19,103,40,143,True,0.5893203883495146
SIDER,fedavg_proto,0.5,0,17,200,16,16,0.1,val,client_3,20,102,41,143,True,0.5365853658536586
SIDER,fedavg_proto,0.5,0,17,200,16,16,0.1,val,client_3,21,98,45,143,True,0.6292517006802721
SIDER,fedavg_proto,0.5,0,17,200,16,16,0.1,val,client_3,22,10,133,143,True,0.6330827067669174
SIDER,fedavg_proto,0.5,0,17,200,16,16,0.1,val,client_3,23,64,79,143,True,0.5007911392405063
SIDER,fedavg_proto,0.5,0,17,200,16,16,0.1,val,client_3,24,104,39,143,True,0.5687869822485208
SIDER,fedavg_proto,0.5,0,17,200,16,16,0.1,val,client_3,25,134,9,143,True,0.6674958540630183
SIDER,fedavg_proto,0.5,0,17,200,16,16,0.1,val,client_3,26,95,48,143,True,0.6379385964912281
SIDER,fedavg_proto,0.5,0,17,200,16,16,0.1,test,server,0,72,71,143,True,0.6615805946791862
SIDER,fedavg_proto,0.5,0,17,200,16,16,0.1,test,server,1,105,38,143,True,0.6330827067669174
SIDER,fedavg_proto,0.5,0,17,200,16,16,0.1,test,server,2,5,138,143,True,0.5797101449275363
SIDER,fedavg_proto,0.5,0,17,200,16,16,0.1,test,server,3,90,53,143,True,0.5406708595387841
SIDER,fedavg_proto,0.5,0,17,200,16,16,0.1,test,server,4,118,25,143,True,0.5877966101694916
SIDER,fedavg_proto,0.5,0,17,200,16,16,0.1,test,server,5,104,39,143,True,0.567800788954635
SIDER,fedavg_proto,0.5,0,17,200,16,16,0.1,test,server,6,134,9,143,True,0.654228855721393
SIDER,fedavg_proto,0.5,0,17,200,16,16,0.1,test,server,7,24,119,143,True,0.6533613445378151
SIDER,fedavg_proto,0.5,0,17,200,16,16,0.1,test,server,8,91,52,143,True,0.5750211327134404
SIDER,fedavg_proto,0.5,0,17,200,16,16,0.1,test,server,9,74,69,143,True,0.646102624363494
SIDER,fedavg_proto,0.5,0,17,200,16,16,0.1,test,server,10,39,104,143,True,0.6812130177514792
SIDER,fedavg_proto,0.5,0,17,200,16,16,0.1,test,server,11,130,13,143,True,0.48698224852071004
SIDER,fedavg_proto,0.5,0,17,200,16,16,0.1,test,server,12,33,110,143,True,0.6308539944903581
SIDER,fedavg_proto,0.5,0,17,200,16,16,0.1,test,server,13,20,123,143,True,0.6617886178861788
SIDER,fedavg_proto,0.5,0,17,200,16,16,0.1,test,server,14,113,30,143,True,0.58023598820059
SIDER,fedavg_proto,0.5,0,17,200,16,16,0.1,test,server,15,83,60,143,True,0.6178714859437752
SIDER,fedavg_proto,0.5,0,17,200,16,16,0.1,test,server,16,131,12,143,True,0.6444020356234097
SIDER,fedavg_proto,0.5,0,17,200,16,16,0.1,test,server,17,30,113,143,True,0.6117994100294986
SIDER,fedavg_proto,0.5,0,17,200,16,16,0.1,test,server,18,109,34,143,True,0.5626011872638964
SIDER,fedavg_proto,0.5,0,17,200,16,16,0.1,test,server,19,104,39,143,True,0.5125739644970414
SIDER,fedavg_proto,0.5,0,17,200,16,16,0.1,test,server,20,102,41,143,True,0.5530846484935438
SIDER,fedavg_proto,0.5,0,17,200,16,16,0.1,test,server,21,98,45,143,True,0.5950113378684807
SIDER,fedavg_proto,0.5,0,17,200,16,16,0.1,test,server,22,14,129,143,True,0.6029900332225913
SIDER,fedavg_proto,0.5,0,17,200,16,16,0.1,test,server,23,60,83,143,True,0.4831325301204819
SIDER,fedavg_proto,0.5,0,17,200,16,16,0.1,test,server,24,98,45,143,True,0.46326530612244904
SIDER,fedavg_proto,0.5,0,17,200,16,16,0.1,test,server,25,132,11,143,True,0.7341597796143251
SIDER,fedavg_proto,0.5,0,17,200,16,16,0.1,test,server,26,101,42,143,True,0.6025459688826025
SIDER,fedavg_proto,0.5,0,17,200,16,16,0.1,test,client_0,0,72,71,143,True,0.6979655712050078
SIDER,fedavg_proto,0.5,0,17,200,16,16,0.1,test,client_0,1,105,38,143,True,0.613032581453634
SIDER,fedavg_proto,0.5,0,17,200,16,16,0.1,test,client_0,2,5,138,143,True,0.7217391304347827
SIDER,fedavg_proto,0.5,0,17,200,16,16,0.1,test,client_0,3,90,53,143,True,0.5257861635220126
SIDER,fedavg_proto,0.5,0,17,200,16,16,0.1,test,client_0,4,118,25,143,True,0.6820338983050848
SIDER,fedavg_proto,0.5,0,17,200,16,16,0.1,test,client_0,5,104,39,143,True,0.602810650887574
SIDER,fedavg_proto,0.5,0,17,200,16,16,0.1,test,client_0,6,134,9,143,True,0.6094527363184079
SIDER,fedavg_proto,0.5,0,17,200,16,16,0.1,test,client_0,7,24,119,143,True,0.5689775910364145
SIDER,fedavg_proto,0.5,0,17,200,16,16,0.1,test,client_0,8,91,52,143,True,0.5477599323753171
SIDER,fedavg_proto,0.5,0,17,200,16,16,0.1,test,client_0,9,74,69,143,True,0.6045828437132785
SIDER,fedavg_proto,0.5,0,17,200,16,16,0.1,test,client_0,10,39,104,143,True,0.6659270216962525
SIDER,fedavg_proto,0.5,0,17,200,16,16,0.1,test,client_0,11,130,13,143,True,0.6023668639053255
SIDER,fedavg_proto,0.5,0,17,200,16,16,0.1,test,client_0,12,33,110,143,True,0.5887052341597796
SIDER,fedavg_proto,0.5,0,17,200,16,16,0.1,test,client_0,13,20,123,143,True,0.5589430894308943
SIDER,fedavg_proto,0.5,0,17,200,16,16,0.1,test,client_0,14,113,30,143,True,0.5247787610619469
SIDER,fedavg_proto,0.5,0,17,200,16,16,0.1,test,client_0,15,83,60,143,True,0.6773092369477912
SIDER,fedavg_proto,0.5,0,17,200,16,16,0.1,test,client_0,16,131,12,143,True,0.7054707379134861
SIDER,fedavg_proto,0.5,0,17,200,16,16,0.1,test,client_0,17,30,113,143,True,0.556047197640118
SIDER,fedavg_proto,0.5,0,17,200,16,16,0.1,test,client_0,18,109,34,143,True,0.5207771181867242
SIDER,fedavg_proto,0.5,0,17,200,16,16,0.1,test,client_0,19,104,39,143,True,0.4980276134122288
SIDER,fedavg_proto,0.5,0,17,200,16,16,0.1,test,client_0,20,102,41,143,True,0.5466284074605452
SIDER,fedavg_proto,0.5,0,17,200,16,16,0.1,test,client_0,21,98,45,143,True,0.6160997732426304
SIDER,fedavg_proto,0.5,0,17,200,16,16,0.1,test,client_0,22,14,129,143,True,0.5011074197120708
SIDER,fedavg_proto,0.5,0,17,200,16,16,0.1,test,client_0,23,60,83,143,True,0.5174698795180723
SIDER,fedavg_proto,0.5,0,17,200,16,16,0.1,test,client_0,24,98,45,143,True,0.4519274376417234
SIDER,fedavg_proto,0.5,0,17,200,16,16,0.1,test,client_0,25,132,11,143,True,0.7059228650137742
SIDER,fedavg_proto,0.5,0,17,200,16,16,0.1,test,client_0,26,101,42,143,True,0.5865157944365865
SIDER,fedavg_proto,0.5,0,17,200,16,16,0.1,test,client_1,0,72,71,143,True,0.6422143974960877
SIDER,fedavg_proto,0.5,0,17,200,16,16,0.1,test,client_1,1,105,38,143,True,0.6235588972431078
SIDER,fedavg_proto,0.5,0,17,200,16,16,0.1,test,client_1,2,5,138,143,True,0.591304347826087
SIDER,fedavg_proto,0.5,0,17,200,16,16,0.1,test,client_1,3,90,53,143,True,0.5364779874213836
SIDER,fedavg_proto,0.5,0,17,200,16,16,0.1,test,client_1,4,118,25,143,True,0.5488135593220339
SIDER,fedavg_proto,0.5,0,17,200,16,16,0.1,test,client_1,5,104,39,143,True,0.5421597633136095
SIDER,fedavg_proto,0.5,0,17,200,16,16,0.1,test,client_1,6,134,9,143,True,0.587893864013267
SIDER,fedavg_proto,0.5,0,17,200,16,16,0.1,test,client_1,7,24,119,143,True,0.678921568627451
SIDER,fedavg_proto,0.5,0,17,200,16,16,0.1,test,client_1,8,91,52,143,True,0.5826289095519865
SIDER,fedavg_proto,0.5,0,17,200,16,16,0.1,test,client_1,9,74,69,143,True,0.6825303564434
SIDER,fedavg_proto,0.5,0,17,200,16,16,0.1,test,client_1,10,39,104,143,True,0.6245069033530573
SIDER,fedavg_proto,0.5,0,17,200,16,16,0.1,test,client_1,11,130,13,143,True,0.4662721893491124
SIDER,fedavg_proto,0.5,0,17,200,16,16,0.1,test,client_1,12,33,110,143,True,0.6490358126721764
SIDER,fedavg_proto,0.5,0,17,200,16,16,0.1,test,client_1,13,20,123,143,True,0.674390243902439
SIDER,fedavg_proto,0.5,0,17,200,16,16,0.1,test,client_1,14,113,30,143,True,0.5840707964601769
SIDER,fedavg_proto,0.5,0,17,200,16,16,0.1,test,client_1,15,83,60,143,True,0.5939759036144577
SIDER,fedavg_proto,0.5,0,17,200,16,16,0.1,test,client_1,16,131,12,143,True,0.5623409669211196
SIDER,fedavg_proto,0.5,0,17,200,16,16,0.1,test,client_1,17,30,113,143,True,0.5935103244837758
SIDER,fedavg_proto,0.5,0,17,200,16,16,0.1,test,client_1,18,109,34,143,True,0.558553696708041
SIDER,fedavg_proto,0.5,0,17,200,16,16,0.1,test,client_1,19,104,39,143,True,0.5281065088757396
SIDER,fedavg_proto,0.5,0,17,200,16,16,0.1,test,client_1,20,102,41,143,True,0.5796269727403156
SIDER,fedavg_proto,0.5,0,17,200,16,16,0.1,test,client_1,21,98,45,143,True,0.5614512471655329
SIDER,fedavg_proto,0.5,0,17,200,16,16,0.1,test,client_1,22,14,129,143,True,0.6572535991140642
SIDER,fedavg_proto,0.5,0,17,200,16,16,0.1,test,client_1,23,60,83,143,True,0.5126506024096386
SIDER,fedavg_proto,0.5,0,17,200,16,16,0.1,test,client_1,24,98,45,143,True,0.4984126984126985
SIDER,fedavg_proto,0.5,0,17,200,16,16,0.1,test,client_1,25,132,11,143,True,0.7079889807162534
SIDER,fedavg_proto,0.5,0,17,200,16,16,0.1,test,client_1,26,101,42,143,True,0.6221122112211221
SIDER,fedavg_proto,0.5,0,17,200,16,16,0.1,test,client_2,0,72,71,143,True,0.5669014084507042
SIDER,fedavg_proto,0.5,0,17,200,16,16,0.1,test,client_2,1,105,38,143,True,0.557142857142857
SIDER,fedavg_proto,0.5,0,17,200,16,16,0.1,test,client_2,2,5,138,143,True,0.5753623188405796
SIDER,fedavg_proto,0.5,0,17,200,16,16,0.1,test,client_2,3,90,53,143,True,0.5008385744234801
SIDER,fedavg_proto,0.5,0,17,200,16,16,0.1,test,client_2,4,118,25,143,True,0.4915254237288136
SIDER,fedavg_proto,0.5,0,17,200,16,16,0.1,test,client_2,5,104,39,143,True,0.5207100591715976
SIDER,fedavg_proto,0.5,0,17,200,16,16,0.1,test,client_2,6,134,9,143,True,0.6194029850746269
SIDER,fedavg_proto,0.5,0,17,200,16,16,0.1,test,client_2,7,24,119,143,True,0.5948879551820728
SIDER,fedavg_proto,0.5,0,17,200,16,16,0.1,test,client_2,8,91,52,143,True,0.5323330515638208
SIDER,fedavg_proto,0.5,0,17,200,16,16,0.1,test,client_2,9,74,69,143,True,0.5299647473560517
SIDER,fedavg_proto,0.5,0,17,200,16,16,0.1,test,client_2,10,39,104,143,True,0.6198224852071006
SIDER,fedavg_proto,0.5,0,17,200,16,16,0.1,test,client_2,11,130,13,143,True,0.3745562130177515
SIDER,fedavg_proto,0.5,0,17,200,16,16,0.1,test,client_2,12,33,110,143,True,0.6055096418732783
SIDER,fedavg_proto,0.5,0,17,200,16,16,0.1,test,client_2,13,20,123,143,True,0.6154471544715447
SIDER,fedavg_proto,0.5,0,17,200,16,16,0.1,test,client_2,14,113,30,143,True,0.4814159292035398
SIDER,fedavg_proto,0.5,0,17,200,16,16,0.1,test,client_2,15,83,60,143,True,0.5554216867469879
SIDER,fedavg_proto,0.5,0,17,200,16,16,0.1,test,client_2,16,131,12,143,True,0.5547073791348601
SIDER,fedavg_proto,0.5,0,17,200,16,16,0.1,test,client_2,17,30,113,143,True,0.5728613569321535
SIDER,fedavg_proto,0.5,0,17,200,16,16,0.1,test,client_2,18,109,34,143,True,0.5051268213707502
SIDER,fedavg_proto,0.5,0,17,200,16,16,0.1,test,client_2,19,104,39,143,True,0.5009861932938856
SIDER,fedavg_proto,0.5,0,17,200,16,16,0.1,test,client_2,20,102,41,143,True,0.5444763271162123
SIDER,fedavg_proto,0.5,0,17,200,16,16,0.1,test,client_2,21,98,45,143,True,0.6120181405895692
SIDER,fedavg_proto,0.5,0,17,200,16,16,0.1,test,client_2,22,14,129,143,True,0.5575858250276855
SIDER,fedavg_proto,0.5,0,17,200,16,16,0.1,test,client_2,23,60,83,143,True,0.48253012048192767
SIDER,fedavg_proto,0.5,0,17,200,16,16,0.1,test,client_2,24,98,45,143,True,0.3886621315192744
SIDER,fedavg_proto,0.5,0,17,200,16,16,0.1,test,client_2,25,132,11,143,True,0.674931129476584
SIDER,fedavg_proto,0.5,0,17,200,16,16,0.1,test,client_2,26,101,42,143,True,0.5636492220650636
SIDER,fedavg_proto,0.5,0,17,200,16,16,0.1,test,client_3,0,72,71,143,True,0.6193270735524257
SIDER,fedavg_proto,0.5,0,17,200,16,16,0.1,test,client_3,1,105,38,143,True,0.6493734335839599
SIDER,fedavg_proto,0.5,0,17,200,16,16,0.1,test,client_3,2,5,138,143,True,0.644927536231884
SIDER,fedavg_proto,0.5,0,17,200,16,16,0.1,test,client_3,3,90,53,143,True,0.5551362683438155
SIDER,fedavg_proto,0.5,0,17,200,16,16,0.1,test,client_3,4,118,25,143,True,0.5972881355932204
SIDER,fedavg_proto,0.5,0,17,200,16,16,0.1,test,client_3,5,104,39,143,True,0.5877712031558184
SIDER,fedavg_proto,0.5,0,17,200,16,16,0.1,test,client_3,6,134,9,143,True,0.654228855721393
SIDER,fedavg_proto,0.5,0,17,200,16,16,0.1,test,client_3,7,24,119,143,True,0.6666666666666667
SIDER,fedavg_proto,0.5,0,17,200,16,16,0.1,test,client_3,8,91,52,143,True,0.5490278951817413
SIDER,fedavg_proto,0.5,0,17,200,16,16,0.1,test,client_3,9,74,69,143,True,0.6725421073247161
SIDER,fedavg_proto,0.5,0,17,200,16,16,0.1,test,client_3,10,39,104,143,True,0.6427514792899408
SIDER,fedavg_proto,0.5,0,17,200,16,16,0.1,test,client_3,11,130,13,143,True,0.627810650887574
SIDER,fedavg_proto,0.5,0,17,200,16,16,0.1,test,client_3,12,33,110,143,True,0.6553719008264464
SIDER,fedavg_proto,0.5,0,17,200,16,16,0.1,test,client_3,13,20,123,143,True,0.656910569105691
SIDER,fedavg_proto,0.5,0,17,200,16,16,0.1,test,client_3,14,113,30,143,True,0.6383480825958702
SIDER,fedavg_proto,0.5,0,17,200,16,16,0.1,test,client_3,15,83,60,143,True,0.6339357429718875
SIDER,fedavg_proto,0.5,0,17,200,16,16,0.1,test,client_3,16,131,12,143,True,0.7073791348600509
SIDER,fedavg_proto,0.5,0,17,200,16,16,0.1,test,client_3,17,30,113,143,True,0.5784660766961651
SIDER,fedavg_proto,0.5,0,17,200,16,16,0.1,test,client_3,18,109,34,143,True,0.5922827846735024
SIDER,fedavg_proto,0.5,0,17,200,16,16,0.1,test,client_3,19,104,39,143,True,0.5638560157790927
SIDER,fedavg_proto,0.5,0,17,200,16,16,0.1,test,client_3,20,102,41,143,True,0.5743663318986131
SIDER,fedavg_proto,0.5,0,17,200,16,16,0.1,test,client_3,21,98,45,143,True,0.642403628117914
SIDER,fedavg_proto,0.5,0,17,200,16,16,0.1,test,client_3,22,14,129,143,True,0.6196013289036545
SIDER,fedavg_proto,0.5,0,17,200,16,16,0.1,test,client_3,23,60,83,143,True,0.5234939759036145
SIDER,fedavg_proto,0.5,0,17,200,16,16,0.1,test,client_3,24,98,45,143,True,0.5494331065759637
SIDER,fedavg_proto,0.5,0,17,200,16,16,0.1,test,client_3,25,132,11,143,True,0.6618457300275482
SIDER,fedavg_proto,0.5,0,17,200,16,16,0.1,test,client_3,26,101,42,143,True,0.5893446487505893
SIDER,fedavg_proto,0.5,0,18,200,16,16,0.1,val,server,0,76,67,143,True,0.6280439905734484
SIDER,fedavg_proto,0.5,0,18,200,16,16,0.1,val,server,1,99,44,143,True,0.6916896235078054
SIDER,fedavg_proto,0.5,0,18,200,16,16,0.1,val,server,2,2,141,143,True,0.7375886524822695
SIDER,fedavg_proto,0.5,0,18,200,16,16,0.1,val,server,3,85,58,143,True,0.6322515212981745
SIDER,fedavg_proto,0.5,0,18,200,16,16,0.1,val,server,4,117,26,143,True,0.6643655489809336
SIDER,fedavg_proto,0.5,0,18,200,16,16,0.1,val,server,5,99,44,143,True,0.6014692378328742
SIDER,fedavg_proto,0.5,0,18,200,16,16,0.1,val,server,6,131,12,143,True,0.7958015267175573
SIDER,fedavg_proto,0.5,0,18,200,16,16,0.1,val,server,7,20,123,143,True,0.5796747967479675
SIDER,fedavg_proto,0.5,0,18,200,16,16,0.1,val,server,8,97,46,143,True,0.6342447333034513
SIDER,fedavg_proto,0.5,0,18,200,16,16,0.1,val,server,9,71,72,143,True,0.5942879499217527
SIDER,fedavg_proto,0.5,0,18,200,16,16,0.1,val,server,10,35,108,143,True,0.567989417989418
SIDER,fedavg_proto,0.5,0,18,200,16,16,0.1,val,server,11,130,13,143,True,0.544378698224852
SIDER,fedavg_proto,0.5,0,18,200,16,16,0.1,val,server,12,37,106,143,True,0.6616522182559919
SIDER,fedavg_proto,0.5,0,18,200,16,16,0.1,val,server,13,20,123,143,True,0.5995934959349593
SIDER,fedavg_proto,0.5,0,18,200,16,16,0.1,val,server,14,107,36,143,True,0.572429906542056
SIDER,fedavg_proto,0.5,0,18,200,16,16,0.1,val,server,15,94,49,143,True,0.72405557967868
SIDER,fedavg_proto,0.5,0,18,200,16,16,0.1,val,server,16,129,14,143,True,0.6495016611295681
SIDER,fedavg_proto,0.5,0,18,200,16,16,0.1,val,server,17,20,123,143,True,0.519918699186992
SIDER,fedavg_proto,0.5,0,18,200,16,16,0.1,val,server,18,104,39,143,True,0.5421597633136095
SIDER,fedavg_proto,0.5,0,18,200,16,16,0.1,val,server,19,103,40,143,True,0.5929611650485436
SIDER,fedavg_proto,0.5,0,18,200,16,16,0.1,val,server,20,102,41,143,True,0.5693448110951698
SIDER,fedavg_proto,0.5,0,18,200,16,16,0.1,val,server,21,98,45,143,True,0.636281179138322
SIDER,fedavg_proto,0.5,0,18,200,16,16,0.1,val,server,22,10,133,143,True,0.6007518796992481
SIDER,fedavg_proto,0.5,0,18,200,16,16,0.1,val,server,23,64,79,143,True,0.5413370253164557
SIDER,fedavg_proto,0.5,0,18,200,16,16,0.1,val,server,24,104,39,143,True,0.6168639053254439
SIDER,fedavg_proto,0.5,0,18,200,16,16,0.1,val,server,25,134,9,143,True,0.7661691542288558
SIDER,fedavg_proto,0.5,0,18,200,16,16,0.1,val,server,26,95,48,143,True,0.6339912280701755
SIDER,fedavg_proto,0.5,0,18,200,16,16,0.1,val,client_0,0,76,67,143,True,0.6331500392772977
SIDER,fedavg_proto,0.5,0,18,200,16,16,0.1,val,client_0,1,99,44,143,True,0.676078971533517
SIDER,fedavg_proto,0.5,0,18,200,16,16,0.1,val,client_0,2,2,141,143,True,0.8581560283687943
SIDER,fedavg_proto,0.5,0,18,200,16,16,0.1,val,client_0,3,85,58,143,True,0.5926977687626774
SIDER,fedavg_proto,0.5,0,18,200,16,16,0.1,val,client_0,4,117,26,143,True,0.6840894148586456
SIDER,fedavg_proto,0.5,0,18,200,16,16,0.1,val,client_0,5,99,44,143,True,0.6857208448117539
SIDER,fedavg_proto,0.5,0,18,200,16,16,0.1,val,client_0,6,131,12,143,True,0.7900763358778626
SIDER,fedavg_proto,0.5,0,18,200,16,16,0.1,val,client_0,7,20,123,143,True,0.6280487804878049
SIDER,fedavg_proto,0.5,0,18,200,16,16,0.1,val,client_0,8,97,46,143,True,0.6169878978036755
SIDER,fedavg_proto,0.5,0,18,200,16,16,0.1,val,client_0,9,71,72,143,True,0.5508607198748044
SIDER,fedavg_proto,0.5,0,18,200,16,16,0.1,val,client_0,10,35,108,143,True,0.5994708994708995
SIDER,fedavg_proto,0.5,0,18,200,16,16,0.1,val,client_0,11,130,13,143,True,0.6023668639053253
SIDER,fedavg_proto,0.5,0,18,200,16,16,0.1,val,client_0,12,37,106,143,True,0.6050484446710862
SIDER,fedavg_proto,0.5,0,18,200,16,16,0.1,val,client_0,13,20,123,143,True,0.6780487804878048
SIDER,fedavg_proto,0.5,0,18,200,16,16,0.1,val,client_0,14,107,36,143,True,0.5423156801661474
SIDER,fedavg_proto,0.5,0,18,200,16,16,0.1,val,client_0,15,94,49,143,True,0.6901867129830657
SIDER,fedavg_proto,0.5,0,18,200,16,16,0.1,val,client_0,16,129,14,143,True,0.6893687707641195
SIDER,fedavg_proto,0.5,0,18,200,16,16,0.1,val,client_0,17,20,123,143,True,0.5756097560975609
SIDER,fedavg_proto,0.5,0,18,200,16,16,0.1,val,client_0,18,104,39,143,True,0.5229289940828403
SIDER,fedavg_proto,0.5,0,18,200,16,16,0.1,val,client_0,19,103,40,143,True,0.6412621359223301
SIDER,fedavg_proto,0.5,0,18,200,16,16,0.1,val,client_0,20,102,41,143,True,0.6929698708751794
SIDER,fedavg_proto,0.5,0,18,200,16,16,0.1,val,client_0,21,98,45,143,True,0.6678004535147393
SIDER,fedavg_proto,0.5,0,18,200,16,16,0.1,val,client_0,22,10,133,143,True,0.5496240601503759
SIDER,fedavg_proto,0.5,0,18,200,16,16,0.1,val,client_0,23,64,79,143,True,0.5943433544303798
SIDER,fedavg_proto,0.5,0,18,200,16,16,0.1,val,client_0,24,104,39,143,True,0.6321499013806706
SIDER,fedavg_proto,0.5,0,18,200,16,16,0.1,val,client_0,25,134,9,143,True,0.7868988391376451
SIDER,fedavg_proto,0.5,0,18,200,16,16,0.1,val,client_0,26,95,48,143,True,0.6269736842105262
SIDER,fedavg_proto,0.5,0,18,200,16,16,0.1,val,client_1,0,76,67,143,True,0.6166535742340926
SIDER,fedavg_proto,0.5,0,18,200,16,16,0.1,val,client_1,1,99,44,143,True,0.6322314049586777
SIDER,fedavg_proto,0.5,0,18,200,16,16,0.1,val,client_1,2,2,141,143,True,0.6773049645390071
SIDER,fedavg_proto,0.5,0,18,200,16,16,0.1,val,client_1,3,85,58,143,True,0.6391480730223124
SIDER,fedavg_proto,0.5,0,18,200,16,16,0.1,val,client_1,4,117,26,143,True,0.6127547666009203
SIDER,fedavg_proto,0.5,0,18,200,16,16,0.1,val,client_1,5,99,44,143,True,0.5511937557392104
SIDER,fedavg_proto,0.5,0,18,200,16,16,0.1,val,client_1,6,131,12,143,True,0.7258269720101781
SIDER,fedavg_proto,0.5,0,18,200,16,16,0.1,val,client_1,7,20,123,143,True,0.5231707317073171
SIDER,fedavg_proto,0.5,0,18,200,16,16,0.1,val,client_1,8,97,46,143,True,0.5797848498431197
SIDER,fedavg_proto,0.5,0,18,200,16,16,0.1,val,client_1,9,71,72,143,True,0.6030907668231612
SIDER,fedavg_proto,0.5,0,18,200,16,16,0.1,val,client_1,10,35,108,143,True,0.5470899470899471
SIDER,fedavg_proto,0.5,0,18,200,16,16,0.1,val,client_1,11,130,13,143,True,0.5710059171597633
SIDER,fedavg_proto,0.5,0,18,200,16,16,0.1,val,client_1,12,37,106,143,True,0.5706272310045896
SIDER,fedavg_proto,0.5,0,18,200,16,16,0.1,val,client_1,13,20,123,143,True,0.5804878048780489
SIDER,fedavg_proto,0.5,0,18,200,16,16,0.1,val,client_1,14,107,36,143,True,0.5459501557632399
SIDER,fedavg_proto,0.5,0,18,200,16,16,0.1,val,client_1,15,94,49,143,True,0.6717325227963526
SIDER,fedavg_proto,0.5,0,18,200,16,16,0.1,val,client_1,16,129,14,143,True,0.6223698781838317
SIDER,fedavg_proto,0.5,0,18,200,16,16,0.1,val,client_1,17,20,123,143,True,0.4878048780487805
SIDER,fedavg_proto,0.5,0,18,200,16,16,0.1,val,client_1,18,104,39,143,True,0.4763313609467456
SIDER,fedavg_proto,0.5,0,18,200,16,16,0.1,val,client_1,19,103,40,143,True,0.5618932038834952
SIDER,fedavg_proto,0.5,0,18,200,16,16,0.1,val,client_1,20,102,41,143,True,0.5750836920133907
SIDER,fedavg_proto,0.5,0,18,200,16,16,0.1,val,client_1,21,98,45,143,True,0.6197278911564627
SIDER,fedavg_proto,0.5,0,18,200,16,16,0.1,val,client_1,22,10,133,143,True,0.5518796992481203
SIDER,fedavg_proto,0.5,0,18,200,16,16,0.1,val,client_1,23,64,79,143,True,0.538370253164557
SIDER,fedavg_proto,0.5,0,18,200,16,16,0.1,val,client_1,24,104,39,143,True,0.5941814595660749
SIDER,fedavg_proto,0.5,0,18,200,16,16,0.1,val,client_1,25,134,9,143,True,0.7794361525704809
SIDER,fedavg_proto,0.5,0,18,200,16,16,0.1,val,client_1,26,95,48,143,True,0.5846491228070176
SIDER,fedavg_proto,0.5,0,18,200,16,16,0.1,val,client_2,0,76,67,143,True,0.5129615082482325
SIDER,fedavg_proto,0.5,0,18,200,16,16,0.1,val,client_2,1,99,44,143,True,0.5702479338842976
SIDER,fedavg_proto,0.5,0,18,200,16,16,0.1,val,client_2,2,2,141,143,True,0.8652482269503545
SIDER,fedavg_proto,0.5,0,18,200,16,16,0.1,val,client_2,3,85,58,143,True,0.5971602434077079
SIDER,fedavg_proto,0.5,0,18,200,16,16,0.1,val,client_2,4,117,26,143,True,0.5272846811308349
SIDER,fedavg_proto,0.5,0,18,200,16,16,0.1,val,client_2,5,99,44,143,True,0.5484389348025711
SIDER,fedavg_proto,0.5,0,18,200,16,16,0.1,val,client_2,6,131,12,143,True,0.7258269720101781
SIDER,fedavg_proto,0.5,0,18,200,16,16,0.1,val,client_2,7,20,123,143,True,0.5089430894308944
SIDER,fedavg_proto,0.5,0,18,200,16,16,0.1,val,client_2,8,97,46,143,True,0.5746302106678619
SIDER,fedavg_proto,0.5,0,18,200,16,16,0.1,val,client_2,9,71,72,143,True,0.5780516431924883
SIDER,fedavg_proto,0.5,0,18,200,16,16,0.1,val,client_2,10,35,108,143,True,0.5259259259259259
SIDER,fedavg_proto,0.5,0,18,200,16,16,0.1,val,client_2,11,130,13,143,True,0.4165680473372781
SIDER,fedavg_proto,0.5,0,18,200,16,16,0.1,val,client_2,12,37,106,143,True,0.6027536970933197
SIDER,fedavg_proto,0.5,0,18,200,16,16,0.1,val,client_2,13,20,123,143,True,0.5955284552845528
SIDER,fedavg_proto,0.5,0,18,200,16,16,0.1,val,client_2,14,107,36,143,True,0.4974039460020768
SIDER,fedavg_proto,0.5,0,18,200,16,16,0.1,val,client_2,15,94,49,143,True,0.6226660877116804
SIDER,fedavg_proto,0.5,0,18,200,16,16,0.1,val,client_2,16,129,14,143,True,0.562015503875969
SIDER,fedavg_proto,0.5,0,18,200,16,16,0.1,val,client_2,17,20,123,143,True,0.4695121951219512
SIDER,fedavg_proto,0.5,0,18,200,16,16,0.1,val,client_2,18,104,39,143,True,0.5202169625246549
SIDER,fedavg_proto,0.5,0,18,200,16,16,0.1,val,client_2,19,103,40,143,True,0.5422330097087378
SIDER,fedavg_proto,0.5,0,18,200,16,16,0.1,val,client_2,20,102,41,143,True,0.48015303682448585
SIDER,fedavg_proto,0.5,0,18,200,16,16,0.1,val,client_2,21,98,45,143,True,0.5646258503401361
SIDER,fedavg_proto,0.5,0,18,200,16,16,0.1,val,client_2,22,10,133,143,True,0.6075187969924812
SIDER,fedavg_proto,0.5,0,18,200,16,16,0.1,val,client_2,23,64,79,143,True,0.5553797468354431
SIDER,fedavg_proto,0.5,0,18,200,16,16,0.1,val,client_2,24,104,39,143,True,0.5946745562130178
SIDER,fedavg_proto,0.5,0,18,200,16,16,0.1,val,client_2,25,134,9,143,True,0.5646766169154228
SIDER,fedavg_proto,0.5,0,18,200,16,16,0.1,val,client_2,26,95,48,143,True,0.5451754385964912
SIDER,fedavg_proto,0.5,0,18,200,16,16,0.1,val,client_3,0,76,67,143,True,0.6457187745483112
SIDER,fedavg_proto,0.5,0,18,200,16,16,0.1,val,client_3,1,99,44,143,True,0.6629935720844812
SIDER,fedavg_proto,0.5,0,18,200,16,16,0.1,val,client_3,2,2,141,143,True,0.8971631205673759
SIDER,fedavg_proto,0.5,0,18,200,16,16,0.1,val,client_3,3,85,58,143,True,0.5689655172413792
SIDER,fedavg_proto,0.5,0,18,200,16,16,0.1,val,client_3,4,117,26,143,True,0.6660092044707429
SIDER,fedavg_proto,0.5,0,18,200,16,16,0.1,val,client_3,5,99,44,143,True,0.6016988062442608
SIDER,fedavg_proto,0.5,0,18,200,16,16,0.1,val,client_3,6,131,12,143,True,0.7748091603053434
SIDER,fedavg_proto,0.5,0,18,200,16,16,0.1,val,client_3,7,20,123,143,True,0.5918699186991869
SIDER,fedavg_proto,0.5,0,18,200,16,16,0.1,val,client_3,8,97,46,143,True,0.6223666517256835
SIDER,fedavg_proto,0.5,0,18,200,16,16,0.1,val,client_3,9,71,72,143,True,0.5983959311424101
SIDER,fedavg_proto,0.5,0,18,200,16,16,0.1,val,client_3,10,35,108,143,True,0.6269841269841269
SIDER,fedavg_proto,0.5,0,18,200,16,16,0.1,val,client_3,11,130,13,143,True,0.5307692307692308
SIDER,fedavg_proto,0.5,0,18,200,16,16,0.1,val,client_3,12,37,106,143,True,0.6848546659867414
SIDER,fedavg_proto,0.5,0,18,200,16,16,0.1,val,client_3,13,20,123,143,True,0.578048780487805
SIDER,fedavg_proto,0.5,0,18,200,16,16,0.1,val,client_3,14,107,36,143,True,0.5778816199376947
SIDER,fedavg_proto,0.5,0,18,200,16,16,0.1,val,client_3,15,94,49,143,True,0.692574902301346
SIDER,fedavg_proto,0.5,0,18,200,16,16,0.1,val,client_3,16,129,14,143,True,0.5968992248062015
SIDER,fedavg_proto,0.5,0,18,200,16,16,0.1,val,client_3,17,20,123,143,True,0.5605691056910569
SIDER,fedavg_proto,0.5,0,18,200,16,16,0.1,val,client_3,18,104,39,143,True,0.6037968441814596
SIDER,fedavg_proto,0.5,0,18,200,16,16,0.1,val,client_3,19,103,40,143,True,0.583009708737864
SIDER,fedavg_proto,0.5,0,18,200,16,16,0.1,val,client_3,20,102,41,143,True,0.5200860832137733
SIDER,fedavg_proto,0.5,0,18,200,16,16,0.1,val,client_3,21,98,45,143,True,0.6306122448979591
SIDER,fedavg_proto,0.5,0,18,200,16,16,0.1,val,client_3,22,10,133,143,True,0.6421052631578947
SIDER,fedavg_proto,0.5,0,18,200,16,16,0.1,val,client_3,23,64,79,143,True,0.49505537974683544
SIDER,fedavg_proto,0.5,0,18,200,16,16,0.1,val,client_3,24,104,39,143,True,0.5710059171597633
SIDER,fedavg_proto,0.5,0,18,200,16,16,0.1,val,client_3,25,134,9,143,True,0.6409618573797679
SIDER,fedavg_proto,0.5,0,18,200,16,16,0.1,val,client_3,26,95,48,143,True,0.6346491228070175
SIDER,fedavg_proto,0.5,0,18,200,16,16,0.1,test,server,0,72,71,143,True,0.6502347417840376
SIDER,fedavg_proto,0.5,0,18,200,16,16,0.1,test,server,1,105,38,143,True,0.6365914786967417
SIDER,fedavg_proto,0.5,0,18,200,16,16,0.1,test,server,2,5,138,143,True,0.591304347826087
SIDER,fedavg_proto,0.5,0,18,200,16,16,0.1,test,server,3,90,53,143,True,0.529350104821803
SIDER,fedavg_proto,0.5,0,18,200,16,16,0.1,test,server,4,118,25,143,True,0.5722033898305084
SIDER,fedavg_proto,0.5,0,18,200,16,16,0.1,test,server,5,104,39,143,True,0.5557199211045365
SIDER,fedavg_proto,0.5,0,18,200,16,16,0.1,test,server,6,134,9,143,True,0.6243781094527363
SIDER,fedavg_proto,0.5,0,18,200,16,16,0.1,test,server,7,24,119,143,True,0.6109943977591037
SIDER,fedavg_proto,0.5,0,18,200,16,16,0.1,test,server,8,91,52,143,True,0.5693153000845308
SIDER,fedavg_proto,0.5,0,18,200,16,16,0.1,test,server,9,74,69,143,True,0.6406188797493145
SIDER,fedavg_proto,0.5,0,18,200,16,16,0.1,test,server,10,39,104,143,True,0.680966469428008
SIDER,fedavg_proto,0.5,0,18,200,16,16,0.1,test,server,11,130,13,143,True,0.463905325443787
SIDER,fedavg_proto,0.5,0,18,200,16,16,0.1,test,server,12,33,110,143,True,0.628099173553719
SIDER,fedavg_proto,0.5,0,18,200,16,16,0.1,test,server,13,20,123,143,True,0.6471544715447155
SIDER,fedavg_proto,0.5,0,18,200,16,16,0.1,test,server,14,113,30,143,True,0.5569321533923304
SIDER,fedavg_proto,0.5,0,18,200,16,16,0.1,test,server,15,83,60,143,True,0.6068273092369478
SIDER,fedavg_proto,0.5,0,18,200,16,16,0.1,test,server,16,131,12,143,True,0.6202290076335878
SIDER,fedavg_proto,0.5,0,18,200,16,16,0.1,test,server,17,30,113,143,True,0.6262536873156342
SIDER,fedavg_proto,0.5,0,18,200,16,16,0.1,test,server,18,109,34,143,True,0.5601726929303831
SIDER,fedavg_proto,0.5,0,18,200,16,16,0.1,test,server,19,104,39,143,True,0.49852071005917165
SIDER,fedavg_proto,0.5,0,18,200,16,16,0.1,test,server,20,102,41,143,True,0.5279770444763271
SIDER,fedavg_proto,0.5,0,18,200,16,16,0.1,test,server,21,98,45,143,True,0.5845804988662131
SIDER,fedavg_proto,0.5,0,18,200,16,16,0.1,test,server,22,14,129,143,True,0.6007751937984496
SIDER,fedavg_proto,0.5,0,18,200,16,16,0.1,test,server,23,60,83,143,True,0.46184738955823296
SIDER,fedavg_proto,0.5,0,18,200,16,16,0.1,test,server,24,98,45,143,True,0.44648526077097506
SIDER,fedavg_proto,0.5,0,18,200,16,16,0.1,test,server,25,132,11,143,True,0.7210743801652892
SIDER,fedavg_proto,0.5,0,18,200,16,16,0.1,test,server,26,101,42,143,True,0.5836869401225837
SIDER,fedavg_proto,0.5,0,18,200,16,16,0.1,test,client_0,0,72,71,143,True,0.6883802816901408
SIDER,fedavg_proto,0.5,0,18,200,16,16,0.1,test,client_0,1,105,38,143,True,0.6240601503759398
SIDER,fedavg_proto,0.5,0,18,200,16,16,0.1,test,client_0,2,5,138,143,True,0.7521739130434784
SIDER,fedavg_proto,0.5,0,18,200,16,16,0.1,test,client_0,3,90,53,143,True,0.5316561844863732
SIDER,fedavg_proto,0.5,0,18,200,16,16,0.1,test,client_0,4,118,25,143,True,0.6664406779661016
SIDER,fedavg_proto,0.5,0,18,200,16,16,0.1,test,client_0,5,104,39,143,True,0.5959072978303749
SIDER,fedavg_proto,0.5,0,18,200,16,16,0.1,test,client_0,6,134,9,143,True,0.6077943615257049
SIDER,fedavg_proto,0.5,0,18,200,16,16,0.1,test,client_0,7,24,119,143,True,0.5584733893557423
SIDER,fedavg_proto,0.5,0,18,200,16,16,0.1,test,client_0,8,91,52,143,True,0.5443786982248522
SIDER,fedavg_proto,0.5,0,18,200,16,16,0.1,test,client_0,9,74,69,143,True,0.6055620838229534
SIDER,fedavg_proto,0.5,0,18,200,16,16,0.1,test,client_0,10,39,104,143,True,0.6789940828402367
SIDER,fedavg_proto,0.5,0,18,200,16,16,0.1,test,client_0,11,130,13,143,True,0.5668639053254438
SIDER,fedavg_proto,0.5,0,18,200,16,16,0.1,test,client_0,12,33,110,143,True,0.5851239669421487
SIDER,fedavg_proto,0.5,0,18,200,16,16,0.1,test,client_0,13,20,123,143,True,0.5491869918699187
SIDER,fedavg_proto,0.5,0,18,200,16,16,0.1,test,client_0,14,113,30,143,True,0.5289085545722714
SIDER,fedavg_proto,0.5,0,18,200,16,16,0.1,test,client_0,15,83,60,143,True,0.6736947791164658
SIDER,fedavg_proto,0.5,0,18,200,16,16,0.1,test,client_0,16,131,12,143,True,0.7048346055979644
SIDER,fedavg_proto,0.5,0,18,200,16,16,0.1,test,client_0,17,30,113,143,True,0.5631268436578172
SIDER,fedavg_proto,0.5,0,18,200,16,16,0.1,test,client_0,18,109,34,143,True,0.5145709660010793
SIDER,fedavg_proto,0.5,0,18,200,16,16,0.1,test,client_0,19,104,39,143,True,0.4824950690335306
SIDER,fedavg_proto,0.5,0,18,200,16,16,0.1,test,client_0,20,102,41,143,True,0.5396939263510283
SIDER,fedavg_proto,0.5,0,18,200,16,16,0.1,test,client_0,21,98,45,143,True,0.5968253968253968
SIDER,fedavg_proto,0.5,0,18,200,16,16,0.1,test,client_0,22,14,129,143,True,0.526578073089701
SIDER,fedavg_proto,0.5,0,18,200,16,16,0.1,test,client_0,23,60,83,143,True,0.5126506024096384
SIDER,fedavg_proto,0.5,0,18,200,16,16,0.1,test,client_0,24,98,45,143,True,0.43492063492063493
SIDER,fedavg_proto,0.5,0,18,200,16,16,0.1,test,client_0,25,132,11,143,True,0.6962809917355371
SIDER,fedavg_proto,0.5,0,18,200,16,16,0.1,test,client_0,26,101,42,143,True,0.5697784064120698
SIDER,fedavg_proto,0.5,0,18,200,16,16,0.1,test,client_1,0,72,71,143,True,0.6216744913928012
SIDER,fedavg_proto,0.5,0,18,200,16,16,0.1,test,client_1,1,105,38,143,True,0.6137844611528821
SIDER,fedavg_proto,0.5,0,18,200,16,16,0.1,test,client_1,2,5,138,143,True,0.6115942028985507
SIDER,fedavg_proto,0.5,0,18,200,16,16,0.1,test,client_1,3,90,53,143,True,0.5327044025157233
SIDER,fedavg_proto,0.5,0,18,200,16,16,0.1,test,client_1,4,118,25,143,True,0.5288135593220339
SIDER,fedavg_proto,0.5,0,18,200,16,16,0.1,test,client_1,5,104,39,143,True,0.5399408284023668
SIDER,fedavg_proto,0.5,0,18,200,16,16,0.1,test,client_1,6,134,9,143,True,0.5621890547263682
SIDER,fedavg_proto,0.5,0,18,200,16,16,0.1,test,client_1,7,24,119,143,True,0.677170868347339
SIDER,fedavg_proto,0.5,0,18,200,16,16,0.1,test,client_1,8,91,52,143,True,0.5889687235841082
SIDER,fedavg_proto,0.5,0,18,200,16,16,0.1,test,client_1,9,74,69,143,True,0.6931061496278887
SIDER,fedavg_proto,0.5,0,18,200,16,16,0.1,test,client_1,10,39,104,143,True,0.6195759368836292
SIDER,fedavg_proto,0.5,0,18,200,16,16,0.1,test,client_1,11,130,13,143,True,0.47218934911242605
SIDER,fedavg_proto,0.5,0,18,200,16,16,0.1,test,client_1,12,33,110,143,True,0.671900826446281
SIDER,fedavg_proto,0.5,0,18,200,16,16,0.1,test,client_1,13,20,123,143,True,0.6853658536585365
SIDER,fedavg_proto,0.5,0,18,200,16,16,0.1,test,client_1,14,113,30,143,True,0.575811209439528
SIDER,fedavg_proto,0.5,0,18,200,16,16,0.1,test,client_1,15,83,60,143,True,0.5678714859437751
SIDER,fedavg_proto,0.5,0,18,200,16,16,0.1,test,client_1,16,131,12,143,True,0.5209923664122138
SIDER,fedavg_proto,0.5,0,18,200,16,16,0.1,test,client_1,17,30,113,143,True,0.5926253687315634
SIDER,fedavg_proto,0.5,0,18,200,16,16,0.1,test,client_1,18,109,34,143,True,0.5739341608202915
SIDER,fedavg_proto,0.5,0,18,200,16,16,0.1,test,client_1,19,104,39,143,True,0.5142998027613412
SIDER,fedavg_proto,0.5,0,18,200,16,16,0.1,test,client_1,20,102,41,143,True,0.5769966523194644
SIDER,fedavg_proto,0.5,0,18,200,16,16,0.1,test,client_1,21,98,45,143,True,0.5471655328798186
SIDER,fedavg_proto,0.5,0,18,200,16,16,0.1,test,client_1,22,14,129,143,True,0.6910299003322259
SIDER,fedavg_proto,0.5,0,18,200,16,16,0.1,test,client_1,23,60,83,143,True,0.5006024096385542
SIDER,fedavg_proto,0.5,0,18,200,16,16,0.1,test,client_1,24,98,45,143,True,0.5018140589569161
SIDER,fedavg_proto,0.5,0,18,200,16,16,0.1,test,client_1,25,132,11,143,True,0.6935261707988981
SIDER,fedavg_proto,0.5,0,18,200,16,16,0.1,test,client_1,26,101,42,143,True,0.6122112211221121
SIDER,fedavg_proto,0.5,0,18,200,16,16,0.1,test,client_2,0,72,71,143,True,0.5510563380281691
SIDER,fedavg_proto,0.5,0,18,200,16,16,0.1,test,client_2,1,105,38,143,True,0.5533834586466165
SIDER,fedavg_proto,0.5,0,18,200,16,16,0.1,test,client_2,2,5,138,143,True,0.5695652173913044
SIDER,fedavg_proto,0.5,0,18,200,16,16,0.1,test,client_2,3,90,53,143,True,0.4788259958071279
SIDER,fedavg_proto,0.5,0,18,200,16,16,0.1,test,client_2,4,118,25,143,True,0.4823728813559322
SIDER,fedavg_proto,0.5,0,18,200,16,16,0.1,test,client_2,5,104,39,143,True,0.5152859960552268
SIDER,fedavg_proto,0.5,0,18,200,16,16,0.1,test,client_2,6,134,9,143,True,0.5771144278606964
SIDER,fedavg_proto,0.5,0,18,200,16,16,0.1,test,client_2,7,24,119,143,True,0.5934873949579832
SIDER,fedavg_proto,0.5,0,18,200,16,16,0.1,test,client_2,8,91,52,143,True,0.5232459847844464
SIDER,fedavg_proto,0.5,0,18,200,16,16,0.1,test,client_2,9,74,69,143,True,0.535840188014101
SIDER,fedavg_proto,0.5,0,18,200,16,16,0.1,test,client_2,10,39,104,143,True,0.6146449704142012
SIDER,fedavg_proto,0.5,0,18,200,16,16,0.1,test,client_2,11,130,13,143,True,0.38461538461538464
SIDER,fedavg_proto,0.5,0,18,200,16,16,0.1,test,client_2,12,33,110,143,True,0.6179063360881543
SIDER,fedavg_proto,0.5,0,18,200,16,16,0.1,test,client_2,13,20,123,143,True,0.6345528455284553
SIDER,fedavg_proto,0.5,0,18,200,16,16,0.1,test,client_2,14,113,30,143,True,0.45988200589970507
SIDER,fedavg_proto,0.5,0,18,200,16,16,0.1,test,client_2,15,83,60,143,True,0.5508032128514057
SIDER,fedavg_proto,0.5,0,18,200,16,16,0.1,test,client_2,16,131,12,143,True,0.5483460559796438
SIDER,fedavg_proto,0.5,0,18,200,16,16,0.1,test,client_2,17,30,113,143,True,0.5884955752212389
SIDER,fedavg_proto,0.5,0,18,200,16,16,0.1,test,client_2,18,109,34,143,True,0.5110631408526713
SIDER,fedavg_proto,0.5,0,18,200,16,16,0.1,test,client_2,19,104,39,143,True,0.49950690335305725
SIDER,fedavg_proto,0.5,0,18,200,16,16,0.1,test,client_2,20,102,41,143,True,0.5332376853180297
SIDER,fedavg_proto,0.5,0,18,200,16,16,0.1,test,client_2,21,98,45,143,True,0.5941043083900226
SIDER,fedavg_proto,0.5,0,18,200,16,16,0.1,test,client_2,22,14,129,143,True,0.562015503875969
SIDER,fedavg_proto,0.5,0,18,200,16,16,0.1,test,client_2,23,60,83,143,True,0.47650602409638554
SIDER,fedavg_proto,0.5,0,18,200,16,16,0.1,test,client_2,24,98,45,143,True,0.38571428571428573
SIDER,fedavg_proto,0.5,0,18,200,16,16,0.1,test,client_2,25,132,11,143,True,0.6522038567493114
SIDER,fedavg_proto,0.5,0,18,200,16,16,0.1,test,client_2,26,101,42,143,True,0.5674210278170675
SIDER,fedavg_proto,0.5,0,18,200,16,16,0.1,test,client_3,0,72,71,143,True,0.619131455399061
SIDER,fedavg_proto,0.5,0,18,200,16,16,0.1,test,client_3,1,105,38,143,True,0.643609022556391
SIDER,fedavg_proto,0.5,0,18,200,16,16,0.1,test,client_3,2,5,138,143,True,0.644927536231884
SIDER,fedavg_proto,0.5,0,18,200,16,16,0.1,test,client_3,3,90,53,143,True,0.5515723270440251
SIDER,fedavg_proto,0.5,0,18,200,16,16,0.1,test,client_3,4,118,25,143,True,0.6020338983050848
SIDER,fedavg_proto,0.5,0,18,200,16,16,0.1,test,client_3,5,104,39,143,True,0.5761834319526626
SIDER,fedavg_proto,0.5,0,18,200,16,16,0.1,test,client_3,6,134,9,143,True,0.6558872305140963
SIDER,fedavg_proto,0.5,0,18,200,16,16,0.1,test,client_3,7,24,119,143,True,0.6425070028011204
SIDER,fedavg_proto,0.5,0,18,200,16,16,0.1,test,client_3,8,91,52,143,True,0.5344463229078614
SIDER,fedavg_proto,0.5,0,18,200,16,16,0.1,test,client_3,9,74,69,143,True,0.672933803368586
SIDER,fedavg_proto,0.5,0,18,200,16,16,0.1,test,client_3,10,39,104,143,True,0.625
SIDER,fedavg_proto,0.5,0,18,200,16,16,0.1,test,client_3,11,130,13,143,True,0.6230769230769231
SIDER,fedavg_proto,0.5,0,18,200,16,16,0.1,test,client_3,12,33,110,143,True,0.6556473829201102
SIDER,fedavg_proto,0.5,0,18,200,16,16,0.1,test,client_3,13,20,123,143,True,0.6260162601626016
SIDER,fedavg_proto,0.5,0,18,200,16,16,0.1,test,client_3,14,113,30,143,True,0.6303834808259587
SIDER,fedavg_proto,0.5,0,18,200,16,16,0.1,test,client_3,15,83,60,143,True,0.6514056224899598
SIDER,fedavg_proto,0.5,0,18,200,16,16,0.1,test,client_3,16,131,12,143,True,0.7048346055979643
SIDER,fedavg_proto,0.5,0,18,200,16,16,0.1,test,client_3,17,30,113,143,True,0.5958702064896755
SIDER,fedavg_proto,0.5,0,18,200,16,16,0.1,test,client_3,18,109,34,143,True,0.5920129519697788
SIDER,fedavg_proto,0.5,0,18,200,16,16,0.1,test,client_3,19,104,39,143,True,0.5483234714003946
SIDER,fedavg_proto,0.5,0,18,200,16,16,0.1,test,client_3,20,102,41,143,True,0.5667144906743186
SIDER,fedavg_proto,0.5,0,18,200,16,16,0.1,test,client_3,21,98,45,143,True,0.6428571428571428
SIDER,fedavg_proto,0.5,0,18,200,16,16,0.1,test,client_3,22,14,129,143,True,0.6129568106312293
SIDER,fedavg_proto,0.5,0,18,200,16,16,0.1,test,client_3,23,60,83,143,True,0.5224899598393574
SIDER,fedavg_proto,0.5,0,18,200,16,16,0.1,test,client_3,24,98,45,143,True,0.5183673469387755
SIDER,fedavg_proto,0.5,0,18,200,16,16,0.1,test,client_3,25,132,11,143,True,0.6673553719008265
SIDER,fedavg_proto,0.5,0,18,200,16,16,0.1,test,client_3,26,101,42,143,True,0.5855728429985856
SIDER,fedavg_proto,0.5,0,19,200,16,16,0.1,val,server,0,76,67,143,True,0.62725844461901
SIDER,fedavg_proto,0.5,0,19,200,16,16,0.1,val,server,1,99,44,143,True,0.6758494031221304
SIDER,fedavg_proto,0.5,0,19,200,16,16,0.1,val,server,2,2,141,143,True,0.7304964539007093
SIDER,fedavg_proto,0.5,0,19,200,16,16,0.1,val,server,3,85,58,143,True,0.6341784989858013
SIDER,fedavg_proto,0.5,0,19,200,16,16,0.1,val,server,4,117,26,143,True,0.650887573964497
SIDER,fedavg_proto,0.5,0,19,200,16,16,0.1,val,server,5,99,44,143,True,0.5994031221303948
SIDER,fedavg_proto,0.5,0,19,200,16,16,0.1,val,server,6,131,12,143,True,0.7849872773536897
SIDER,fedavg_proto,0.5,0,19,200,16,16,0.1,val,server,7,20,123,143,True,0.5959349593495935
SIDER,fedavg_proto,0.5,0,19,200,16,16,0.1,val,server,8,97,46,143,True,0.6497086508292246
SIDER,fedavg_proto,0.5,0,19,200,16,16,0.1,val,server,9,71,72,143,True,0.5991784037558685
SIDER,fedavg_proto,0.5,0,19,200,16,16,0.1,val,server,10,35,108,143,True,0.5621693121693121
SIDER,fedavg_proto,0.5,0,19,200,16,16,0.1,val,server,11,130,13,143,True,0.5562130177514792
SIDER,fedavg_proto,0.5,0,19,200,16,16,0.1,val,server,12,37,106,143,True,0.6613972463029067
SIDER,fedavg_proto,0.5,0,19,200,16,16,0.1,val,server,13,20,123,143,True,0.5955284552845528
SIDER,fedavg_proto,0.5,0,19,200,16,16,0.1,val,server,14,107,36,143,True,0.5599688473520249
SIDER,fedavg_proto,0.5,0,19,200,16,16,0.1,val,server,15,94,49,143,True,0.71993052540165
SIDER,fedavg_proto,0.5,0,19,200,16,16,0.1,val,server,16,129,14,143,True,0.6760797342192691
SIDER,fedavg_proto,0.5,0,19,200,16,16,0.1,val,server,17,20,123,143,True,0.513821138211382
SIDER,fedavg_proto,0.5,0,19,200,16,16,0.1,val,server,18,104,39,143,True,0.5498027613412229
SIDER,fedavg_proto,0.5,0,19,200,16,16,0.1,val,server,19,103,40,143,True,0.5825242718446602
SIDER,fedavg_proto,0.5,0,19,200,16,16,0.1,val,server,20,102,41,143,True,0.5607364897178384
SIDER,fedavg_proto,0.5,0,19,200,16,16,0.1,val,server,21,98,45,143,True,0.6437641723356009
SIDER,fedavg_proto,0.5,0,19,200,16,16,0.1,val,server,22,10,133,143,True,0.6082706766917293
SIDER,fedavg_proto,0.5,0,19,200,16,16,0.1,val,server,23,64,79,143,True,0.5484572784810127
SIDER,fedavg_proto,0.5,0,19,200,16,16,0.1,val,server,24,104,39,143,True,0.6121794871794871
SIDER,fedavg_proto,0.5,0,19,200,16,16,0.1,val,server,25,134,9,143,True,0.7595356550580431
SIDER,fedavg_proto,0.5,0,19,200,16,16,0.1,val,server,26,95,48,143,True,0.6140350877192982
SIDER,fedavg_proto,0.5,0,19,200,16,16,0.1,val,client_0,0,76,67,143,True,0.6455223880597015
SIDER,fedavg_proto,0.5,0,19,200,16,16,0.1,val,client_0,1,99,44,143,True,0.6724058769513316
SIDER,fedavg_proto,0.5,0,19,200,16,16,0.1,val,client_0,2,2,141,143,True,0.7765957446808511
SIDER,fedavg_proto,0.5,0,19,200,16,16,0.1,val,client_0,3,85,58,143,True,0.6417849898580122
SIDER,fedavg_proto,0.5,0,19,200,16,16,0.1,val,client_0,4,117,26,143,True,0.675871137409599
SIDER,fedavg_proto,0.5,0,19,200,16,16,0.1,val,client_0,5,99,44,143,True,0.6740128558310376
SIDER,fedavg_proto,0.5,0,19,200,16,16,0.1,val,client_0,6,131,12,143,True,0.8155216284987277
SIDER,fedavg_proto,0.5,0,19,200,16,16,0.1,val,client_0,7,20,123,143,True,0.6512195121951219
SIDER,fedavg_proto,0.5,0,19,200,16,16,0.1,val,client_0,8,97,46,143,True,0.6447781264007172
SIDER,fedavg_proto,0.5,0,19,200,16,16,0.1,val,client_0,9,71,72,143,True,0.5672926447574335
SIDER,fedavg_proto,0.5,0,19,200,16,16,0.1,val,client_0,10,35,108,143,True,0.6216931216931217
SIDER,fedavg_proto,0.5,0,19,200,16,16,0.1,val,client_0,11,130,13,143,True,0.6384615384615385
SIDER,fedavg_proto,0.5,0,19,200,16,16,0.1,val,client_0,12,37,106,143,True,0.5943396226415094
SIDER,fedavg_proto,0.5,0,19,200,16,16,0.1,val,client_0,13,20,123,143,True,0.6569105691056911
SIDER,fedavg_proto,0.5,0,19,200,16,16,0.1,val,client_0,14,107,36,143,True,0.5267393561786086
SIDER,fedavg_proto,0.5,0,19,200,16,16,0.1,val,client_0,15,94,49,143,True,0.7164567954841512
SIDER,fedavg_proto,0.5,0,19,200,16,16,0.1,val,client_0,16,129,14,143,True,0.6805094130675525
SIDER,fedavg_proto,0.5,0,19,200,16,16,0.1,val,client_0,17,20,123,143,True,0.5768292682926829
SIDER,fedavg_proto,0.5,0,19,200,16,16,0.1,val,client_0,18,104,39,143,True,0.5115877712031558
SIDER,fedavg_proto,0.5,0,19,200,16,16,0.1,val,client_0,19,103,40,143,True,0.6228155339805824
SIDER,fedavg_proto,0.5,0,19,200,16,16,0.1,val,client_0,20,102,41,143,True,0.7003825920612147
SIDER,fedavg_proto,0.5,0,19,200,16,16,0.1,val,client_0,21,98,45,143,True,0.6519274376417233
SIDER,fedavg_proto,0.5,0,19,200,16,16,0.1,val,client_0,22,10,133,143,True,0.543609022556391
SIDER,fedavg_proto,0.5,0,19,200,16,16,0.1,val,client_0,23,64,79,143,True,0.6099683544303797
SIDER,fedavg_proto,0.5,0,19,200,16,16,0.1,val,client_0,24,104,39,143,True,0.6422583826429981
SIDER,fedavg_proto,0.5,0,19,200,16,16,0.1,val,client_0,25,134,9,143,True,0.8499170812603649
SIDER,fedavg_proto,0.5,0,19,200,16,16,0.1,val,client_0,26,95,48,143,True,0.6243421052631579
SIDER,fedavg_proto,0.5,0,19,200,16,16,0.1,val,client_1,0,76,67,143,True,0.6119402985074627
SIDER,fedavg_proto,0.5,0,19,200,16,16,0.1,val,client_1,1,99,44,143,True,0.629247015610652
SIDER,fedavg_proto,0.5,0,19,200,16,16,0.1,val,client_1,2,2,141,143,True,0.6843971631205674
SIDER,fedavg_proto,0.5,0,19,200,16,16,0.1,val,client_1,3,85,58,143,True,0.6415821501014198
SIDER,fedavg_proto,0.5,0,19,200,16,16,0.1,val,client_1,4,117,26,143,True,0.6042077580539119
SIDER,fedavg_proto,0.5,0,19,200,16,16,0.1,val,client_1,5,99,44,143,True,0.539485766758494
SIDER,fedavg_proto,0.5,0,19,200,16,16,0.1,val,client_1,6,131,12,143,True,0.7092875318066159
SIDER,fedavg_proto,0.5,0,19,200,16,16,0.1,val,client_1,7,20,123,143,True,0.525609756097561
SIDER,fedavg_proto,0.5,0,19,200,16,16,0.1,val,client_1,8,97,46,143,True,0.5708202599731063
SIDER,fedavg_proto,0.5,0,19,200,16,16,0.1,val,client_1,9,71,72,143,True,0.613262910798122
SIDER,fedavg_proto,0.5,0,19,200,16,16,0.1,val,client_1,10,35,108,143,True,0.5457671957671958
SIDER,fedavg_proto,0.5,0,19,200,16,16,0.1,val,client_1,11,130,13,143,True,0.565680473372781
SIDER,fedavg_proto,0.5,0,19,200,16,16,0.1,val,client_1,12,37,106,143,True,0.5798062213156553
SIDER,fedavg_proto,0.5,0,19,200,16,16,0.1,val,client_1,13,20,123,143,True,0.5804878048780487
SIDER,fedavg_proto,0.5,0,19,200,16,16,0.1,val,client_1,14,107,36,143,True,0.5402388369678088
SIDER,fedavg_proto,0.5,0,19,200,16,16,0.1,val,client_1,15,94,49,143,True,0.6747720364741641
SIDER,fedavg_proto,0.5,0,19,200,16,16,0.1,val,client_1,16,129,14,143,True,0.6140642303433002
SIDER,fedavg_proto,0.5,0,19,200,16,16,0.1,val,client_1,17,20,123,143,True,0.475609756097561
SIDER,fedavg_proto,0.5,0,19,200,16,16,0.1,val,client_1,18,104,39,143,True,0.46129191321499013
SIDER,fedavg_proto,0.5,0,19,200,16,16,0.1,val,client_1,19,103,40,143,True,0.5577669902912621
SIDER,fedavg_proto,0.5,0,19,200,16,16,0.1,val,client_1,20,102,41,143,True,0.5571496891439502
SIDER,fedavg_proto,0.5,0,19,200,16,16,0.1,val,client_1,21,98,45,143,True,0.6151927437641723
SIDER,fedavg_proto,0.5,0,19,200,16,16,0.1,val,client_1,22,10,133,143,True,0.5338345864661654
SIDER,fedavg_proto,0.5,0,19,200,16,16,0.1,val,client_1,23,64,79,143,True,0.5304588607594937
SIDER,fedavg_proto,0.5,0,19,200,16,16,0.1,val,client_1,24,104,39,143,True,0.5899901380670611
SIDER,fedavg_proto,0.5,0,19,200,16,16,0.1,val,client_1,25,134,9,143,True,0.7711442786069652
SIDER,fedavg_proto,0.5,0,19,200,16,16,0.1,val,client_1,26,95,48,143,True,0.5826754385964912
SIDER,fedavg_proto,0.5,0,19,200,16,16,0.1,val,client_2,0,76,67,143,True,0.5194422623723487
SIDER,fedavg_proto,0.5,0,19,200,16,16,0.1,val,client_2,1,99,44,143,True,0.5837924701561066
SIDER,fedavg_proto,0.5,0,19,200,16,16,0.1,val,client_2,2,2,141,143,True,0.8652482269503545
SIDER,fedavg_proto,0.5,0,19,200,16,16,0.1,val,client_2,3,85,58,143,True,0.5961460446247464
SIDER,fedavg_proto,0.5,0,19,200,16,16,0.1,val,client_2,4,117,26,143,True,0.5361604207758054
SIDER,fedavg_proto,0.5,0,19,200,16,16,0.1,val,client_2,5,99,44,143,True,0.5539485766758494
SIDER,fedavg_proto,0.5,0,19,200,16,16,0.1,val,client_2,6,131,12,143,True,0.7048346055979644
SIDER,fedavg_proto,0.5,0,19,200,16,16,0.1,val,client_2,7,20,123,143,True,0.5382113821138211
SIDER,fedavg_proto,0.5,0,19,200,16,16,0.1,val,client_2,8,97,46,143,True,0.5885253249663828
SIDER,fedavg_proto,0.5,0,19,200,16,16,0.1,val,client_2,9,71,72,143,True,0.5880281690140845
SIDER,fedavg_proto,0.5,0,19,200,16,16,0.1,val,client_2,10,35,108,143,True,0.5407407407407407
SIDER,fedavg_proto,0.5,0,19,200,16,16,0.1,val,client_2,11,130,13,143,True,0.4355029585798817
SIDER,fedavg_proto,0.5,0,19,200,16,16,0.1,val,client_2,12,37,106,143,True,0.6065782763895972
SIDER,fedavg_proto,0.5,0,19,200,16,16,0.1,val,client_2,13,20,123,143,True,0.6000000000000001
SIDER,fedavg_proto,0.5,0,19,200,16,16,0.1,val,client_2,14,107,36,143,True,0.5077881619937695
SIDER,fedavg_proto,0.5,0,19,200,16,16,0.1,val,client_2,15,94,49,143,True,0.6254884932696483
SIDER,fedavg_proto,0.5,0,19,200,16,16,0.1,val,client_2,16,129,14,143,True,0.5614617940199336
SIDER,fedavg_proto,0.5,0,19,200,16,16,0.1,val,client_2,17,20,123,143,True,0.48902439024390243
SIDER,fedavg_proto,0.5,0,19,200,16,16,0.1,val,client_2,18,104,39,143,True,0.5327909270216963
SIDER,fedavg_proto,0.5,0,19,200,16,16,0.1,val,client_2,19,103,40,143,True,0.5349514563106796
SIDER,fedavg_proto,0.5,0,19,200,16,16,0.1,val,client_2,20,102,41,143,True,0.4782400765184122
SIDER,fedavg_proto,0.5,0,19,200,16,16,0.1,val,client_2,21,98,45,143,True,0.5689342403628118
SIDER,fedavg_proto,0.5,0,19,200,16,16,0.1,val,client_2,22,10,133,143,True,0.6097744360902255
SIDER,fedavg_proto,0.5,0,19,200,16,16,0.1,val,client_2,23,64,79,143,True,0.5646756329113924
SIDER,fedavg_proto,0.5,0,19,200,16,16,0.1,val,client_2,24,104,39,143,True,0.5927021696252466
SIDER,fedavg_proto,0.5,0,19,200,16,16,0.1,val,client_2,25,134,9,143,True,0.5472636815920398
SIDER,fedavg_proto,0.5,0,19,200,16,16,0.1,val,client_2,26,95,48,143,True,0.5423245614035088
SIDER,fedavg_proto,0.5,0,19,200,16,16,0.1,val,client_3,0,76,67,143,True,0.6427729772191675
SIDER,fedavg_proto,0.5,0,19,200,16,16,0.1,val,client_3,1,99,44,143,True,0.6600091827364555
SIDER,fedavg_proto,0.5,0,19,200,16,16,0.1,val,client_3,2,2,141,143,True,0.8900709219858156
SIDER,fedavg_proto,0.5,0,19,200,16,16,0.1,val,client_3,3,85,58,143,True,0.5784989858012171
SIDER,fedavg_proto,0.5,0,19,200,16,16,0.1,val,client_3,4,117,26,143,True,0.6643655489809335
SIDER,fedavg_proto,0.5,0,19,200,16,16,0.1,val,client_3,5,99,44,143,True,0.6090449954086318
SIDER,fedavg_proto,0.5,0,19,200,16,16,0.1,val,client_3,6,131,12,143,True,0.7760814249363868
SIDER,fedavg_proto,0.5,0,19,200,16,16,0.1,val,client_3,7,20,123,143,True,0.5821138211382114
SIDER,fedavg_proto,0.5,0,19,200,16,16,0.1,val,client_3,8,97,46,143,True,0.6335723890632003
SIDER,fedavg_proto,0.5,0,19,200,16,16,0.1,val,client_3,9,71,72,143,True,0.5972222222222222
SIDER,fedavg_proto,0.5,0,19,200,16,16,0.1,val,client_3,10,35,108,143,True,0.638095238095238
SIDER,fedavg_proto,0.5,0,19,200,16,16,0.1,val,client_3,11,130,13,143,True,0.5491124260355029
SIDER,fedavg_proto,0.5,0,19,200,16,16,0.1,val,client_3,12,37,106,143,True,0.695053544110148
SIDER,fedavg_proto,0.5,0,19,200,16,16,0.1,val,client_3,13,20,123,143,True,0.575609756097561
SIDER,fedavg_proto,0.5,0,19,200,16,16,0.1,val,client_3,14,107,36,143,True,0.5604880581516096
SIDER,fedavg_proto,0.5,0,19,200,16,16,0.1,val,client_3,15,94,49,143,True,0.6882327399044724
SIDER,fedavg_proto,0.5,0,19,200,16,16,0.1,val,client_3,16,129,14,143,True,0.6267995570321152
SIDER,fedavg_proto,0.5,0,19,200,16,16,0.1,val,client_3,17,20,123,143,True,0.5414634146341463
SIDER,fedavg_proto,0.5,0,19,200,16,16,0.1,val,client_3,18,104,39,143,True,0.6082347140039448
SIDER,fedavg_proto,0.5,0,19,200,16,16,0.1,val,client_3,19,103,40,143,True,0.5864077669902912
SIDER,fedavg_proto,0.5,0,19,200,16,16,0.1,val,client_3,20,102,41,143,True,0.5188904830224773
SIDER,fedavg_proto,0.5,0,19,200,16,16,0.1,val,client_3,21,98,45,143,True,0.6340136054421769
SIDER,fedavg_proto,0.5,0,19,200,16,16,0.1,val,client_3,22,10,133,143,True,0.6413533834586467
SIDER,fedavg_proto,0.5,0,19,200,16,16,0.1,val,client_3,23,64,79,143,True,0.5027689873417722
SIDER,fedavg_proto,0.5,0,19,200,16,16,0.1,val,client_3,24,104,39,143,True,0.5626232741617357
SIDER,fedavg_proto,0.5,0,19,200,16,16,0.1,val,client_3,25,134,9,143,True,0.6434494195688225
SIDER,fedavg_proto,0.5,0,19,200,16,16,0.1,val,client_3,26,95,48,143,True,0.624122807017544
SIDER,fedavg_proto,0.5,0,19,200,16,16,0.1,test,server,0,72,71,143,True,0.6512128325508607
SIDER,fedavg_proto,0.5,0,19,200,16,16,0.1,test,server,1,105,38,143,True,0.6313283208020051
SIDER,fedavg_proto,0.5,0,19,200,16,16,0.1,test,server,2,5,138,143,True,0.5855072463768116
SIDER,fedavg_proto,0.5,0,19,200,16,16,0.1,test,server,3,90,53,143,True,0.5341719077568134
SIDER,fedavg_proto,0.5,0,19,200,16,16,0.1,test,server,4,118,25,143,True,0.5745762711864406
SIDER,fedavg_proto,0.5,0,19,200,16,16,0.1,test,server,5,104,39,143,True,0.5655818540433926
SIDER,fedavg_proto,0.5,0,19,200,16,16,0.1,test,server,6,134,9,143,True,0.6359867330016583
SIDER,fedavg_proto,0.5,0,19,200,16,16,0.1,test,server,7,24,119,143,True,0.5896358543417367
SIDER,fedavg_proto,0.5,0,19,200,16,16,0.1,test,server,8,91,52,143,True,0.569737954353339
SIDER,fedavg_proto,0.5,0,19,200,16,16,0.1,test,server,9,74,69,143,True,0.6200548374461418
SIDER,fedavg_proto,0.5,0,19,200,16,16,0.1,test,server,10,39,104,143,True,0.6664201183431953
SIDER,fedavg_proto,0.5,0,19,200,16,16,0.1,test,server,11,130,13,143,True,0.4343195266272189
SIDER,fedavg_proto,0.5,0,19,200,16,16,0.1,test,server,12,33,110,143,True,0.6330578512396694
SIDER,fedavg_proto,0.5,0,19,200,16,16,0.1,test,server,13,20,123,143,True,0.6126016260162601
SIDER,fedavg_proto,0.5,0,19,200,16,16,0.1,test,server,14,113,30,143,True,0.5418879056047198
SIDER,fedavg_proto,0.5,0,19,200,16,16,0.1,test,server,15,83,60,143,True,0.6172690763052209
SIDER,fedavg_proto,0.5,0,19,200,16,16,0.1,test,server,16,131,12,143,True,0.6106870229007635
SIDER,fedavg_proto,0.5,0,19,200,16,16,0.1,test,server,17,30,113,143,True,0.6315634218289086
SIDER,fedavg_proto,0.5,0,19,200,16,16,0.1,test,server,18,109,34,143,True,0.5364274150026983
SIDER,fedavg_proto,0.5,0,19,200,16,16,0.1,test,server,19,104,39,143,True,0.4893984220907298
SIDER,fedavg_proto,0.5,0,19,200,16,16,0.1,test,server,20,102,41,143,True,0.5205643232902918
SIDER,fedavg_proto,0.5,0,19,200,16,16,0.1,test,server,21,98,45,143,True,0.5945578231292517
SIDER,fedavg_proto,0.5,0,19,200,16,16,0.1,test,server,22,14,129,143,True,0.570874861572536
SIDER,fedavg_proto,0.5,0,19,200,16,16,0.1,test,server,23,60,83,143,True,0.4610441767068273
SIDER,fedavg_proto,0.5,0,19,200,16,16,0.1,test,server,24,98,45,143,True,0.44240362811791384
SIDER,fedavg_proto,0.5,0,19,200,16,16,0.1,test,server,25,132,11,143,True,0.7279614325068872
SIDER,fedavg_proto,0.5,0,19,200,16,16,0.1,test,server,26,101,42,143,True,0.5676567656765676
SIDER,fedavg_proto,0.5,0,19,200,16,16,0.1,test,client_0,0,72,71,143,True,0.6791862284820033
SIDER,fedavg_proto,0.5,0,19,200,16,16,0.1,test,client_0,1,105,38,143,True,0.6431077694235589
SIDER,fedavg_proto,0.5,0,19,200,16,16,0.1,test,client_0,2,5,138,143,True,0.7753623188405797
SIDER,fedavg_proto,0.5,0,19,200,16,16,0.1,test,client_0,3,90,53,143,True,0.559748427672956
SIDER,fedavg_proto,0.5,0,19,200,16,16,0.1,test,client_0,4,118,25,143,True,0.6603389830508474
SIDER,fedavg_proto,0.5,0,19,200,16,16,0.1,test,client_0,5,104,39,143,True,0.5919625246548323
SIDER,fedavg_proto,0.5,0,19,200,16,16,0.1,test,client_0,6,134,9,143,True,0.6144278606965173
SIDER,fedavg_proto,0.5,0,19,200,16,16,0.1,test,client_0,7,24,119,143,True,0.5532212885154062
SIDER,fedavg_proto,0.5,0,19,200,16,16,0.1,test,client_0,8,91,52,143,True,0.5327557058326289
SIDER,fedavg_proto,0.5,0,19,200,16,16,0.1,test,client_0,9,74,69,143,True,0.5869565217391304
SIDER,fedavg_proto,0.5,0,19,200,16,16,0.1,test,client_0,10,39,104,143,True,0.6841715976331362
SIDER,fedavg_proto,0.5,0,19,200,16,16,0.1,test,client_0,11,130,13,143,True,0.4857988165680473
SIDER,fedavg_proto,0.5,0,19,200,16,16,0.1,test,client_0,12,33,110,143,True,0.6112947658402205
SIDER,fedavg_proto,0.5,0,19,200,16,16,0.1,test,client_0,13,20,123,143,True,0.5626016260162602
SIDER,fedavg_proto,0.5,0,19,200,16,16,0.1,test,client_0,14,113,30,143,True,0.5079646017699115
SIDER,fedavg_proto,0.5,0,19,200,16,16,0.1,test,client_0,15,83,60,143,True,0.6670682730923694
SIDER,fedavg_proto,0.5,0,19,200,16,16,0.1,test,client_0,16,131,12,143,True,0.6819338422391857
SIDER,fedavg_proto,0.5,0,19,200,16,16,0.1,test,client_0,17,30,113,143,True,0.5820058997050147
SIDER,fedavg_proto,0.5,0,19,200,16,16,0.1,test,client_0,18,109,34,143,True,0.5040474905558554
SIDER,fedavg_proto,0.5,0,19,200,16,16,0.1,test,client_0,19,104,39,143,True,0.4903846153846153
SIDER,fedavg_proto,0.5,0,19,200,16,16,0.1,test,client_0,20,102,41,143,True,0.5334768053562888
SIDER,fedavg_proto,0.5,0,19,200,16,16,0.1,test,client_0,21,98,45,143,True,0.5984126984126984
SIDER,fedavg_proto,0.5,0,19,200,16,16,0.1,test,client_0,22,14,129,143,True,0.5736434108527132
SIDER,fedavg_proto,0.5,0,19,200,16,16,0.1,test,client_0,23,60,83,143,True,0.51285140562249
SIDER,fedavg_proto,0.5,0,19,200,16,16,0.1,test,client_0,24,98,45,143,True,0.45351473922902497
SIDER,fedavg_proto,0.5,0,19,200,16,16,0.1,test,client_0,25,132,11,143,True,0.7121212121212123
SIDER,fedavg_proto,0.5,0,19,200,16,16,0.1,test,client_0,26,101,42,143,True,0.5447901933050447
SIDER,fedavg_proto,0.5,0,19,200,16,16,0.1,test,client_1,0,72,71,143,True,0.6263693270735524
SIDER,fedavg_proto,0.5,0,19,200,16,16,0.1,test,client_1,1,105,38,143,True,0.6235588972431078
SIDER,fedavg_proto,0.5,0,19,200,16,16,0.1,test,client_1,2,5,138,143,True,0.6028985507246376
SIDER,fedavg_proto,0.5,0,19,200,16,16,0.1,test,client_1,3,90,53,143,True,0.531027253668763
SIDER,fedavg_proto,0.5,0,19,200,16,16,0.1,test,client_1,4,118,25,143,True,0.5311864406779662
SIDER,fedavg_proto,0.5,0,19,200,16,16,0.1,test,client_1,5,104,39,143,True,0.539447731755424
SIDER,fedavg_proto,0.5,0,19,200,16,16,0.1,test,client_1,6,134,9,143,True,0.548922056384743
SIDER,fedavg_proto,0.5,0,19,200,16,16,0.1,test,client_1,7,24,119,143,True,0.6719187675070029
SIDER,fedavg_proto,0.5,0,19,200,16,16,0.1,test,client_1,8,91,52,143,True,0.5940405748098055
SIDER,fedavg_proto,0.5,0,19,200,16,16,0.1,test,client_1,9,74,69,143,True,0.6905601253427341
SIDER,fedavg_proto,0.5,0,19,200,16,16,0.1,test,client_1,10,39,104,143,True,0.6143984220907297
SIDER,fedavg_proto,0.5,0,19,200,16,16,0.1,test,client_1,11,130,13,143,True,0.4715976331360947
SIDER,fedavg_proto,0.5,0,19,200,16,16,0.1,test,client_1,12,33,110,143,True,0.6807162534435263
SIDER,fedavg_proto,0.5,0,19,200,16,16,0.1,test,client_1,13,20,123,143,True,0.6699186991869919
SIDER,fedavg_proto,0.5,0,19,200,16,16,0.1,test,client_1,14,113,30,143,True,0.5654867256637168
SIDER,fedavg_proto,0.5,0,19,200,16,16,0.1,test,client_1,15,83,60,143,True,0.5734939759036144
SIDER,fedavg_proto,0.5,0,19,200,16,16,0.1,test,client_1,16,131,12,143,True,0.5139949109414759
SIDER,fedavg_proto,0.5,0,19,200,16,16,0.1,test,client_1,17,30,113,143,True,0.6094395280235988
SIDER,fedavg_proto,0.5,0,19,200,16,16,0.1,test,client_1,18,109,34,143,True,0.5752833243389099
SIDER,fedavg_proto,0.5,0,19,200,16,16,0.1,test,client_1,19,104,39,143,True,0.5113412228796844
SIDER,fedavg_proto,0.5,0,19,200,16,16,0.1,test,client_1,20,102,41,143,True,0.5712577714012435
SIDER,fedavg_proto,0.5,0,19,200,16,16,0.1,test,client_1,21,98,45,143,True,0.5526077097505669
SIDER,fedavg_proto,0.5,0,19,200,16,16,0.1,test,client_1,22,14,129,143,True,0.7026578073089702
SIDER,fedavg_proto,0.5,0,19,200,16,16,0.1,test,client_1,23,60,83,143,True,0.5064257028112449
SIDER,fedavg_proto,0.5,0,19,200,16,16,0.1,test,client_1,24,98,45,143,True,0.4954648526077098
SIDER,fedavg_proto,0.5,0,19,200,16,16,0.1,test,client_1,25,132,11,143,True,0.6783746556473829
SIDER,fedavg_proto,0.5,0,19,200,16,16,0.1,test,client_1,26,101,42,143,True,0.6065535124941066
SIDER,fedavg_proto,0.5,0,19,200,16,16,0.1,test,client_2,0,72,71,143,True,0.5584898278560251
SIDER,fedavg_proto,0.5,0,19,200,16,16,0.1,test,client_2,1,105,38,143,True,0.5588972431077693
SIDER,fedavg_proto,0.5,0,19,200,16,16,0.1,test,client_2,2,5,138,143,True,0.5753623188405798
SIDER,fedavg_proto,0.5,0,19,200,16,16,0.1,test,client_2,3,90,53,143,True,0.48867924528301887
SIDER,fedavg_proto,0.5,0,19,200,16,16,0.1,test,client_2,4,118,25,143,True,0.48644067796610174
SIDER,fedavg_proto,0.5,0,19,200,16,16,0.1,test,client_2,5,104,39,143,True,0.5147928994082841
SIDER,fedavg_proto,0.5,0,19,200,16,16,0.1,test,client_2,6,134,9,143,True,0.5422885572139303
SIDER,fedavg_proto,0.5,0,19,200,16,16,0.1,test,client_2,7,24,119,143,True,0.5710784313725491
SIDER,fedavg_proto,0.5,0,19,200,16,16,0.1,test,client_2,8,91,52,143,True,0.5158495350803043
SIDER,fedavg_proto,0.5,0,19,200,16,16,0.1,test,client_2,9,74,69,143,True,0.5411280846063455
SIDER,fedavg_proto,0.5,0,19,200,16,16,0.1,test,client_2,10,39,104,143,True,0.6240138067061145
SIDER,fedavg_proto,0.5,0,19,200,16,16,0.1,test,client_2,11,130,13,143,True,0.3958579881656805
SIDER,fedavg_proto,0.5,0,19,200,16,16,0.1,test,client_2,12,33,110,143,True,0.6170798898071626
SIDER,fedavg_proto,0.5,0,19,200,16,16,0.1,test,client_2,13,20,123,143,True,0.6024390243902439
SIDER,fedavg_proto,0.5,0,19,200,16,16,0.1,test,client_2,14,113,30,143,True,0.4672566371681416
SIDER,fedavg_proto,0.5,0,19,200,16,16,0.1,test,client_2,15,83,60,143,True,0.566867469879518
SIDER,fedavg_proto,0.5,0,19,200,16,16,0.1,test,client_2,16,131,12,143,True,0.5712468193384225
SIDER,fedavg_proto,0.5,0,19,200,16,16,0.1,test,client_2,17,30,113,143,True,0.5938053097345133
SIDER,fedavg_proto,0.5,0,19,200,16,16,0.1,test,client_2,18,109,34,143,True,0.5226659471127901
SIDER,fedavg_proto,0.5,0,19,200,16,16,0.1,test,client_2,19,104,39,143,True,0.4955621301775147
SIDER,fedavg_proto,0.5,0,19,200,16,16,0.1,test,client_2,20,102,41,143,True,0.5227164036346246
SIDER,fedavg_proto,0.5,0,19,200,16,16,0.1,test,client_2,21,98,45,143,True,0.5988662131519275
SIDER,fedavg_proto,0.5,0,19,200,16,16,0.1,test,client_2,22,14,129,143,True,0.5575858250276855
SIDER,fedavg_proto,0.5,0,19,200,16,16,0.1,test,client_2,23,60,83,143,True,0.48594377510040165
SIDER,fedavg_proto,0.5,0,19,200,16,16,0.1,test,client_2,24,98,45,143,True,0.373922902494331
SIDER,fedavg_proto,0.5,0,19,200,16,16,0.1,test,client_2,25,132,11,143,True,0.650137741046832
SIDER,fedavg_proto,0.5,0,19,200,16,16,0.1,test,client_2,26,101,42,143,True,0.5695426685525695
SIDER,fedavg_proto,0.5,0,19,200,16,16,0.1,test,client_3,0,72,71,143,True,0.6205007824726134
SIDER,fedavg_proto,0.5,0,19,200,16,16,0.1,test,client_3,1,105,38,143,True,0.631578947368421
SIDER,fedavg_proto,0.5,0,19,200,16,16,0.1,test,client_3,2,5,138,143,True,0.644927536231884
SIDER,fedavg_proto,0.5,0,19,200,16,16,0.1,test,client_3,3,90,53,143,True,0.549475890985325
SIDER,fedavg_proto,0.5,0,19,200,16,16,0.1,test,client_3,4,118,25,143,True,0.607457627118644
SIDER,fedavg_proto,0.5,0,19,200,16,16,0.1,test,client_3,5,104,39,143,True,0.5779092702169626
SIDER,fedavg_proto,0.5,0,19,200,16,16,0.1,test,client_3,6,134,9,143,True,0.6832504145936982
SIDER,fedavg_proto,0.5,0,19,200,16,16,0.1,test,client_3,7,24,119,143,True,0.6211484593837535
SIDER,fedavg_proto,0.5,0,19,200,16,16,0.1,test,client_3,8,91,52,143,True,0.544167371090448
SIDER,fedavg_proto,0.5,0,19,200,16,16,0.1,test,client_3,9,74,69,143,True,0.6564825695260478
SIDER,fedavg_proto,0.5,0,19,200,16,16,0.1,test,client_3,10,39,104,143,True,0.625
SIDER,fedavg_proto,0.5,0,19,200,16,16,0.1,test,client_3,11,130,13,143,True,0.5928994082840237
SIDER,fedavg_proto,0.5,0,19,200,16,16,0.1,test,client_3,12,33,110,143,True,0.6586776859504132
SIDER,fedavg_proto,0.5,0,19,200,16,16,0.1,test,client_3,13,20,123,143,True,0.6097560975609756
SIDER,fedavg_proto,0.5,0,19,200,16,16,0.1,test,client_3,14,113,30,143,True,0.643362831858407
SIDER,fedavg_proto,0.5,0,19,200,16,16,0.1,test,client_3,15,83,60,143,True,0.6504016064257028
SIDER,fedavg_proto,0.5,0,19,200,16,16,0.1,test,client_3,16,131,12,143,True,0.7067430025445293
SIDER,fedavg_proto,0.5,0,19,200,16,16,0.1,test,client_3,17,30,113,143,True,0.5958702064896756
SIDER,fedavg_proto,0.5,0,19,200,16,16,0.1,test,client_3,18,109,34,143,True,0.5739341608202915
SIDER,fedavg_proto,0.5,0,19,200,16,16,0.1,test,client_3,19,104,39,143,True,0.5367357001972387
SIDER,fedavg_proto,0.5,0,19,200,16,16,0.1,test,client_3,20,102,41,143,True,0.5521281683405069
SIDER,fedavg_proto,0.5,0,19,200,16,16,0.1,test,client_3,21,98,45,143,True,0.6471655328798186
SIDER,fedavg_proto,0.5,0,19,200,16,16,0.1,test,client_3,22,14,129,143,True,0.6184939091915836
SIDER,fedavg_proto,0.5,0,19,200,16,16,0.1,test,client_3,23,60,83,143,True,0.5042168674698795
SIDER,fedavg_proto,0.5,0,19,200,16,16,0.1,test,client_3,24,98,45,143,True,0.5117913832199547
SIDER,fedavg_proto,0.5,0,19,200,16,16,0.1,test,client_3,25,132,11,143,True,0.6584022038567493
SIDER,fedavg_proto,0.5,0,19,200,16,16,0.1,test,client_3,26,101,42,143,True,0.5733144743045733
SIDER,fedavg_proto,0.5,0,20,200,16,16,0.1,val,server,0,76,67,143,True,0.6305970149253732
SIDER,fedavg_proto,0.5,0,20,200,16,16,0.1,val,server,1,99,44,143,True,0.6724058769513315
SIDER,fedavg_proto,0.5,0,20,200,16,16,0.1,val,server,2,2,141,143,True,0.6879432624113475
SIDER,fedavg_proto,0.5,0,20,200,16,16,0.1,val,server,3,85,58,143,True,0.6352941176470589
SIDER,fedavg_proto,0.5,0,20,200,16,16,0.1,val,server,4,117,26,143,True,0.6502301117685734
SIDER,fedavg_proto,0.5,0,20,200,16,16,0.1,val,server,5,99,44,143,True,0.5899908172635445
SIDER,fedavg_proto,0.5,0,20,200,16,16,0.1,val,server,6,131,12,143,True,0.7582697201017813
SIDER,fedavg_proto,0.5,0,20,200,16,16,0.1,val,server,7,20,123,143,True,0.5873983739837398
SIDER,fedavg_proto,0.5,0,20,200,16,16,0.1,val,server,8,97,46,143,True,0.6337965038099507
SIDER,fedavg_proto,0.5,0,20,200,16,16,0.1,val,server,9,71,72,143,True,0.6025039123630673
SIDER,fedavg_proto,0.5,0,20,200,16,16,0.1,val,server,10,35,108,143,True,0.5587301587301587
SIDER,fedavg_proto,0.5,0,20,200,16,16,0.1,val,server,11,130,13,143,True,0.5946745562130177
SIDER,fedavg_proto,0.5,0,20,200,16,16,0.1,val,server,12,37,106,143,True,0.644314125446201
SIDER,fedavg_proto,0.5,0,20,200,16,16,0.1,val,server,13,20,123,143,True,0.6048780487804878
SIDER,fedavg_proto,0.5,0,20,200,16,16,0.1,val,server,14,107,36,143,True,0.5532191069574247
SIDER,fedavg_proto,0.5,0,20,200,16,16,0.1,val,server,15,94,49,143,True,0.7118975249674337
SIDER,fedavg_proto,0.5,0,20,200,16,16,0.1,val,server,16,129,14,143,True,0.6389811738648948
SIDER,fedavg_proto,0.5,0,20,200,16,16,0.1,val,server,17,20,123,143,True,0.5235772357723577
SIDER,fedavg_proto,0.5,0,20,200,16,16,0.1,val,server,18,104,39,143,True,0.5483234714003945
SIDER,fedavg_proto,0.5,0,20,200,16,16,0.1,val,server,19,103,40,143,True,0.5798543689320388
SIDER,fedavg_proto,0.5,0,20,200,16,16,0.1,val,server,20,102,41,143,True,0.5674318507890961
SIDER,fedavg_proto,0.5,0,20,200,16,16,0.1,val,server,21,98,45,143,True,0.6117913832199546
SIDER,fedavg_proto,0.5,0,20,200,16,16,0.1,val,server,22,10,133,143,True,0.6195488721804512
SIDER,fedavg_proto,0.5,0,20,200,16,16,0.1,val,server,23,64,79,143,True,0.5662579113924051
SIDER,fedavg_proto,0.5,0,20,200,16,16,0.1,val,server,24,104,39,143,True,0.5838264299802762
SIDER,fedavg_proto,0.5,0,20,200,16,16,0.1,val,server,25,134,9,143,True,0.7628524046434495
SIDER,fedavg_proto,0.5,0,20,200,16,16,0.1,val,server,26,95,48,143,True,0.6021929824561403
SIDER,fedavg_proto,0.5,0,20,200,16,16,0.1,val,client_0,0,76,67,143,True,0.6447368421052632
SIDER,fedavg_proto,0.5,0,20,200,16,16,0.1,val,client_0,1,99,44,143,True,0.6854912764003672
SIDER,fedavg_proto,0.5,0,20,200,16,16,0.1,val,client_0,2,2,141,143,True,0.8368794326241135
SIDER,fedavg_proto,0.5,0,20,200,16,16,0.1,val,client_0,3,85,58,143,True,0.5904665314401623
SIDER,fedavg_proto,0.5,0,20,200,16,16,0.1,val,client_0,4,117,26,143,True,0.6781722550953321
SIDER,fedavg_proto,0.5,0,20,200,16,16,0.1,val,client_0,5,99,44,143,True,0.6804407713498623
SIDER,fedavg_proto,0.5,0,20,200,16,16,0.1,val,client_0,6,131,12,143,True,0.7595419847328244
SIDER,fedavg_proto,0.5,0,20,200,16,16,0.1,val,client_0,7,20,123,143,True,0.6211382113821138
SIDER,fedavg_proto,0.5,0,20,200,16,16,0.1,val,client_0,8,97,46,143,True,0.6167637830569251
SIDER,fedavg_proto,0.5,0,20,200,16,16,0.1,val,client_0,9,71,72,143,True,0.5528169014084506
SIDER,fedavg_proto,0.5,0,20,200,16,16,0.1,val,client_0,10,35,108,143,True,0.6060846560846561
SIDER,fedavg_proto,0.5,0,20,200,16,16,0.1,val,client_0,11,130,13,143,True,0.6035502958579881
SIDER,fedavg_proto,0.5,0,20,200,16,16,0.1,val,client_0,12,37,106,143,True,0.6157572667006629
SIDER,fedavg_proto,0.5,0,20,200,16,16,0.1,val,client_0,13,20,123,143,True,0.6845528455284553
SIDER,fedavg_proto,0.5,0,20,200,16,16,0.1,val,client_0,14,107,36,143,True,0.5625649013499481
SIDER,fedavg_proto,0.5,0,20,200,16,16,0.1,val,client_0,15,94,49,143,True,0.6875814155449413
SIDER,fedavg_proto,0.5,0,20,200,16,16,0.1,val,client_0,16,129,14,143,True,0.6716500553709857
SIDER,fedavg_proto,0.5,0,20,200,16,16,0.1,val,client_0,17,20,123,143,True,0.5703252032520325
SIDER,fedavg_proto,0.5,0,20,200,16,16,0.1,val,client_0,18,104,39,143,True,0.5532544378698224
SIDER,fedavg_proto,0.5,0,20,200,16,16,0.1,val,client_0,19,103,40,143,True,0.6550970873786407
SIDER,fedavg_proto,0.5,0,20,200,16,16,0.1,val,client_0,20,102,41,143,True,0.6747967479674796
SIDER,fedavg_proto,0.5,0,20,200,16,16,0.1,val,client_0,21,98,45,143,True,0.6614512471655328
SIDER,fedavg_proto,0.5,0,20,200,16,16,0.1,val,client_0,22,10,133,143,True,0.6090225563909775
SIDER,fedavg_proto,0.5,0,20,200,16,16,0.1,val,client_0,23,64,79,143,True,0.5996835443037974
SIDER,fedavg_proto,0.5,0,20,200,16,16,0.1,val,client_0,24,104,39,143,True,0.627465483234714
SIDER,fedavg_proto,0.5,0,20,200,16,16,0.1,val,client_0,25,134,9,143,True,0.7761194029850746
SIDER,fedavg_proto,0.5,0,20,200,16,16,0.1,val,client_0,26,95,48,143,True,0.6403508771929824
SIDER,fedavg_proto,0.5,0,20,200,16,16,0.1,val,client_1,0,76,67,143,True,0.6119402985074627
SIDER,fedavg_proto,0.5,0,20,200,16,16,0.1,val,client_1,1,99,44,143,True,0.6315426997245179
SIDER,fedavg_proto,0.5,0,20,200,16,16,0.1,val,client_1,2,2,141,143,True,0.6843971631205674
SIDER,fedavg_proto,0.5,0,20,200,16,16,0.1,val,client_1,3,85,58,143,True,0.6448275862068966
SIDER,fedavg_proto,0.5,0,20,200,16,16,0.1,val,client_1,4,117,26,143,True,0.6186719263642341
SIDER,fedavg_proto,0.5,0,20,200,16,16,0.1,val,client_1,5,99,44,143,True,0.5463728191000918
SIDER,fedavg_proto,0.5,0,20,200,16,16,0.1,val,client_1,6,131,12,143,True,0.7175572519083969
SIDER,fedavg_proto,0.5,0,20,200,16,16,0.1,val,client_1,7,20,123,143,True,0.5239837398373983
SIDER,fedavg_proto,0.5,0,20,200,16,16,0.1,val,client_1,8,97,46,143,True,0.578664276109368
SIDER,fedavg_proto,0.5,0,20,200,16,16,0.1,val,client_1,9,71,72,143,True,0.610133020344288
SIDER,fedavg_proto,0.5,0,20,200,16,16,0.1,val,client_1,10,35,108,143,True,0.5584656084656084
SIDER,fedavg_proto,0.5,0,20,200,16,16,0.1,val,client_1,11,130,13,143,True,0.5834319526627219
SIDER,fedavg_proto,0.5,0,20,200,16,16,0.1,val,client_1,12,37,106,143,True,0.5645079041305456
SIDER,fedavg_proto,0.5,0,20,200,16,16,0.1,val,client_1,13,20,123,143,True,0.5983739837398374
SIDER,fedavg_proto,0.5,0,20,200,16,16,0.1,val,client_1,14,107,36,143,True,0.5674974039460021
SIDER,fedavg_proto,0.5,0,20,200,16,16,0.1,val,client_1,15,94,49,143,True,0.6693443334780721
SIDER,fedavg_proto,0.5,0,20,200,16,16,0.1,val,client_1,16,129,14,143,True,0.615171650055371
SIDER,fedavg_proto,0.5,0,20,200,16,16,0.1,val,client_1,17,20,123,143,True,0.49878048780487805
SIDER,fedavg_proto,0.5,0,20,200,16,16,0.1,val,client_1,18,104,39,143,True,0.4866863905325443
SIDER,fedavg_proto,0.5,0,20,200,16,16,0.1,val,client_1,19,103,40,143,True,0.5737864077669902
SIDER,fedavg_proto,0.5,0,20,200,16,16,0.1,val,client_1,20,102,41,143,True,0.5769966523194644
SIDER,fedavg_proto,0.5,0,20,200,16,16,0.1,val,client_1,21,98,45,143,True,0.6090702947845805
SIDER,fedavg_proto,0.5,0,20,200,16,16,0.1,val,client_1,22,10,133,143,True,0.5541353383458647
SIDER,fedavg_proto,0.5,0,20,200,16,16,0.1,val,client_1,23,64,79,143,True,0.5476661392405063
SIDER,fedavg_proto,0.5,0,20,200,16,16,0.1,val,client_1,24,104,39,143,True,0.5968934911242604
SIDER,fedavg_proto,0.5,0,20,200,16,16,0.1,val,client_1,25,134,9,143,True,0.786898839137645
SIDER,fedavg_proto,0.5,0,20,200,16,16,0.1,val,client_1,26,95,48,143,True,0.5782894736842106
SIDER,fedavg_proto,0.5,0,20,200,16,16,0.1,val,client_2,0,76,67,143,True,0.5186567164179104
SIDER,fedavg_proto,0.5,0,20,200,16,16,0.1,val,client_2,1,99,44,143,True,0.5808080808080808
SIDER,fedavg_proto,0.5,0,20,200,16,16,0.1,val,client_2,2,2,141,143,True,0.9007092198581561
SIDER,fedavg_proto,0.5,0,20,200,16,16,0.1,val,client_2,3,85,58,143,True,0.6188640973630831
SIDER,fedavg_proto,0.5,0,20,200,16,16,0.1,val,client_2,4,117,26,143,True,0.542077580539119
SIDER,fedavg_proto,0.5,0,20,200,16,16,0.1,val,client_2,5,99,44,143,True,0.5608356290174472
SIDER,fedavg_proto,0.5,0,20,200,16,16,0.1,val,client_2,6,131,12,143,True,0.7162849872773537
SIDER,fedavg_proto,0.5,0,20,200,16,16,0.1,val,client_2,7,20,123,143,True,0.5369918699186991
SIDER,fedavg_proto,0.5,0,20,200,16,16,0.1,val,client_2,8,97,46,143,True,0.5887494397131332
SIDER,fedavg_proto,0.5,0,20,200,16,16,0.1,val,client_2,9,71,72,143,True,0.6130672926447575
SIDER,fedavg_proto,0.5,0,20,200,16,16,0.1,val,client_2,10,35,108,143,True,0.5537037037037037
SIDER,fedavg_proto,0.5,0,20,200,16,16,0.1,val,client_2,11,130,13,143,True,0.4396449704142012
SIDER,fedavg_proto,0.5,0,20,200,16,16,0.1,val,client_2,12,37,106,143,True,0.6055583885772565
SIDER,fedavg_proto,0.5,0,20,200,16,16,0.1,val,client_2,13,20,123,143,True,0.6113821138211383
SIDER,fedavg_proto,0.5,0,20,200,16,16,0.1,val,client_2,14,107,36,143,True,0.4919522326064382
SIDER,fedavg_proto,0.5,0,20,200,16,16,0.1,val,client_2,15,94,49,143,True,0.6196265740338689
SIDER,fedavg_proto,0.5,0,20,200,16,16,0.1,val,client_2,16,129,14,143,True,0.5559246954595792
SIDER,fedavg_proto,0.5,0,20,200,16,16,0.1,val,client_2,17,20,123,143,True,0.49390243902439024
SIDER,fedavg_proto,0.5,0,20,200,16,16,0.1,val,client_2,18,104,39,143,True,0.5387080867850099
SIDER,fedavg_proto,0.5,0,20,200,16,16,0.1,val,client_2,19,103,40,143,True,0.545388349514563
SIDER,fedavg_proto,0.5,0,20,200,16,16,0.1,val,client_2,20,102,41,143,True,0.476805356288857
SIDER,fedavg_proto,0.5,0,20,200,16,16,0.1,val,client_2,21,98,45,143,True,0.5662131519274376
SIDER,fedavg_proto,0.5,0,20,200,16,16,0.1,val,client_2,22,10,133,143,True,0.6000000000000001
SIDER,fedavg_proto,0.5,0,20,200,16,16,0.1,val,client_2,23,64,79,143,True,0.5810917721518988
SIDER,fedavg_proto,0.5,0,20,200,16,16,0.1,val,client_2,24,104,39,143,True,0.5870315581854044
SIDER,fedavg_proto,0.5,0,20,200,16,16,0.1,val,client_2,25,134,9,143,True,0.5746268656716418
SIDER,fedavg_proto,0.5,0,20,200,16,16,0.1,val,client_2,26,95,48,143,True,0.5399122807017543
SIDER,fedavg_proto,0.5,0,20,200,16,16,0.1,val,client_3,0,76,67,143,True,0.6231343283582089
SIDER,fedavg_proto,0.5,0,20,200,16,16,0.1,val,client_3,1,99,44,143,True,0.6505968778696052
SIDER,fedavg_proto,0.5,0,20,200,16,16,0.1,val,client_3,2,2,141,143,True,0.8829787234042553
SIDER,fedavg_proto,0.5,0,20,200,16,16,0.1,val,client_3,3,85,58,143,True,0.5819472616632859
SIDER,fedavg_proto,0.5,0,20,200,16,16,0.1,val,client_3,4,117,26,143,True,0.6357659434582512
SIDER,fedavg_proto,0.5,0,20,200,16,16,0.1,val,client_3,5,99,44,143,True,0.6016988062442608
SIDER,fedavg_proto,0.5,0,20,200,16,16,0.1,val,client_3,6,131,12,143,True,0.7270992366412214
SIDER,fedavg_proto,0.5,0,20,200,16,16,0.1,val,client_3,7,20,123,143,True,0.583739837398374
SIDER,fedavg_proto,0.5,0,20,200,16,16,0.1,val,client_3,8,97,46,143,True,0.6163155535634245
SIDER,fedavg_proto,0.5,0,20,200,16,16,0.1,val,client_3,9,71,72,143,True,0.5811815336463224
SIDER,fedavg_proto,0.5,0,20,200,16,16,0.1,val,client_3,10,35,108,143,True,0.6018518518518519
SIDER,fedavg_proto,0.5,0,20,200,16,16,0.1,val,client_3,11,130,13,143,True,0.5254437869822485
SIDER,fedavg_proto,0.5,0,20,200,16,16,0.1,val,client_3,12,37,106,143,True,0.6654767975522693
SIDER,fedavg_proto,0.5,0,20,200,16,16,0.1,val,client_3,13,20,123,143,True,0.5695121951219513
SIDER,fedavg_proto,0.5,0,20,200,16,16,0.1,val,client_3,14,107,36,143,True,0.5353063343717549
SIDER,fedavg_proto,0.5,0,20,200,16,16,0.1,val,client_3,15,94,49,143,True,0.662613981762918
SIDER,fedavg_proto,0.5,0,20,200,16,16,0.1,val,client_3,16,129,14,143,True,0.6074197120708749
SIDER,fedavg_proto,0.5,0,20,200,16,16,0.1,val,client_3,17,20,123,143,True,0.5373983739837398
SIDER,fedavg_proto,0.5,0,20,200,16,16,0.1,val,client_3,18,104,39,143,True,0.6129191321499013
SIDER,fedavg_proto,0.5,0,20,200,16,16,0.1,val,client_3,19,103,40,143,True,0.5711165048543689
SIDER,fedavg_proto,0.5,0,20,200,16,16,0.1,val,client_3,20,102,41,143,True,0.48995695839311326
SIDER,fedavg_proto,0.5,0,20,200,16,16,0.1,val,client_3,21,98,45,143,True,0.6061224489795918
SIDER,fedavg_proto,0.5,0,20,200,16,16,0.1,val,client_3,22,10,133,143,True,0.649624060150376
SIDER,fedavg_proto,0.5,0,20,200,16,16,0.1,val,client_3,23,64,79,143,True,0.5140427215189873
SIDER,fedavg_proto,0.5,0,20,200,16,16,0.1,val,client_3,24,104,39,143,True,0.5505424063116371
SIDER,fedavg_proto,0.5,0,20,200,16,16,0.1,val,client_3,25,134,9,143,True,0.6177446102819237
SIDER,fedavg_proto,0.5,0,20,200,16,16,0.1,val,client_3,26,95,48,143,True,0.5929824561403508
SIDER,fedavg_proto,0.5,0,20,200,16,16,0.1,test,server,0,72,71,143,True,0.653169014084507
SIDER,fedavg_proto,0.5,0,20,200,16,16,0.1,test,server,1,105,38,143,True,0.6483709273182957
SIDER,fedavg_proto,0.5,0,20,200,16,16,0.1,test,server,2,5,138,143,True,0.5884057971014494
SIDER,fedavg_proto,0.5,0,20,200,16,16,0.1,test,server,3,90,53,143,True,0.5371069182389937
SIDER,fedavg_proto,0.5,0,20,200,16,16,0.1,test,server,4,118,25,143,True,0.5776271186440678
SIDER,fedavg_proto,0.5,0,20,200,16,16,0.1,test,server,5,104,39,143,True,0.5611439842209073
SIDER,fedavg_proto,0.5,0,20,200,16,16,0.1,test,server,6,134,9,143,True,0.6127694859038142
SIDER,fedavg_proto,0.5,0,20,200,16,16,0.1,test,server,7,24,119,143,True,0.6081932773109244
SIDER,fedavg_proto,0.5,0,20,200,16,16,0.1,test,server,8,91,52,143,True,0.5739644970414202
SIDER,fedavg_proto,0.5,0,20,200,16,16,0.1,test,server,9,74,69,143,True,0.6314140227183707
SIDER,fedavg_proto,0.5,0,20,200,16,16,0.1,test,server,10,39,104,143,True,0.6646942800788954
SIDER,fedavg_proto,0.5,0,20,200,16,16,0.1,test,server,11,130,13,143,True,0.4615384615384615
SIDER,fedavg_proto,0.5,0,20,200,16,16,0.1,test,server,12,33,110,143,True,0.6393939393939394
SIDER,fedavg_proto,0.5,0,20,200,16,16,0.1,test,server,13,20,123,143,True,0.6447154471544716
SIDER,fedavg_proto,0.5,0,20,200,16,16,0.1,test,server,14,113,30,143,True,0.5421828908554572
SIDER,fedavg_proto,0.5,0,20,200,16,16,0.1,test,server,15,83,60,143,True,0.6220883534136546
SIDER,fedavg_proto,0.5,0,20,200,16,16,0.1,test,server,16,131,12,143,True,0.638676844783715
SIDER,fedavg_proto,0.5,0,20,200,16,16,0.1,test,server,17,30,113,143,True,0.636283185840708
SIDER,fedavg_proto,0.5,0,20,200,16,16,0.1,test,server,18,109,34,143,True,0.5477603885590934
SIDER,fedavg_proto,0.5,0,20,200,16,16,0.1,test,server,19,104,39,143,True,0.4930966469428008
SIDER,fedavg_proto,0.5,0,20,200,16,16,0.1,test,server,20,102,41,143,True,0.5119560019129603
SIDER,fedavg_proto,0.5,0,20,200,16,16,0.1,test,server,21,98,45,143,True,0.5882086167800454
SIDER,fedavg_proto,0.5,0,20,200,16,16,0.1,test,server,22,14,129,143,True,0.6046511627906976
SIDER,fedavg_proto,0.5,0,20,200,16,16,0.1,test,server,23,60,83,143,True,0.47791164658634533
SIDER,fedavg_proto,0.5,0,20,200,16,16,0.1,test,server,24,98,45,143,True,0.44988662131519275
SIDER,fedavg_proto,0.5,0,20,200,16,16,0.1,test,server,25,132,11,143,True,0.7107438016528926
SIDER,fedavg_proto,0.5,0,20,200,16,16,0.1,test,server,26,101,42,143,True,0.5754361150400754
SIDER,fedavg_proto,0.5,0,20,200,16,16,0.1,test,client_0,0,72,71,143,True,0.6711658841940532
SIDER,fedavg_proto,0.5,0,20,200,16,16,0.1,test,client_0,1,105,38,143,True,0.6045112781954888
SIDER,fedavg_proto,0.5,0,20,200,16,16,0.1,test,client_0,2,5,138,143,True,0.7724637681159421
SIDER,fedavg_proto,0.5,0,20,200,16,16,0.1,test,client_0,3,90,53,143,True,0.5241090146750524
SIDER,fedavg_proto,0.5,0,20,200,16,16,0.1,test,client_0,4,118,25,143,True,0.6650847457627119
SIDER,fedavg_proto,0.5,0,20,200,16,16,0.1,test,client_0,5,104,39,143,True,0.5781558185404339
SIDER,fedavg_proto,0.5,0,20,200,16,16,0.1,test,client_0,6,134,9,143,True,0.5829187396351576
SIDER,fedavg_proto,0.5,0,20,200,16,16,0.1,test,client_0,7,24,119,143,True,0.5378151260504201
SIDER,fedavg_proto,0.5,0,20,200,16,16,0.1,test,client_0,8,91,52,143,True,0.5534657650042265
SIDER,fedavg_proto,0.5,0,20,200,16,16,0.1,test,client_0,9,74,69,143,True,0.590285938112025
SIDER,fedavg_proto,0.5,0,20,200,16,16,0.1,test,client_0,10,39,104,143,True,0.6730769230769231
SIDER,fedavg_proto,0.5,0,20,200,16,16,0.1,test,client_0,11,130,13,143,True,0.5958579881656805
SIDER,fedavg_proto,0.5,0,20,200,16,16,0.1,test,client_0,12,33,110,143,True,0.568870523415978
SIDER,fedavg_proto,0.5,0,20,200,16,16,0.1,test,client_0,13,20,123,143,True,0.5593495934959349
SIDER,fedavg_proto,0.5,0,20,200,16,16,0.1,test,client_0,14,113,30,143,True,0.5348082595870207
SIDER,fedavg_proto,0.5,0,20,200,16,16,0.1,test,client_0,15,83,60,143,True,0.6672690763052209
SIDER,fedavg_proto,0.5,0,20,200,16,16,0.1,test,client_0,16,131,12,143,True,0.7277353689567431
SIDER,fedavg_proto,0.5,0,20,200,16,16,0.1,test,client_0,17,30,113,143,True,0.5460176991150443
SIDER,fedavg_proto,0.5,0,20,200,16,16,0.1,test,client_0,18,109,34,143,True,0.511332973556395
SIDER,fedavg_proto,0.5,0,20,200,16,16,0.1,test,client_0,19,104,39,143,True,0.49728796844181455
SIDER,fedavg_proto,0.5,0,20,200,16,16,0.1,test,client_0,20,102,41,143,True,0.5310856049736967
SIDER,fedavg_proto,0.5,0,20,200,16,16,0.1,test,client_0,21,98,45,143,True,0.5868480725623583
SIDER,fedavg_proto,0.5,0,20,200,16,16,0.1,test,client_0,22,14,129,143,True,0.5121816168327796
SIDER,fedavg_proto,0.5,0,20,200,16,16,0.1,test,client_0,23,60,83,143,True,0.5281124497991967
SIDER,fedavg_proto,0.5,0,20,200,16,16,0.1,test,client_0,24,98,45,143,True,0.44195011337868484
SIDER,fedavg_proto,0.5,0,20,200,16,16,0.1,test,client_0,25,132,11,143,True,0.6721763085399449
SIDER,fedavg_proto,0.5,0,20,200,16,16,0.1,test,client_0,26,101,42,143,True,0.6025459688826026
SIDER,fedavg_proto,0.5,0,20,200,16,16,0.1,test,client_1,0,72,71,143,True,0.6195226917057902
SIDER,fedavg_proto,0.5,0,20,200,16,16,0.1,test,client_1,1,105,38,143,True,0.5984962406015037
SIDER,fedavg_proto,0.5,0,20,200,16,16,0.1,test,client_1,2,5,138,143,True,0.5855072463768116
SIDER,fedavg_proto,0.5,0,20,200,16,16,0.1,test,client_1,3,90,53,143,True,0.529769392033543
SIDER,fedavg_proto,0.5,0,20,200,16,16,0.1,test,client_1,4,118,25,143,True,0.5162711864406779
SIDER,fedavg_proto,0.5,0,20,200,16,16,0.1,test,client_1,5,104,39,143,True,0.5308185404339251
SIDER,fedavg_proto,0.5,0,20,200,16,16,0.1,test,client_1,6,134,9,143,True,0.5414593698175788
SIDER,fedavg_proto,0.5,0,20,200,16,16,0.1,test,client_1,7,24,119,143,True,0.6911764705882353
SIDER,fedavg_proto,0.5,0,20,200,16,16,0.1,test,client_1,8,91,52,143,True,0.5940405748098054
SIDER,fedavg_proto,0.5,0,20,200,16,16,0.1,test,client_1,9,74,69,143,True,0.6770466118292204
SIDER,fedavg_proto,0.5,0,20,200,16,16,0.1,test,client_1,10,39,104,143,True,0.617603550295858
SIDER,fedavg_proto,0.5,0,20,200,16,16,0.1,test,client_1,11,130,13,143,True,0.4757396449704142
SIDER,fedavg_proto,0.5,0,20,200,16,16,0.1,test,client_1,12,33,110,143,True,0.6548209366391184
SIDER,fedavg_proto,0.5,0,20,200,16,16,0.1,test,client_1,13,20,123,143,True,0.6890243902439024
SIDER,fedavg_proto,0.5,0,20,200,16,16,0.1,test,client_1,14,113,30,143,True,0.5619469026548672
SIDER,fedavg_proto,0.5,0,20,200,16,16,0.1,test,client_1,15,83,60,143,True,0.564859437751004
SIDER,fedavg_proto,0.5,0,20,200,16,16,0.1,test,client_1,16,131,12,143,True,0.510178117048346
SIDER,fedavg_proto,0.5,0,20,200,16,16,0.1,test,client_1,17,30,113,143,True,0.5899705014749262
SIDER,fedavg_proto,0.5,0,20,200,16,16,0.1,test,client_1,18,109,34,143,True,0.5642201834862385
SIDER,fedavg_proto,0.5,0,20,200,16,16,0.1,test,client_1,19,104,39,143,True,0.5024654832347141
SIDER,fedavg_proto,0.5,0,20,200,16,16,0.1,test,client_1,20,102,41,143,True,0.5679100908656145
SIDER,fedavg_proto,0.5,0,20,200,16,16,0.1,test,client_1,21,98,45,143,True,0.5356009070294784
SIDER,fedavg_proto,0.5,0,20,200,16,16,0.1,test,client_1,22,14,129,143,True,0.7009966777408638
SIDER,fedavg_proto,0.5,0,20,200,16,16,0.1,test,client_1,23,60,83,143,True,0.5050200803212852
SIDER,fedavg_proto,0.5,0,20,200,16,16,0.1,test,client_1,24,98,45,143,True,0.4907029478458049
SIDER,fedavg_proto,0.5,0,20,200,16,16,0.1,test,client_1,25,132,11,143,True,0.6701101928374656
SIDER,fedavg_proto,0.5,0,20,200,16,16,0.1,test,client_1,26,101,42,143,True,0.6112682696841113
SIDER,fedavg_proto,0.5,0,20,200,16,16,0.1,test,client_2,0,72,71,143,True,0.5698356807511737
SIDER,fedavg_proto,0.5,0,20,200,16,16,0.1,test,client_2,1,105,38,143,True,0.5676691729323308
SIDER,fedavg_proto,0.5,0,20,200,16,16,0.1,test,client_2,2,5,138,143,True,0.5594202898550725
SIDER,fedavg_proto,0.5,0,20,200,16,16,0.1,test,client_2,3,90,53,143,True,0.48867924528301887
SIDER,fedavg_proto,0.5,0,20,200,16,16,0.1,test,client_2,4,118,25,143,True,0.508135593220339
SIDER,fedavg_proto,0.5,0,20,200,16,16,0.1,test,client_2,5,104,39,143,True,0.5451183431952663
SIDER,fedavg_proto,0.5,0,20,200,16,16,0.1,test,client_2,6,134,9,143,True,0.6077943615257048
SIDER,fedavg_proto,0.5,0,20,200,16,16,0.1,test,client_2,7,24,119,143,True,0.5836834733893558
SIDER,fedavg_proto,0.5,0,20,200,16,16,0.1,test,client_2,8,91,52,143,True,0.5217666948436179
SIDER,fedavg_proto,0.5,0,20,200,16,16,0.1,test,client_2,9,74,69,143,True,0.5507246376811594
SIDER,fedavg_proto,0.5,0,20,200,16,16,0.1,test,client_2,10,39,104,143,True,0.622534516765286
SIDER,fedavg_proto,0.5,0,20,200,16,16,0.1,test,client_2,11,130,13,143,True,0.39585798816568046
SIDER,fedavg_proto,0.5,0,20,200,16,16,0.1,test,client_2,12,33,110,143,True,0.6225895316804408
SIDER,fedavg_proto,0.5,0,20,200,16,16,0.1,test,client_2,13,20,123,143,True,0.6292682926829268
SIDER,fedavg_proto,0.5,0,20,200,16,16,0.1,test,client_2,14,113,30,143,True,0.4728613569321534
SIDER,fedavg_proto,0.5,0,20,200,16,16,0.1,test,client_2,15,83,60,143,True,0.5775100401606426
SIDER,fedavg_proto,0.5,0,20,200,16,16,0.1,test,client_2,16,131,12,143,True,0.5585241730279898
SIDER,fedavg_proto,0.5,0,20,200,16,16,0.1,test,client_2,17,30,113,143,True,0.6156342182890855
SIDER,fedavg_proto,0.5,0,20,200,16,16,0.1,test,client_2,18,109,34,143,True,0.5186184565569347
SIDER,fedavg_proto,0.5,0,20,200,16,16,0.1,test,client_2,19,104,39,143,True,0.5054240631163708
SIDER,fedavg_proto,0.5,0,20,200,16,16,0.1,test,client_2,20,102,41,143,True,0.520803443328551
SIDER,fedavg_proto,0.5,0,20,200,16,16,0.1,test,client_2,21,98,45,143,True,0.6045351473922902
SIDER,fedavg_proto,0.5,0,20,200,16,16,0.1,test,client_2,22,14,129,143,True,0.5758582502768549
SIDER,fedavg_proto,0.5,0,20,200,16,16,0.1,test,client_2,23,60,83,143,True,0.4779116465863454
SIDER,fedavg_proto,0.5,0,20,200,16,16,0.1,test,client_2,24,98,45,143,True,0.40816326530612246
SIDER,fedavg_proto,0.5,0,20,200,16,16,0.1,test,client_2,25,132,11,143,True,0.6611570247933884
SIDER,fedavg_proto,0.5,0,20,200,16,16,0.1,test,client_2,26,101,42,143,True,0.5648279113625647
SIDER,fedavg_proto,0.5,0,20,200,16,16,0.1,test,client_3,0,72,71,143,True,0.6183489827856026
SIDER,fedavg_proto,0.5,0,20,200,16,16,0.1,test,client_3,1,105,38,143,True,0.6353383458646616
SIDER,fedavg_proto,0.5,0,20,200,16,16,0.1,test,client_3,2,5,138,143,True,0.6173913043478261
SIDER,fedavg_proto,0.5,0,20,200,16,16,0.1,test,client_3,3,90,53,143,True,0.5633123689727463
SIDER,fedavg_proto,0.5,0,20,200,16,16,0.1,test,client_3,4,118,25,143,True,0.5932203389830508
SIDER,fedavg_proto,0.5,0,20,200,16,16,0.1,test,client_3,5,104,39,143,True,0.5862919132149902
SIDER,fedavg_proto,0.5,0,20,200,16,16,0.1,test,client_3,6,134,9,143,True,0.6807628524046435
SIDER,fedavg_proto,0.5,0,20,200,16,16,0.1,test,client_3,7,24,119,143,True,0.6067927170868348
SIDER,fedavg_proto,0.5,0,20,200,16,16,0.1,test,client_3,8,91,52,143,True,0.5458579881656804
SIDER,fedavg_proto,0.5,0,20,200,16,16,0.1,test,client_3,9,74,69,143,True,0.6531531531531531
SIDER,fedavg_proto,0.5,0,20,200,16,16,0.1,test,client_3,10,39,104,143,True,0.6084812623274162
SIDER,fedavg_proto,0.5,0,20,200,16,16,0.1,test,client_3,11,130,13,143,True,0.5857988165680474
SIDER,fedavg_proto,0.5,0,20,200,16,16,0.1,test,client_3,12,33,110,143,True,0.6570247933884298
SIDER,fedavg_proto,0.5,0,20,200,16,16,0.1,test,client_3,13,20,123,143,True,0.625609756097561
SIDER,fedavg_proto,0.5,0,20,200,16,16,0.1,test,client_3,14,113,30,143,True,0.6374631268436578
SIDER,fedavg_proto,0.5,0,20,200,16,16,0.1,test,client_3,15,83,60,143,True,0.66285140562249
SIDER,fedavg_proto,0.5,0,20,200,16,16,0.1,test,client_3,16,131,12,143,True,0.6838422391857507
SIDER,fedavg_proto,0.5,0,20,200,16,16,0.1,test,client_3,17,30,113,143,True,0.6008849557522123
SIDER,fedavg_proto,0.5,0,20,200,16,16,0.1,test,client_3,18,109,34,143,True,0.5787911494873179
SIDER,fedavg_proto,0.5,0,20,200,16,16,0.1,test,client_3,19,104,39,143,True,0.5505424063116371
SIDER,fedavg_proto,0.5,0,20,200,16,16,0.1,test,client_3,20,102,41,143,True,0.5389765662362506
SIDER,fedavg_proto,0.5,0,20,200,16,16,0.1,test,client_3,21,98,45,143,True,0.6566893424036281
SIDER,fedavg_proto,0.5,0,20,200,16,16,0.1,test,client_3,22,14,129,143,True,0.6207087486157253
SIDER,fedavg_proto,0.5,0,20,200,16,16,0.1,test,client_3,23,60,83,143,True,0.5230923694779117
SIDER,fedavg_proto,0.5,0,20,200,16,16,0.1,test,client_3,24,98,45,143,True,0.5315192743764172
SIDER,fedavg_proto,0.5,0,20,200,16,16,0.1,test,client_3,25,132,11,143,True,0.6384297520661156
SIDER,fedavg_proto,0.5,0,20,200,16,16,0.1,test,client_3,26,101,42,143,True,0.5782649693540782
SIDER,fedavg_proto,0.5,0,21,200,16,16,0.1,val,server,0,76,67,143,True,0.6376669285153181
SIDER,fedavg_proto,0.5,0,21,200,16,16,0.1,val,server,1,99,44,143,True,0.6898530762167127
SIDER,fedavg_proto,0.5,0,21,200,16,16,0.1,val,server,2,2,141,143,True,0.6560283687943262
SIDER,fedavg_proto,0.5,0,21,200,16,16,0.1,val,server,3,85,58,143,True,0.6265720081135903
SIDER,fedavg_proto,0.5,0,21,200,16,16,0.1,val,server,4,117,26,143,True,0.6738987508218277
SIDER,fedavg_proto,0.5,0,21,200,16,16,0.1,val,server,5,99,44,143,True,0.601010101010101
SIDER,fedavg_proto,0.5,0,21,200,16,16,0.1,val,server,6,131,12,143,True,0.7639949109414759
SIDER,fedavg_proto,0.5,0,21,200,16,16,0.1,val,server,7,20,123,143,True,0.5829268292682926
SIDER,fedavg_proto,0.5,0,21,200,16,16,0.1,val,server,8,97,46,143,True,0.6216943074854325
SIDER,fedavg_proto,0.5,0,21,200,16,16,0.1,val,server,9,71,72,143,True,0.599960876369327
SIDER,fedavg_proto,0.5,0,21,200,16,16,0.1,val,server,10,35,108,143,True,0.5761904761904763
SIDER,fedavg_proto,0.5,0,21,200,16,16,0.1,val,server,11,130,13,143,True,0.6088757396449704
SIDER,fedavg_proto,0.5,0,21,200,16,16,0.1,val,server,12,37,106,143,True,0.6399796022437533
SIDER,fedavg_proto,0.5,0,21,200,16,16,0.1,val,server,13,20,123,143,True,0.5955284552845529
SIDER,fedavg_proto,0.5,0,21,200,16,16,0.1,val,server,14,107,36,143,True,0.5656801661474558
SIDER,fedavg_proto,0.5,0,21,200,16,16,0.1,val,server,15,94,49,143,True,0.7047329570125922
SIDER,fedavg_proto,0.5,0,21,200,16,16,0.1,val,server,16,129,14,143,True,0.6351052048726467
SIDER,fedavg_proto,0.5,0,21,200,16,16,0.1,val,server,17,20,123,143,True,0.5369918699186992
SIDER,fedavg_proto,0.5,0,21,200,16,16,0.1,val,server,18,104,39,143,True,0.5690335305719921
SIDER,fedavg_proto,0.5,0,21,200,16,16,0.1,val,server,19,103,40,143,True,0.5944174757281554
SIDER,fedavg_proto,0.5,0,21,200,16,16,0.1,val,server,20,102,41,143,True,0.5624103299856529
SIDER,fedavg_proto,0.5,0,21,200,16,16,0.1,val,server,21,98,45,143,True,0.6117913832199546
SIDER,fedavg_proto,0.5,0,21,200,16,16,0.1,val,server,22,10,133,143,True,0.6541353383458647
SIDER,fedavg_proto,0.5,0,21,200,16,16,0.1,val,server,23,64,79,143,True,0.575751582278481
SIDER,fedavg_proto,0.5,0,21,200,16,16,0.1,val,server,24,104,39,143,True,0.579388560157791
SIDER,fedavg_proto,0.5,0,21,200,16,16,0.1,val,server,25,134,9,143,True,0.7479270315091211
SIDER,fedavg_proto,0.5,0,21,200,16,16,0.1,val,server,26,95,48,143,True,0.6186403508771929
SIDER,fedavg_proto,0.5,0,21,200,16,16,0.1,val,client_0,0,76,67,143,True,0.6484681853888453
SIDER,fedavg_proto,0.5,0,21,200,16,16,0.1,val,client_0,1,99,44,143,True,0.6815886134067952
SIDER,fedavg_proto,0.5,0,21,200,16,16,0.1,val,client_0,2,2,141,143,True,0.7978723404255319
SIDER,fedavg_proto,0.5,0,21,200,16,16,0.1,val,client_0,3,85,58,143,True,0.5827586206896551
SIDER,fedavg_proto,0.5,0,21,200,16,16,0.1,val,client_0,4,117,26,143,True,0.678172255095332
SIDER,fedavg_proto,0.5,0,21,200,16,16,0.1,val,client_0,5,99,44,143,True,0.6685032139577595
SIDER,fedavg_proto,0.5,0,21,200,16,16,0.1,val,client_0,6,131,12,143,True,0.7417302798982189
SIDER,fedavg_proto,0.5,0,21,200,16,16,0.1,val,client_0,7,20,123,143,True,0.6280487804878049
SIDER,fedavg_proto,0.5,0,21,200,16,16,0.1,val,client_0,8,97,46,143,True,0.6084715374271628
SIDER,fedavg_proto,0.5,0,21,200,16,16,0.1,val,client_0,9,71,72,143,True,0.5434272300469484
SIDER,fedavg_proto,0.5,0,21,200,16,16,0.1,val,client_0,10,35,108,143,True,0.6084656084656085
SIDER,fedavg_proto,0.5,0,21,200,16,16,0.1,val,client_0,11,130,13,143,True,0.6106508875739645
SIDER,fedavg_proto,0.5,0,21,200,16,16,0.1,val,client_0,12,37,106,143,True,0.6251912289648138
SIDER,fedavg_proto,0.5,0,21,200,16,16,0.1,val,client_0,13,20,123,143,True,0.6853658536585365
SIDER,fedavg_proto,0.5,0,21,200,16,16,0.1,val,client_0,14,107,36,143,True,0.5617860851505712
SIDER,fedavg_proto,0.5,0,21,200,16,16,0.1,val,client_0,15,94,49,143,True,0.6841076856274426
SIDER,fedavg_proto,0.5,0,21,200,16,16,0.1,val,client_0,16,129,14,143,True,0.6600221483942414
SIDER,fedavg_proto,0.5,0,21,200,16,16,0.1,val,client_0,17,20,123,143,True,0.5589430894308943
SIDER,fedavg_proto,0.5,0,21,200,16,16,0.1,val,client_0,18,104,39,143,True,0.5569526627218935
SIDER,fedavg_proto,0.5,0,21,200,16,16,0.1,val,client_0,19,103,40,143,True,0.653883495145631
SIDER,fedavg_proto,0.5,0,21,200,16,16,0.1,val,client_0,20,102,41,143,True,0.6563845050215208
SIDER,fedavg_proto,0.5,0,21,200,16,16,0.1,val,client_0,21,98,45,143,True,0.6684807256235827
SIDER,fedavg_proto,0.5,0,21,200,16,16,0.1,val,client_0,22,10,133,143,True,0.6323308270676692
SIDER,fedavg_proto,0.5,0,21,200,16,16,0.1,val,client_0,23,64,79,143,True,0.5909810126582279
SIDER,fedavg_proto,0.5,0,21,200,16,16,0.1,val,client_0,24,104,39,143,True,0.6190828402366864
SIDER,fedavg_proto,0.5,0,21,200,16,16,0.1,val,client_0,25,134,9,143,True,0.7587064676616916
SIDER,fedavg_proto,0.5,0,21,200,16,16,0.1,val,client_0,26,95,48,143,True,0.650438596491228
SIDER,fedavg_proto,0.5,0,21,200,16,16,0.1,val,client_1,0,76,67,143,True,0.5991751767478398
SIDER,fedavg_proto,0.5,0,21,200,16,16,0.1,val,client_1,1,99,44,143,True,0.6271808999081726
SIDER,fedavg_proto,0.5,0,21,200,16,16,0.1,val,client_1,2,2,141,143,True,0.6879432624113475
SIDER,fedavg_proto,0.5,0,21,200,16,16,0.1,val,client_1,3,85,58,143,True,0.6356997971602434
SIDER,fedavg_proto,0.5,0,21,200,16,16,0.1,val,client_1,4,117,26,143,True,0.6061801446416831
SIDER,fedavg_proto,0.5,0,21,200,16,16,0.1,val,client_1,5,99,44,143,True,0.5314508723599632
SIDER,fedavg_proto,0.5,0,21,200,16,16,0.1,val,client_1,6,131,12,143,True,0.6844783715012722
SIDER,fedavg_proto,0.5,0,21,200,16,16,0.1,val,client_1,7,20,123,143,True,0.5211382113821138
SIDER,fedavg_proto,0.5,0,21,200,16,16,0.1,val,client_1,8,97,46,143,True,0.558045719408337
SIDER,fedavg_proto,0.5,0,21,200,16,16,0.1,val,client_1,9,71,72,143,True,0.59839593114241
SIDER,fedavg_proto,0.5,0,21,200,16,16,0.1,val,client_1,10,35,108,143,True,0.5560846560846561
SIDER,fedavg_proto,0.5,0,21,200,16,16,0.1,val,client_1,11,130,13,143,True,0.5745562130177515
SIDER,fedavg_proto,0.5,0,21,200,16,16,0.1,val,client_1,12,37,106,143,True,0.5785313615502296
SIDER,fedavg_proto,0.5,0,21,200,16,16,0.1,val,client_1,13,20,123,143,True,0.5898373983739837
SIDER,fedavg_proto,0.5,0,21,200,16,16,0.1,val,client_1,14,107,36,143,True,0.5480269989615784
SIDER,fedavg_proto,0.5,0,21,200,16,16,0.1,val,client_1,15,94,49,143,True,0.659140251845419
SIDER,fedavg_proto,0.5,0,21,200,16,16,0.1,val,client_1,16,129,14,143,True,0.5957918050941307
SIDER,fedavg_proto,0.5,0,21,200,16,16,0.1,val,client_1,17,20,123,143,True,0.4760162601626016
SIDER,fedavg_proto,0.5,0,21,200,16,16,0.1,val,client_1,18,104,39,143,True,0.481508875739645
SIDER,fedavg_proto,0.5,0,21,200,16,16,0.1,val,client_1,19,103,40,143,True,0.570388349514563
SIDER,fedavg_proto,0.5,0,21,200,16,16,0.1,val,client_1,20,102,41,143,True,0.5540411286465805
SIDER,fedavg_proto,0.5,0,21,200,16,16,0.1,val,client_1,21,98,45,143,True,0.5918367346938775
SIDER,fedavg_proto,0.5,0,21,200,16,16,0.1,val,client_1,22,10,133,143,True,0.5466165413533834
SIDER,fedavg_proto,0.5,0,21,200,16,16,0.1,val,client_1,23,64,79,143,True,0.538370253164557
SIDER,fedavg_proto,0.5,0,21,200,16,16,0.1,val,client_1,24,104,39,143,True,0.5835798816568047
SIDER,fedavg_proto,0.5,0,21,200,16,16,0.1,val,client_1,25,134,9,143,True,0.7562189054726368
SIDER,fedavg_proto,0.5,0,21,200,16,16,0.1,val,client_1,26,95,48,143,True,0.5855263157894737
SIDER,fedavg_proto,0.5,0,21,200,16,16,0.1,val,client_2,0,76,67,143,True,0.5206205813040063
SIDER,fedavg_proto,0.5,0,21,200,16,16,0.1,val,client_2,1,99,44,143,True,0.5693296602387511
SIDER,fedavg_proto,0.5,0,21,200,16,16,0.1,val,client_2,2,2,141,143,True,0.8865248226950354
SIDER,fedavg_proto,0.5,0,21,200,16,16,0.1,val,client_2,3,85,58,143,True,0.60973630831643
SIDER,fedavg_proto,0.5,0,21,200,16,16,0.1,val,client_2,4,117,26,143,True,0.5374753451676528
SIDER,fedavg_proto,0.5,0,21,200,16,16,0.1,val,client_2,5,99,44,143,True,0.546831955922865
SIDER,fedavg_proto,0.5,0,21,200,16,16,0.1,val,client_2,6,131,12,143,True,0.6921119592875318
SIDER,fedavg_proto,0.5,0,21,200,16,16,0.1,val,client_2,7,20,123,143,True,0.5199186991869919
SIDER,fedavg_proto,0.5,0,21,200,16,16,0.1,val,client_2,8,97,46,143,True,0.5699238009861048
SIDER,fedavg_proto,0.5,0,21,200,16,16,0.1,val,client_2,9,71,72,143,True,0.5925273865414711
SIDER,fedavg_proto,0.5,0,21,200,16,16,0.1,val,client_2,10,35,108,143,True,0.5288359788359789
SIDER,fedavg_proto,0.5,0,21,200,16,16,0.1,val,client_2,11,130,13,143,True,0.41479289940828407
SIDER,fedavg_proto,0.5,0,21,200,16,16,0.1,val,client_2,12,37,106,143,True,0.6152473227944926
SIDER,fedavg_proto,0.5,0,21,200,16,16,0.1,val,client_2,13,20,123,143,True,0.6121951219512194
SIDER,fedavg_proto,0.5,0,21,200,16,16,0.1,val,client_2,14,107,36,143,True,0.5088265835929386
SIDER,fedavg_proto,0.5,0,21,200,16,16,0.1,val,client_2,15,94,49,143,True,0.6183239253148067
SIDER,fedavg_proto,0.5,0,21,200,16,16,0.1,val,client_2,16,129,14,143,True,0.5337763012181617
SIDER,fedavg_proto,0.5,0,21,200,16,16,0.1,val,client_2,17,20,123,143,True,0.467479674796748
SIDER,fedavg_proto,0.5,0,21,200,16,16,0.1,val,client_2,18,104,39,143,True,0.5325443786982249
SIDER,fedavg_proto,0.5,0,21,200,16,16,0.1,val,client_2,19,103,40,143,True,0.5502427184466019
SIDER,fedavg_proto,0.5,0,21,200,16,16,0.1,val,client_2,20,102,41,143,True,0.4854136776661884
SIDER,fedavg_proto,0.5,0,21,200,16,16,0.1,val,client_2,21,98,45,143,True,0.5390022675736961
SIDER,fedavg_proto,0.5,0,21,200,16,16,0.1,val,client_2,22,10,133,143,True,0.6203007518796992
SIDER,fedavg_proto,0.5,0,21,200,16,16,0.1,val,client_2,23,64,79,143,True,0.5567642405063291
SIDER,fedavg_proto,0.5,0,21,200,16,16,0.1,val,client_2,24,104,39,143,True,0.5695266272189349
SIDER,fedavg_proto,0.5,0,21,200,16,16,0.1,val,client_2,25,134,9,143,True,0.5439469320066335
SIDER,fedavg_proto,0.5,0,21,200,16,16,0.1,val,client_2,26,95,48,143,True,0.5394736842105263
SIDER,fedavg_proto,0.5,0,21,200,16,16,0.1,val,client_3,0,76,67,143,True,0.6260801256873527
SIDER,fedavg_proto,0.5,0,21,200,16,16,0.1,val,client_3,1,99,44,143,True,0.6510560146923783
SIDER,fedavg_proto,0.5,0,21,200,16,16,0.1,val,client_3,2,2,141,143,True,0.8581560283687943
SIDER,fedavg_proto,0.5,0,21,200,16,16,0.1,val,client_3,3,85,58,143,True,0.560446247464503
SIDER,fedavg_proto,0.5,0,21,200,16,16,0.1,val,client_3,4,117,26,143,True,0.658119658119658
SIDER,fedavg_proto,0.5,0,21,200,16,16,0.1,val,client_3,5,99,44,143,True,0.6113406795224976
SIDER,fedavg_proto,0.5,0,21,200,16,16,0.1,val,client_3,6,131,12,143,True,0.7391857506361323
SIDER,fedavg_proto,0.5,0,21,200,16,16,0.1,val,client_3,7,20,123,143,True,0.5849593495934959
SIDER,fedavg_proto,0.5,0,21,200,16,16,0.1,val,client_3,8,97,46,143,True,0.6091438816674137
SIDER,fedavg_proto,0.5,0,21,200,16,16,0.1,val,client_3,9,71,72,143,True,0.5933098591549296
SIDER,fedavg_proto,0.5,0,21,200,16,16,0.1,val,client_3,10,35,108,143,True,0.6084656084656085
SIDER,fedavg_proto,0.5,0,21,200,16,16,0.1,val,client_3,11,130,13,143,True,0.5284023668639053
SIDER,fedavg_proto,0.5,0,21,200,16,16,0.1,val,client_3,12,37,106,143,True,0.6639469658337582
SIDER,fedavg_proto,0.5,0,21,200,16,16,0.1,val,client_3,13,20,123,143,True,0.56869918699187
SIDER,fedavg_proto,0.5,0,21,200,16,16,0.1,val,client_3,14,107,36,143,True,0.5501038421599168
SIDER,fedavg_proto,0.5,0,21,200,16,16,0.1,val,client_3,15,94,49,143,True,0.6641337386018238
SIDER,fedavg_proto,0.5,0,21,200,16,16,0.1,val,client_3,16,129,14,143,True,0.6052048726467332
SIDER,fedavg_proto,0.5,0,21,200,16,16,0.1,val,client_3,17,20,123,143,True,0.5662601626016259
SIDER,fedavg_proto,0.5,0,21,200,16,16,0.1,val,client_3,18,104,39,143,True,0.6092209072978304
SIDER,fedavg_proto,0.5,0,21,200,16,16,0.1,val,client_3,19,103,40,143,True,0.566504854368932
SIDER,fedavg_proto,0.5,0,21,200,16,16,0.1,val,client_3,20,102,41,143,True,0.49689143950263026
SIDER,fedavg_proto,0.5,0,21,200,16,16,0.1,val,client_3,21,98,45,143,True,0.5977324263038549
SIDER,fedavg_proto,0.5,0,21,200,16,16,0.1,val,client_3,22,10,133,143,True,0.6578947368421053
SIDER,fedavg_proto,0.5,0,21,200,16,16,0.1,val,client_3,23,64,79,143,True,0.5282832278481012
SIDER,fedavg_proto,0.5,0,21,200,16,16,0.1,val,client_3,24,104,39,143,True,0.5389546351084813
SIDER,fedavg_proto,0.5,0,21,200,16,16,0.1,val,client_3,25,134,9,143,True,0.6351575456053068
SIDER,fedavg_proto,0.5,0,21,200,16,16,0.1,val,client_3,26,95,48,143,True,0.5883771929824562
SIDER,fedavg_proto,0.5,0,21,200,16,16,0.1,test,server,0,72,71,143,True,0.6480829420970265
SIDER,fedavg_proto,0.5,0,21,200,16,16,0.1,test,server,1,105,38,143,True,0.6533834586466166
SIDER,fedavg_proto,0.5,0,21,200,16,16,0.1,test,server,2,5,138,143,True,0.6086956521739131
SIDER,fedavg_proto,0.5,0,21,200,16,16,0.1,test,server,3,90,53,143,True,0.5327044025157233
SIDER,fedavg_proto,0.5,0,21,200,16,16,0.1,test,server,4,118,25,143,True,0.5911864406779661
SIDER,fedavg_proto,0.5,0,21,200,16,16,0.1,test,server,5,104,39,143,True,0.555966469428008
SIDER,fedavg_proto,0.5,0,21,200,16,16,0.1,test,server,6,134,9,143,True,0.603648424543947
SIDER,fedavg_proto,0.5,0,21,200,16,16,0.1,test,server,7,24,119,143,True,0.5987394957983193
SIDER,fedavg_proto,0.5,0,21,200,16,16,0.1,test,server,8,91,52,143,True,0.5718512256973796
SIDER,fedavg_proto,0.5,0,21,200,16,16,0.1,test,server,9,74,69,143,True,0.6490403446925186
SIDER,fedavg_proto,0.5,0,21,200,16,16,0.1,test,server,10,39,104,143,True,0.6609960552268245
SIDER,fedavg_proto,0.5,0,21,200,16,16,0.1,test,server,11,130,13,143,True,0.4946745562130177
SIDER,fedavg_proto,0.5,0,21,200,16,16,0.1,test,server,12,33,110,143,True,0.627823691460055
SIDER,fedavg_proto,0.5,0,21,200,16,16,0.1,test,server,13,20,123,143,True,0.656910569105691
SIDER,fedavg_proto,0.5,0,21,200,16,16,0.1,test,server,14,113,30,143,True,0.559882005899705
SIDER,fedavg_proto,0.5,0,21,200,16,16,0.1,test,server,15,83,60,143,True,0.630722891566265
SIDER,fedavg_proto,0.5,0,21,200,16,16,0.1,test,server,16,131,12,143,True,0.6641221374045801
SIDER,fedavg_proto,0.5,0,21,200,16,16,0.1,test,server,17,30,113,143,True,0.6227138643067847
SIDER,fedavg_proto,0.5,0,21,200,16,16,0.1,test,server,18,109,34,143,True,0.5420939017808959
SIDER,fedavg_proto,0.5,0,21,200,16,16,0.1,test,server,19,104,39,143,True,0.49087771203155817
SIDER,fedavg_proto,0.5,0,21,200,16,16,0.1,test,server,20,102,41,143,True,0.5133907221425155
SIDER,fedavg_proto,0.5,0,21,200,16,16,0.1,test,server,21,98,45,143,True,0.5922902494331066
SIDER,fedavg_proto,0.5,0,21,200,16,16,0.1,test,server,22,14,129,143,True,0.615171650055371
SIDER,fedavg_proto,0.5,0,21,200,16,16,0.1,test,server,23,60,83,143,True,0.4913654618473895
SIDER,fedavg_proto,0.5,0,21,200,16,16,0.1,test,server,24,98,45,143,True,0.45510204081632655
SIDER,fedavg_proto,0.5,0,21,200,16,16,0.1,test,server,25,132,11,143,True,0.6928374655647384
SIDER,fedavg_proto,0.5,0,21,200,16,16,0.1,test,server,26,101,42,143,True,0.5860443187175861
SIDER,fedavg_proto,0.5,0,21,200,16,16,0.1,test,client_0,0,72,71,143,True,0.674491392801252
SIDER,fedavg_proto,0.5,0,21,200,16,16,0.1,test,client_0,1,105,38,143,True,0.6142857142857144
SIDER,fedavg_proto,0.5,0,21,200,16,16,0.1,test,client_0,2,5,138,143,True,0.7927536231884058
SIDER,fedavg_proto,0.5,0,21,200,16,16,0.1,test,client_0,3,90,53,143,True,0.5190775681341719
SIDER,fedavg_proto,0.5,0,21,200,16,16,0.1,test,client_0,4,118,25,143,True,0.6844067796610169
SIDER,fedavg_proto,0.5,0,21,200,16,16,0.1,test,client_0,5,104,39,143,True,0.5939349112426036
SIDER,fedavg_proto,0.5,0,21,200,16,16,0.1,test,client_0,6,134,9,143,True,0.5986733001658375
SIDER,fedavg_proto,0.5,0,21,200,16,16,0.1,test,client_0,7,24,119,143,True,0.5329131652661064
SIDER,fedavg_proto,0.5,0,21,200,16,16,0.1,test,client_0,8,91,52,143,True,0.5473372781065089
SIDER,fedavg_proto,0.5,0,21,200,16,16,0.1,test,client_0,9,74,69,143,True,0.5977281629455543
SIDER,fedavg_proto,0.5,0,21,200,16,16,0.1,test,client_0,10,39,104,143,True,0.6666666666666667
SIDER,fedavg_proto,0.5,0,21,200,16,16,0.1,test,client_0,11,130,13,143,True,0.6295857988165681
SIDER,fedavg_proto,0.5,0,21,200,16,16,0.1,test,client_0,12,33,110,143,True,0.5760330578512396
SIDER,fedavg_proto,0.5,0,21,200,16,16,0.1,test,client_0,13,20,123,143,True,0.5532520325203252
SIDER,fedavg_proto,0.5,0,21,200,16,16,0.1,test,client_0,14,113,30,143,True,0.5578171091445429
SIDER,fedavg_proto,0.5,0,21,200,16,16,0.1,test,client_0,15,83,60,143,True,0.6751004016064257
SIDER,fedavg_proto,0.5,0,21,200,16,16,0.1,test,client_0,16,131,12,143,True,0.748091603053435
SIDER,fedavg_proto,0.5,0,21,200,16,16,0.1,test,client_0,17,30,113,143,True,0.5457227138643068
SIDER,fedavg_proto,0.5,0,21,200,16,16,0.1,test,client_0,18,109,34,143,True,0.5091743119266054
SIDER,fedavg_proto,0.5,0,21,200,16,16,0.1,test,client_0,19,104,39,143,True,0.49457593688362916
SIDER,fedavg_proto,0.5,0,21,200,16,16,0.1,test,client_0,20,102,41,143,True,0.5241511238641798
SIDER,fedavg_proto,0.5,0,21,200,16,16,0.1,test,client_0,21,98,45,143,True,0.5972789115646259
SIDER,fedavg_proto,0.5,0,21,200,16,16,0.1,test,client_0,22,14,129,143,True,0.5343300110741971
SIDER,fedavg_proto,0.5,0,21,200,16,16,0.1,test,client_0,23,60,83,143,True,0.5238955823293172
SIDER,fedavg_proto,0.5,0,21,200,16,16,0.1,test,client_0,24,98,45,143,True,0.44603174603174606
SIDER,fedavg_proto,0.5,0,21,200,16,16,0.1,test,client_0,25,132,11,143,True,0.6701101928374655
SIDER,fedavg_proto,0.5,0,21,200,16,16,0.1,test,client_0,26,101,42,143,True,0.6067892503536068
SIDER,fedavg_proto,0.5,0,21,200,16,16,0.1,test,client_1,0,72,71,143,True,0.6251956181533646
SIDER,fedavg_proto,0.5,0,21,200,16,16,0.1,test,client_1,1,105,38,143,True,0.6107769423558898
SIDER,fedavg_proto,0.5,0,21,200,16,16,0.1,test,client_1,2,5,138,143,True,0.5927536231884059
SIDER,fedavg_proto,0.5,0,21,200,16,16,0.1,test,client_1,3,90,53,143,True,0.5310272536687631
SIDER,fedavg_proto,0.5,0,21,200,16,16,0.1,test,client_1,4,118,25,143,True,0.5183050847457626
SIDER,fedavg_proto,0.5,0,21,200,16,16,0.1,test,client_1,5,104,39,143,True,0.5263806706114398
SIDER,fedavg_proto,0.5,0,21,200,16,16,0.1,test,client_1,6,134,9,143,True,0.5074626865671642
SIDER,fedavg_proto,0.5,0,21,200,16,16,0.1,test,client_1,7,24,119,143,True,0.6939775910364147
SIDER,fedavg_proto,0.5,0,21,200,16,16,0.1,test,client_1,8,91,52,143,True,0.6005917159763313
SIDER,fedavg_proto,0.5,0,21,200,16,16,0.1,test,client_1,9,74,69,143,True,0.700156678417548
SIDER,fedavg_proto,0.5,0,21,200,16,16,0.1,test,client_1,10,39,104,143,True,0.6254930966469427
SIDER,fedavg_proto,0.5,0,21,200,16,16,0.1,test,client_1,11,130,13,143,True,0.49940828402366866
SIDER,fedavg_proto,0.5,0,21,200,16,16,0.1,test,client_1,12,33,110,143,True,0.6884297520661158
SIDER,fedavg_proto,0.5,0,21,200,16,16,0.1,test,client_1,13,20,123,143,True,0.6910569105691057
SIDER,fedavg_proto,0.5,0,21,200,16,16,0.1,test,client_1,14,113,30,143,True,0.5584070796460178
SIDER,fedavg_proto,0.5,0,21,200,16,16,0.1,test,client_1,15,83,60,143,True,0.5642570281124498
SIDER,fedavg_proto,0.5,0,21,200,16,16,0.1,test,client_1,16,131,12,143,True,0.5139949109414759
SIDER,fedavg_proto,0.5,0,21,200,16,16,0.1,test,client_1,17,30,113,143,True,0.6138643067846608
SIDER,fedavg_proto,0.5,0,21,200,16,16,0.1,test,client_1,18,109,34,143,True,0.5833783054506205
SIDER,fedavg_proto,0.5,0,21,200,16,16,0.1,test,client_1,19,104,39,143,True,0.5162721893491125
SIDER,fedavg_proto,0.5,0,21,200,16,16,0.1,test,client_1,20,102,41,143,True,0.5657580105212817
SIDER,fedavg_proto,0.5,0,21,200,16,16,0.1,test,client_1,21,98,45,143,True,0.5360544217687074
SIDER,fedavg_proto,0.5,0,21,200,16,16,0.1,test,client_1,22,14,129,143,True,0.7320044296788483
SIDER,fedavg_proto,0.5,0,21,200,16,16,0.1,test,client_1,23,60,83,143,True,0.5166666666666666
SIDER,fedavg_proto,0.5,0,21,200,16,16,0.1,test,client_1,24,98,45,143,True,0.4979591836734695
SIDER,fedavg_proto,0.5,0,21,200,16,16,0.1,test,client_1,25,132,11,143,True,0.6494490358126721
SIDER,fedavg_proto,0.5,0,21,200,16,16,0.1,test,client_1,26,101,42,143,True,0.6277699198491278
SIDER,fedavg_proto,0.5,0,21,200,16,16,0.1,test,client_2,0,72,71,143,True,0.5543818466353678
SIDER,fedavg_proto,0.5,0,21,200,16,16,0.1,test,client_2,1,105,38,143,True,0.5676691729323308
SIDER,fedavg_proto,0.5,0,21,200,16,16,0.1,test,client_2,2,5,138,143,True,0.5884057971014494
SIDER,fedavg_proto,0.5,0,21,200,16,16,0.1,test,client_2,3,90,53,143,True,0.4517819706498952
SIDER,fedavg_proto,0.5,0,21,200,16,16,0.1,test,client_2,4,118,25,143,True,0.4959322033898305
SIDER,fedavg_proto,0.5,0,21,200,16,16,0.1,test,client_2,5,104,39,143,True,0.5207100591715976
SIDER,fedavg_proto,0.5,0,21,200,16,16,0.1,test,client_2,6,134,9,143,True,0.5746268656716417
SIDER,fedavg_proto,0.5,0,21,200,16,16,0.1,test,client_2,7,24,119,143,True,0.5731792717086835
SIDER,fedavg_proto,0.5,0,21,200,16,16,0.1,test,client_2,8,91,52,143,True,0.5312764158918005
SIDER,fedavg_proto,0.5,0,21,200,16,16,0.1,test,client_2,9,74,69,143,True,0.563454759106933
SIDER,fedavg_proto,0.5,0,21,200,16,16,0.1,test,client_2,10,39,104,143,True,0.6309171597633136
SIDER,fedavg_proto,0.5,0,21,200,16,16,0.1,test,client_2,11,130,13,143,True,0.4094674556213018
SIDER,fedavg_proto,0.5,0,21,200,16,16,0.1,test,client_2,12,33,110,143,True,0.6278236914600551
SIDER,fedavg_proto,0.5,0,21,200,16,16,0.1,test,client_2,13,20,123,143,True,0.617479674796748
SIDER,fedavg_proto,0.5,0,21,200,16,16,0.1,test,client_2,14,113,30,143,True,0.46076696165191744
SIDER,fedavg_proto,0.5,0,21,200,16,16,0.1,test,client_2,15,83,60,143,True,0.5765060240963855
SIDER,fedavg_proto,0.5,0,21,200,16,16,0.1,test,client_2,16,131,12,143,True,0.5470737913486005
SIDER,fedavg_proto,0.5,0,21,200,16,16,0.1,test,client_2,17,30,113,143,True,0.5964601769911504
SIDER,fedavg_proto,0.5,0,21,200,16,16,0.1,test,client_2,18,109,34,143,True,0.5369670804101457
SIDER,fedavg_proto,0.5,0,21,200,16,16,0.1,test,client_2,19,104,39,143,True,0.47214003944773175
SIDER,fedavg_proto,0.5,0,21,200,16,16,0.1,test,client_2,20,102,41,143,True,0.5050215208034433
SIDER,fedavg_proto,0.5,0,21,200,16,16,0.1,test,client_2,21,98,45,143,True,0.5693877551020408
SIDER,fedavg_proto,0.5,0,21,200,16,16,0.1,test,client_2,22,14,129,143,True,0.593576965669989
SIDER,fedavg_proto,0.5,0,21,200,16,16,0.1,test,client_2,23,60,83,143,True,0.45863453815261046
SIDER,fedavg_proto,0.5,0,21,200,16,16,0.1,test,client_2,24,98,45,143,True,0.3852607709750567
SIDER,fedavg_proto,0.5,0,21,200,16,16,0.1,test,client_2,25,132,11,143,True,0.6301652892561984
SIDER,fedavg_proto,0.5,0,21,200,16,16,0.1,test,client_2,26,101,42,143,True,0.5874587458745875
SIDER,fedavg_proto,0.5,0,21,200,16,16,0.1,test,client_3,0,72,71,143,True,0.6269561815336463
SIDER,fedavg_proto,0.5,0,21,200,16,16,0.1,test,client_3,1,105,38,143,True,0.6636591478696742
SIDER,fedavg_proto,0.5,0,21,200,16,16,0.1,test,client_3,2,5,138,143,True,0.6594202898550725
SIDER,fedavg_proto,0.5,0,21,200,16,16,0.1,test,client_3,3,90,53,143,True,0.5626834381551363
SIDER,fedavg_proto,0.5,0,21,200,16,16,0.1,test,client_3,4,118,25,143,True,0.6091525423728814
SIDER,fedavg_proto,0.5,0,21,200,16,16,0.1,test,client_3,5,104,39,143,True,0.5934418145956608
SIDER,fedavg_proto,0.5,0,21,200,16,16,0.1,test,client_3,6,134,9,143,True,0.6666666666666666
SIDER,fedavg_proto,0.5,0,21,200,16,16,0.1,test,client_3,7,24,119,143,True,0.5833333333333333
SIDER,fedavg_proto,0.5,0,21,200,16,16,0.1,test,client_3,8,91,52,143,True,0.5509298393913779
SIDER,fedavg_proto,0.5,0,21,200,16,16,0.1,test,client_3,9,74,69,143,True,0.6692126909518215
SIDER,fedavg_proto,0.5,0,21,200,16,16,0.1,test,client_3,10,39,104,143,True,0.6107001972386589
SIDER,fedavg_proto,0.5,0,21,200,16,16,0.1,test,client_3,11,130,13,143,True,0.5828402366863905
SIDER,fedavg_proto,0.5,0,21,200,16,16,0.1,test,client_3,12,33,110,143,True,0.6493112947658403
SIDER,fedavg_proto,0.5,0,21,200,16,16,0.1,test,client_3,13,20,123,143,True,0.6113821138211383
SIDER,fedavg_proto,0.5,0,21,200,16,16,0.1,test,client_3,14,113,30,143,True,0.6356932153392331
SIDER,fedavg_proto,0.5,0,21,200,16,16,0.1,test,client_3,15,83,60,143,True,0.6748995983935743
SIDER,fedavg_proto,0.5,0,21,200,16,16,0.1,test,client_3,16,131,12,143,True,0.7264631043256998
SIDER,fedavg_proto,0.5,0,21,200,16,16,0.1,test,client_3,17,30,113,143,True,0.5976401179941003
SIDER,fedavg_proto,0.5,0,21,200,16,16,0.1,test,client_3,18,109,34,143,True,0.5812196438208311
SIDER,fedavg_proto,0.5,0,21,200,16,16,0.1,test,client_3,19,104,39,143,True,0.5569526627218935
SIDER,fedavg_proto,0.5,0,21,200,16,16,0.1,test,client_3,20,102,41,143,True,0.5380200860832138
SIDER,fedavg_proto,0.5,0,21,200,16,16,0.1,test,client_3,21,98,45,143,True,0.6655328798185941
SIDER,fedavg_proto,0.5,0,21,200,16,16,0.1,test,client_3,22,14,129,143,True,0.6046511627906977
SIDER,fedavg_proto,0.5,0,21,200,16,16,0.1,test,client_3,23,60,83,143,True,0.5285140562248996
SIDER,fedavg_proto,0.5,0,21,200,16,16,0.1,test,client_3,24,98,45,143,True,0.5235827664399093
SIDER,fedavg_proto,0.5,0,21,200,16,16,0.1,test,client_3,25,132,11,143,True,0.6577134986225895
SIDER,fedavg_proto,0.5,0,21,200,16,16,0.1,test,client_3,26,101,42,143,True,0.5650636492220651
SIDER,fedavg_proto,0.5,0,22,200,16,16,0.1,val,server,0,76,67,143,True,0.6358994501178319
SIDER,fedavg_proto,0.5,0,22,200,16,16,0.1,val,server,1,99,44,143,True,0.6788337924701561
SIDER,fedavg_proto,0.5,0,22,200,16,16,0.1,val,server,2,2,141,143,True,0.6560283687943262
SIDER,fedavg_proto,0.5,0,22,200,16,16,0.1,val,server,3,85,58,143,True,0.6359026369168357
SIDER,fedavg_proto,0.5,0,22,200,16,16,0.1,val,server,4,117,26,143,True,0.6771860618014465
SIDER,fedavg_proto,0.5,0,22,200,16,16,0.1,val,server,5,99,44,143,True,0.6140955004591369
SIDER,fedavg_proto,0.5,0,22,200,16,16,0.1,val,server,6,131,12,143,True,0.7404580152671756
SIDER,fedavg_proto,0.5,0,22,200,16,16,0.1,val,server,7,20,123,143,True,0.6134146341463415
SIDER,fedavg_proto,0.5,0,22,200,16,16,0.1,val,server,8,97,46,143,True,0.6297624383684447
SIDER,fedavg_proto,0.5,0,22,200,16,16,0.1,val,server,9,71,72,143,True,0.6048513302034428
SIDER,fedavg_proto,0.5,0,22,200,16,16,0.1,val,server,10,35,108,143,True,0.5992063492063492
SIDER,fedavg_proto,0.5,0,22,200,16,16,0.1,val,server,11,130,13,143,True,0.6260355029585798
SIDER,fedavg_proto,0.5,0,22,200,16,16,0.1,val,server,12,37,106,143,True,0.6486486486486487
SIDER,fedavg_proto,0.5,0,22,200,16,16,0.1,val,server,13,20,123,143,True,0.5963414634146341
SIDER,fedavg_proto,0.5,0,22,200,16,16,0.1,val,server,14,107,36,143,True,0.554257528556594
SIDER,fedavg_proto,0.5,0,22,200,16,16,0.1,val,server,15,94,49,143,True,0.7019105514546243
SIDER,fedavg_proto,0.5,0,22,200,16,16,0.1,val,server,16,129,14,143,True,0.6517165005537098
SIDER,fedavg_proto,0.5,0,22,200,16,16,0.1,val,server,17,20,123,143,True,0.5264227642276422
SIDER,fedavg_proto,0.5,0,22,200,16,16,0.1,val,server,18,104,39,143,True,0.5749506903353058
SIDER,fedavg_proto,0.5,0,22,200,16,16,0.1,val,server,19,103,40,143,True,0.6000000000000001
SIDER,fedavg_proto,0.5,0,22,200,16,16,0.1,val,server,20,102,41,143,True,0.5669536107125778
SIDER,fedavg_proto,0.5,0,22,200,16,16,0.1,val,server,21,98,45,143,True,0.6192743764172336
SIDER,fedavg_proto,0.5,0,22,200,16,16,0.1,val,server,22,10,133,143,True,0.6721804511278195
SIDER,fedavg_proto,0.5,0,22,200,16,16,0.1,val,server,23,64,79,143,True,0.5690268987341772
SIDER,fedavg_proto,0.5,0,22,200,16,16,0.1,val,server,24,104,39,143,True,0.5779092702169625
SIDER,fedavg_proto,0.5,0,22,200,16,16,0.1,val,server,25,134,9,143,True,0.7363184079601991
SIDER,fedavg_proto,0.5,0,22,200,16,16,0.1,val,server,26,95,48,143,True,0.6043859649122807
SIDER,fedavg_proto,0.5,0,22,200,16,16,0.1,val,client_0,0,76,67,143,True,0.6606441476826395
SIDER,fedavg_proto,0.5,0,22,200,16,16,0.1,val,client_0,1,99,44,143,True,0.6939853076216713
SIDER,fedavg_proto,0.5,0,22,200,16,16,0.1,val,client_0,2,2,141,143,True,0.7836879432624113
SIDER,fedavg_proto,0.5,0,22,200,16,16,0.1,val,client_0,3,85,58,143,True,0.5801217038539553
SIDER,fedavg_proto,0.5,0,22,200,16,16,0.1,val,client_0,4,117,26,143,True,0.6955950032873109
SIDER,fedavg_proto,0.5,0,22,200,16,16,0.1,val,client_0,5,99,44,143,True,0.6848025711662076
SIDER,fedavg_proto,0.5,0,22,200,16,16,0.1,val,client_0,6,131,12,143,True,0.7360050890585242
SIDER,fedavg_proto,0.5,0,22,200,16,16,0.1,val,client_0,7,20,123,143,True,0.6439024390243903
SIDER,fedavg_proto,0.5,0,22,200,16,16,0.1,val,client_0,8,97,46,143,True,0.6109367996414165
SIDER,fedavg_proto,0.5,0,22,200,16,16,0.1,val,client_0,9,71,72,143,True,0.5670970266040689
SIDER,fedavg_proto,0.5,0,22,200,16,16,0.1,val,client_0,10,35,108,143,True,0.6386243386243386
SIDER,fedavg_proto,0.5,0,22,200,16,16,0.1,val,client_0,11,130,13,143,True,0.6609467455621301
SIDER,fedavg_proto,0.5,0,22,200,16,16,0.1,val,client_0,12,37,106,143,True,0.623661397246303
SIDER,fedavg_proto,0.5,0,22,200,16,16,0.1,val,client_0,13,20,123,143,True,0.7056910569105691
SIDER,fedavg_proto,0.5,0,22,200,16,16,0.1,val,client_0,14,107,36,143,True,0.57398753894081
SIDER,fedavg_proto,0.5,0,22,200,16,16,0.1,val,client_0,15,94,49,143,True,0.6864958749457228
SIDER,fedavg_proto,0.5,0,22,200,16,16,0.1,val,client_0,16,129,14,143,True,0.6699889258028793
SIDER,fedavg_proto,0.5,0,22,200,16,16,0.1,val,client_0,17,20,123,143,True,0.5829268292682926
SIDER,fedavg_proto,0.5,0,22,200,16,16,0.1,val,client_0,18,104,39,143,True,0.5845660749506904
SIDER,fedavg_proto,0.5,0,22,200,16,16,0.1,val,client_0,19,103,40,143,True,0.6752427184466019
SIDER,fedavg_proto,0.5,0,22,200,16,16,0.1,val,client_0,20,102,41,143,True,0.6745576279292205
SIDER,fedavg_proto,0.5,0,22,200,16,16,0.1,val,client_0,21,98,45,143,True,0.6789115646258503
SIDER,fedavg_proto,0.5,0,22,200,16,16,0.1,val,client_0,22,10,133,143,True,0.6067669172932331
SIDER,fedavg_proto,0.5,0,22,200,16,16,0.1,val,client_0,23,64,79,143,True,0.6075949367088608
SIDER,fedavg_proto,0.5,0,22,200,16,16,0.1,val,client_0,24,104,39,143,True,0.6210552268244576
SIDER,fedavg_proto,0.5,0,22,200,16,16,0.1,val,client_0,25,134,9,143,True,0.7902155887230513
SIDER,fedavg_proto,0.5,0,22,200,16,16,0.1,val,client_0,26,95,48,143,True,0.6596491228070176
SIDER,fedavg_proto,0.5,0,22,200,16,16,0.1,val,client_1,0,76,67,143,True,0.5936763550667713
SIDER,fedavg_proto,0.5,0,22,200,16,16,0.1,val,client_1,1,99,44,143,True,0.6175390266299358
SIDER,fedavg_proto,0.5,0,22,200,16,16,0.1,val,client_1,2,2,141,143,True,0.7198581560283688
SIDER,fedavg_proto,0.5,0,22,200,16,16,0.1,val,client_1,3,85,58,143,True,0.6354969574036511
SIDER,fedavg_proto,0.5,0,22,200,16,16,0.1,val,client_1,4,117,26,143,True,0.6130834976988823
SIDER,fedavg_proto,0.5,0,22,200,16,16,0.1,val,client_1,5,99,44,143,True,0.5452249770431589
SIDER,fedavg_proto,0.5,0,22,200,16,16,0.1,val,client_1,6,131,12,143,True,0.7054707379134859
SIDER,fedavg_proto,0.5,0,22,200,16,16,0.1,val,client_1,7,20,123,143,True,0.5288617886178861
SIDER,fedavg_proto,0.5,0,22,200,16,16,0.1,val,client_1,8,97,46,143,True,0.5652173913043478
SIDER,fedavg_proto,0.5,0,22,200,16,16,0.1,val,client_1,9,71,72,143,True,0.6044600938967136
SIDER,fedavg_proto,0.5,0,22,200,16,16,0.1,val,client_1,10,35,108,143,True,0.5671957671957673
SIDER,fedavg_proto,0.5,0,22,200,16,16,0.1,val,client_1,11,130,13,143,True,0.5414201183431953
SIDER,fedavg_proto,0.5,0,22,200,16,16,0.1,val,client_1,12,37,106,143,True,0.5775114737378888
SIDER,fedavg_proto,0.5,0,22,200,16,16,0.1,val,client_1,13,20,123,143,True,0.6065040650406505
SIDER,fedavg_proto,0.5,0,22,200,16,16,0.1,val,client_1,14,107,36,143,True,0.5581516095534788
SIDER,fedavg_proto,0.5,0,22,200,16,16,0.1,val,client_1,15,94,49,143,True,0.6712983065566652
SIDER,fedavg_proto,0.5,0,22,200,16,16,0.1,val,client_1,16,129,14,143,True,0.6018826135105205
SIDER,fedavg_proto,0.5,0,22,200,16,16,0.1,val,client_1,17,20,123,143,True,0.5016260162601626
SIDER,fedavg_proto,0.5,0,22,200,16,16,0.1,val,client_1,18,104,39,143,True,0.4733727810650888
SIDER,fedavg_proto,0.5,0,22,200,16,16,0.1,val,client_1,19,103,40,143,True,0.5803398058252427
SIDER,fedavg_proto,0.5,0,22,200,16,16,0.1,val,client_1,20,102,41,143,True,0.5693448110951698
SIDER,fedavg_proto,0.5,0,22,200,16,16,0.1,val,client_1,21,98,45,143,True,0.6176870748299319
SIDER,fedavg_proto,0.5,0,22,200,16,16,0.1,val,client_1,22,10,133,143,True,0.562406015037594
SIDER,fedavg_proto,0.5,0,22,200,16,16,0.1,val,client_1,23,64,79,143,True,0.5454905063291139
SIDER,fedavg_proto,0.5,0,22,200,16,16,0.1,val,client_1,24,104,39,143,True,0.5885108481262327
SIDER,fedavg_proto,0.5,0,22,200,16,16,0.1,val,client_1,25,134,9,143,True,0.781094527363184
SIDER,fedavg_proto,0.5,0,22,200,16,16,0.1,val,client_1,26,95,48,143,True,0.5785087719298245
SIDER,fedavg_proto,0.5,0,22,200,16,16,0.1,val,client_2,0,76,67,143,True,0.5019638648860958
SIDER,fedavg_proto,0.5,0,22,200,16,16,0.1,val,client_2,1,99,44,143,True,0.5684113865932048
SIDER,fedavg_proto,0.5,0,22,200,16,16,0.1,val,client_2,2,2,141,143,True,0.900709219858156
SIDER,fedavg_proto,0.5,0,22,200,16,16,0.1,val,client_2,3,85,58,143,True,0.6156186612576064
SIDER,fedavg_proto,0.5,0,22,200,16,16,0.1,val,client_2,4,117,26,143,True,0.5341880341880342
SIDER,fedavg_proto,0.5,0,22,200,16,16,0.1,val,client_2,5,99,44,143,True,0.5723140495867768
SIDER,fedavg_proto,0.5,0,22,200,16,16,0.1,val,client_2,6,131,12,143,True,0.6927480916030534
SIDER,fedavg_proto,0.5,0,22,200,16,16,0.1,val,client_2,7,20,123,143,True,0.5288617886178861
SIDER,fedavg_proto,0.5,0,22,200,16,16,0.1,val,client_2,8,97,46,143,True,0.5844912595248768
SIDER,fedavg_proto,0.5,0,22,200,16,16,0.1,val,client_2,9,71,72,143,True,0.602112676056338
SIDER,fedavg_proto,0.5,0,22,200,16,16,0.1,val,client_2,10,35,108,143,True,0.5333333333333332
SIDER,fedavg_proto,0.5,0,22,200,16,16,0.1,val,client_2,11,130,13,143,True,0.4059171597633136
SIDER,fedavg_proto,0.5,0,22,200,16,16,0.1,val,client_2,12,37,106,143,True,0.6193268740438552
SIDER,fedavg_proto,0.5,0,22,200,16,16,0.1,val,client_2,13,20,123,143,True,0.6097560975609756
SIDER,fedavg_proto,0.5,0,22,200,16,16,0.1,val,client_2,14,107,36,143,True,0.5
SIDER,fedavg_proto,0.5,0,22,200,16,16,0.1,val,client_2,15,94,49,143,True,0.6254884932696483
SIDER,fedavg_proto,0.5,0,22,200,16,16,0.1,val,client_2,16,129,14,143,True,0.5420819490586932
SIDER,fedavg_proto,0.5,0,22,200,16,16,0.1,val,client_2,17,20,123,143,True,0.4747967479674797
SIDER,fedavg_proto,0.5,0,22,200,16,16,0.1,val,client_2,18,104,39,143,True,0.5179980276134122
SIDER,fedavg_proto,0.5,0,22,200,16,16,0.1,val,client_2,19,103,40,143,True,0.5597087378640776
SIDER,fedavg_proto,0.5,0,22,200,16,16,0.1,val,client_2,20,102,41,143,True,0.48493543758967
SIDER,fedavg_proto,0.5,0,22,200,16,16,0.1,val,client_2,21,98,45,143,True,0.5653061224489796
SIDER,fedavg_proto,0.5,0,22,200,16,16,0.1,val,client_2,22,10,133,143,True,0.6067669172932331
SIDER,fedavg_proto,0.5,0,22,200,16,16,0.1,val,client_2,23,64,79,143,True,0.5814873417721519
SIDER,fedavg_proto,0.5,0,22,200,16,16,0.1,val,client_2,24,104,39,143,True,0.5744575936883629
SIDER,fedavg_proto,0.5,0,22,200,16,16,0.1,val,client_2,25,134,9,143,True,0.5563847429519071
SIDER,fedavg_proto,0.5,0,22,200,16,16,0.1,val,client_2,26,95,48,143,True,0.5359649122807018
SIDER,fedavg_proto,0.5,0,22,200,16,16,0.1,val,client_3,0,76,67,143,True,0.6368813825608799
SIDER,fedavg_proto,0.5,0,22,200,16,16,0.1,val,client_3,1,99,44,143,True,0.6577134986225895
SIDER,fedavg_proto,0.5,0,22,200,16,16,0.1,val,client_3,2,2,141,143,True,0.8439716312056738
SIDER,fedavg_proto,0.5,0,22,200,16,16,0.1,val,client_3,3,85,58,143,True,0.5663286004056796
SIDER,fedavg_proto,0.5,0,22,200,16,16,0.1,val,client_3,4,117,26,143,True,0.6627218934911242
SIDER,fedavg_proto,0.5,0,22,200,16,16,0.1,val,client_3,5,99,44,143,True,0.6202938475665748
SIDER,fedavg_proto,0.5,0,22,200,16,16,0.1,val,client_3,6,131,12,143,True,0.7188295165394402
SIDER,fedavg_proto,0.5,0,22,200,16,16,0.1,val,client_3,7,20,123,143,True,0.5804878048780487
SIDER,fedavg_proto,0.5,0,22,200,16,16,0.1,val,client_3,8,97,46,143,True,0.6149708650829225
SIDER,fedavg_proto,0.5,0,22,200,16,16,0.1,val,client_3,9,71,72,143,True,0.5935054773082943
SIDER,fedavg_proto,0.5,0,22,200,16,16,0.1,val,client_3,10,35,108,143,True,0.6105820105820106
SIDER,fedavg_proto,0.5,0,22,200,16,16,0.1,val,client_3,11,130,13,143,True,0.5461538461538461
SIDER,fedavg_proto,0.5,0,22,200,16,16,0.1,val,client_3,12,37,106,143,True,0.6817950025497196
SIDER,fedavg_proto,0.5,0,22,200,16,16,0.1,val,client_3,13,20,123,143,True,0.5776422764227642
SIDER,fedavg_proto,0.5,0,22,200,16,16,0.1,val,client_3,14,107,36,143,True,0.5404984423676013
SIDER,fedavg_proto,0.5,0,22,200,16,16,0.1,val,client_3,15,94,49,143,True,0.6704298740772905
SIDER,fedavg_proto,0.5,0,22,200,16,16,0.1,val,client_3,16,129,14,143,True,0.6395348837209303
SIDER,fedavg_proto,0.5,0,22,200,16,16,0.1,val,client_3,17,20,123,143,True,0.5552845528455284
SIDER,fedavg_proto,0.5,0,22,200,16,16,0.1,val,client_3,18,104,39,143,True,0.6269723865877713
SIDER,fedavg_proto,0.5,0,22,200,16,16,0.1,val,client_3,19,103,40,143,True,0.5766990291262135
SIDER,fedavg_proto,0.5,0,22,200,16,16,0.1,val,client_3,20,102,41,143,True,0.49378287900526063
SIDER,fedavg_proto,0.5,0,22,200,16,16,0.1,val,client_3,21,98,45,143,True,0.6095238095238096
SIDER,fedavg_proto,0.5,0,22,200,16,16,0.1,val,client_3,22,10,133,143,True,0.6406015037593986
SIDER,fedavg_proto,0.5,0,22,200,16,16,0.1,val,client_3,23,64,79,143,True,0.5357990506329114
SIDER,fedavg_proto,0.5,0,22,200,16,16,0.1,val,client_3,24,104,39,143,True,0.5382149901380671
SIDER,fedavg_proto,0.5,0,22,200,16,16,0.1,val,client_3,25,134,9,143,True,0.6276948590381426
SIDER,fedavg_proto,0.5,0,22,200,16,16,0.1,val,client_3,26,95,48,143,True,0.5831140350877193
SIDER,fedavg_proto,0.5,0,22,200,16,16,0.1,test,server,0,72,71,143,True,0.659037558685446
SIDER,fedavg_proto,0.5,0,22,200,16,16,0.1,test,server,1,105,38,143,True,0.6573934837092732
SIDER,fedavg_proto,0.5,0,22,200,16,16,0.1,test,server,2,5,138,143,True,0.5768115942028986
SIDER,fedavg_proto,0.5,0,22,200,16,16,0.1,test,server,3,90,53,143,True,0.5331236897274633
SIDER,fedavg_proto,0.5,0,22,200,16,16,0.1,test,server,4,118,25,143,True,0.5813559322033899
SIDER,fedavg_proto,0.5,0,22,200,16,16,0.1,test,server,5,104,39,143,True,0.5636094674556213
SIDER,fedavg_proto,0.5,0,22,200,16,16,0.1,test,server,6,134,9,143,True,0.6069651741293532
SIDER,fedavg_proto,0.5,0,22,200,16,16,0.1,test,server,7,24,119,143,True,0.5850840336134454
SIDER,fedavg_proto,0.5,0,22,200,16,16,0.1,test,server,8,91,52,143,True,0.5701606086221471
SIDER,fedavg_proto,0.5,0,22,200,16,16,0.1,test,server,9,74,69,143,True,0.6321974148061105
SIDER,fedavg_proto,0.5,0,22,200,16,16,0.1,test,server,10,39,104,143,True,0.6535996055226824
SIDER,fedavg_proto,0.5,0,22,200,16,16,0.1,test,server,11,130,13,143,True,0.47869822485207103
SIDER,fedavg_proto,0.5,0,22,200,16,16,0.1,test,server,12,33,110,143,True,0.6181818181818182
SIDER,fedavg_proto,0.5,0,22,200,16,16,0.1,test,server,13,20,123,143,True,0.6313008130081301
SIDER,fedavg_proto,0.5,0,22,200,16,16,0.1,test,server,14,113,30,143,True,0.5533923303834809
SIDER,fedavg_proto,0.5,0,22,200,16,16,0.1,test,server,15,83,60,143,True,0.6367469879518072
SIDER,fedavg_proto,0.5,0,22,200,16,16,0.1,test,server,16,131,12,143,True,0.6603053435114504
SIDER,fedavg_proto,0.5,0,22,200,16,16,0.1,test,server,17,30,113,143,True,0.6238938053097346
SIDER,fedavg_proto,0.5,0,22,200,16,16,0.1,test,server,18,109,34,143,True,0.5237452779276849
SIDER,fedavg_proto,0.5,0,22,200,16,16,0.1,test,server,19,104,39,143,True,0.4795364891518738
SIDER,fedavg_proto,0.5,0,22,200,16,16,0.1,test,server,20,102,41,143,True,0.5026303204208513
SIDER,fedavg_proto,0.5,0,22,200,16,16,0.1,test,server,21,98,45,143,True,0.591609977324263
SIDER,fedavg_proto,0.5,0,22,200,16,16,0.1,test,server,22,14,129,143,True,0.5880398671096345
SIDER,fedavg_proto,0.5,0,22,200,16,16,0.1,test,server,23,60,83,143,True,0.485140562248996
SIDER,fedavg_proto,0.5,0,22,200,16,16,0.1,test,server,24,98,45,143,True,0.4471655328798186
SIDER,fedavg_proto,0.5,0,22,200,16,16,0.1,test,server,25,132,11,143,True,0.7045454545454546
SIDER,fedavg_proto,0.5,0,22,200,16,16,0.1,test,server,26,101,42,143,True,0.5723715228665724
SIDER,fedavg_proto,0.5,0,22,200,16,16,0.1,test,client_0,0,72,71,143,True,0.6598200312989045
SIDER,fedavg_proto,0.5,0,22,200,16,16,0.1,test,client_0,1,105,38,143,True,0.6072681704260652
SIDER,fedavg_proto,0.5,0,22,200,16,16,0.1,test,client_0,2,5,138,143,True,0.8405797101449276
SIDER,fedavg_proto,0.5,0,22,200,16,16,0.1,test,client_0,3,90,53,143,True,0.5014675052410902
SIDER,fedavg_proto,0.5,0,22,200,16,16,0.1,test,client_0,4,118,25,143,True,0.6694915254237289
SIDER,fedavg_proto,0.5,0,22,200,16,16,0.1,test,client_0,5,104,39,143,True,0.5786489151873767
SIDER,fedavg_proto,0.5,0,22,200,16,16,0.1,test,client_0,6,134,9,143,True,0.5646766169154228
SIDER,fedavg_proto,0.5,0,22,200,16,16,0.1,test,client_0,7,24,119,143,True,0.5360644257703081
SIDER,fedavg_proto,0.5,0,22,200,16,16,0.1,test,client_0,8,91,52,143,True,0.5409974640743871
SIDER,fedavg_proto,0.5,0,22,200,16,16,0.1,test,client_0,9,74,69,143,True,0.6094790442616531
SIDER,fedavg_proto,0.5,0,22,200,16,16,0.1,test,client_0,10,39,104,143,True,0.6311637080867849
SIDER,fedavg_proto,0.5,0,22,200,16,16,0.1,test,client_0,11,130,13,143,True,0.6414201183431953
SIDER,fedavg_proto,0.5,0,22,200,16,16,0.1,test,client_0,12,33,110,143,True,0.5809917355371902
SIDER,fedavg_proto,0.5,0,22,200,16,16,0.1,test,client_0,13,20,123,143,True,0.5658536585365853
SIDER,fedavg_proto,0.5,0,22,200,16,16,0.1,test,client_0,14,113,30,143,True,0.552212389380531
SIDER,fedavg_proto,0.5,0,22,200,16,16,0.1,test,client_0,15,83,60,143,True,0.6500000000000001
SIDER,fedavg_proto,0.5,0,22,200,16,16,0.1,test,client_0,16,131,12,143,True,0.7016539440203562
SIDER,fedavg_proto,0.5,0,22,200,16,16,0.1,test,client_0,17,30,113,143,True,0.5504424778761061
SIDER,fedavg_proto,0.5,0,22,200,16,16,0.1,test,client_0,18,109,34,143,True,0.4905558553696708
SIDER,fedavg_proto,0.5,0,22,200,16,16,0.1,test,client_0,19,104,39,143,True,0.4817554240631164
SIDER,fedavg_proto,0.5,0,22,200,16,16,0.1,test,client_0,20,102,41,143,True,0.523194643711143
SIDER,fedavg_proto,0.5,0,22,200,16,16,0.1,test,client_0,21,98,45,143,True,0.5843537414965986
SIDER,fedavg_proto,0.5,0,22,200,16,16,0.1,test,client_0,22,14,129,143,True,0.5598006644518273
SIDER,fedavg_proto,0.5,0,22,200,16,16,0.1,test,client_0,23,60,83,143,True,0.5558232931726907
SIDER,fedavg_proto,0.5,0,22,200,16,16,0.1,test,client_0,24,98,45,143,True,0.4621315192743764
SIDER,fedavg_proto,0.5,0,22,200,16,16,0.1,test,client_0,25,132,11,143,True,0.6535812672176309
SIDER,fedavg_proto,0.5,0,22,200,16,16,0.1,test,client_0,26,101,42,143,True,0.6025459688826025
SIDER,fedavg_proto,0.5,0,22,200,16,16,0.1,test,client_1,0,72,71,143,True,0.6195226917057903
SIDER,fedavg_proto,0.5,0,22,200,16,16,0.1,test,client_1,1,105,38,143,True,0.6075187969924811
SIDER,fedavg_proto,0.5,0,22,200,16,16,0.1,test,client_1,2,5,138,143,True,0.5492753623188406
SIDER,fedavg_proto,0.5,0,22,200,16,16,0.1,test,client_1,3,90,53,143,True,0.5350104821802935
SIDER,fedavg_proto,0.5,0,22,200,16,16,0.1,test,client_1,4,118,25,143,True,0.4972881355932203
SIDER,fedavg_proto,0.5,0,22,200,16,16,0.1,test,client_1,5,104,39,143,True,0.5325443786982248
SIDER,fedavg_proto,0.5,0,22,200,16,16,0.1,test,client_1,6,134,9,143,True,0.5240464344941956
SIDER,fedavg_proto,0.5,0,22,200,16,16,0.1,test,client_1,7,24,119,143,True,0.6908263305322129
SIDER,fedavg_proto,0.5,0,22,200,16,16,0.1,test,client_1,8,91,52,143,True,0.5982671174978867
SIDER,fedavg_proto,0.5,0,22,200,16,16,0.1,test,client_1,9,74,69,143,True,0.6887974931453192
SIDER,fedavg_proto,0.5,0,22,200,16,16,0.1,test,client_1,10,39,104,143,True,0.6052761341222881
SIDER,fedavg_proto,0.5,0,22,200,16,16,0.1,test,client_1,11,130,13,143,True,0.48284023668639053
SIDER,fedavg_proto,0.5,0,22,200,16,16,0.1,test,client_1,12,33,110,143,True,0.6732782369146006
SIDER,fedavg_proto,0.5,0,22,200,16,16,0.1,test,client_1,13,20,123,143,True,0.6943089430894309
SIDER,fedavg_proto,0.5,0,22,200,16,16,0.1,test,client_1,14,113,30,143,True,0.5628318584070797
SIDER,fedavg_proto,0.5,0,22,200,16,16,0.1,test,client_1,15,83,60,143,True,0.5596385542168676
SIDER,fedavg_proto,0.5,0,22,200,16,16,0.1,test,client_1,16,131,12,143,True,0.4987277353689567
SIDER,fedavg_proto,0.5,0,22,200,16,16,0.1,test,client_1,17,30,113,143,True,0.6050147492625368
SIDER,fedavg_proto,0.5,0,22,200,16,16,0.1,test,client_1,18,109,34,143,True,0.558553696708041
SIDER,fedavg_proto,0.5,0,22,200,16,16,0.1,test,client_1,19,104,39,143,True,0.5064102564102564
SIDER,fedavg_proto,0.5,0,22,200,16,16,0.1,test,client_1,20,102,41,143,True,0.5669536107125777
SIDER,fedavg_proto,0.5,0,22,200,16,16,0.1,test,client_1,21,98,45,143,True,0.5356009070294785
SIDER,fedavg_proto,0.5,0,22,200,16,16,0.1,test,client_1,22,14,129,143,True,0.7220376522702103
SIDER,fedavg_proto,0.5,0,22,200,16,16,0.1,test,client_1,23,60,83,143,True,0.513855421686747
SIDER,fedavg_proto,0.5,0,22,200,16,16,0.1,test,client_1,24,98,45,143,True,0.4936507936507936
SIDER,fedavg_proto,0.5,0,22,200,16,16,0.1,test,client_1,25,132,11,143,True,0.6652892561983471
SIDER,fedavg_proto,0.5,0,22,200,16,16,0.1,test,client_1,26,101,42,143,True,0.6103253182461104
SIDER,fedavg_proto,0.5,0,22,200,16,16,0.1,test,client_2,0,72,71,143,True,0.5608372456964006
SIDER,fedavg_proto,0.5,0,22,200,16,16,0.1,test,client_2,1,105,38,143,True,0.5676691729323309
SIDER,fedavg_proto,0.5,0,22,200,16,16,0.1,test,client_2,2,5,138,143,True,0.6275362318840579
SIDER,fedavg_proto,0.5,0,22,200,16,16,0.1,test,client_2,3,90,53,143,True,0.4612159329140461
SIDER,fedavg_proto,0.5,0,22,200,16,16,0.1,test,client_2,4,118,25,143,True,0.4925423728813559
SIDER,fedavg_proto,0.5,0,22,200,16,16,0.1,test,client_2,5,104,39,143,True,0.5517751479289942
SIDER,fedavg_proto,0.5,0,22,200,16,16,0.1,test,client_2,6,134,9,143,True,0.5903814262023217
SIDER,fedavg_proto,0.5,0,22,200,16,16,0.1,test,client_2,7,24,119,143,True,0.5672268907563025
SIDER,fedavg_proto,0.5,0,22,200,16,16,0.1,test,client_2,8,91,52,143,True,0.5154268808114962
SIDER,fedavg_proto,0.5,0,22,200,16,16,0.1,test,client_2,9,74,69,143,True,0.5487661574618097
SIDER,fedavg_proto,0.5,0,22,200,16,16,0.1,test,client_2,10,39,104,143,True,0.6203155818540435
SIDER,fedavg_proto,0.5,0,22,200,16,16,0.1,test,client_2,11,130,13,143,True,0.3887573964497042
SIDER,fedavg_proto,0.5,0,22,200,16,16,0.1,test,client_2,12,33,110,143,True,0.6071625344352618
SIDER,fedavg_proto,0.5,0,22,200,16,16,0.1,test,client_2,13,20,123,143,True,0.5910569105691057
SIDER,fedavg_proto,0.5,0,22,200,16,16,0.1,test,client_2,14,113,30,143,True,0.45398230088495584
SIDER,fedavg_proto,0.5,0,22,200,16,16,0.1,test,client_2,15,83,60,143,True,0.5807228915662651
SIDER,fedavg_proto,0.5,0,22,200,16,16,0.1,test,client_2,16,131,12,143,True,0.5438931297709924
SIDER,fedavg_proto,0.5,0,22,200,16,16,0.1,test,client_2,17,30,113,143,True,0.6085545722713864
SIDER,fedavg_proto,0.5,0,22,200,16,16,0.1,test,client_2,18,109,34,143,True,0.5118726389638424
SIDER,fedavg_proto,0.5,0,22,200,16,16,0.1,test,client_2,19,104,39,143,True,0.48274161735700194
SIDER,fedavg_proto,0.5,0,22,200,16,16,0.1,test,client_2,20,102,41,143,True,0.4976087996174079
SIDER,fedavg_proto,0.5,0,22,200,16,16,0.1,test,client_2,21,98,45,143,True,0.5993197278911563
SIDER,fedavg_proto,0.5,0,22,200,16,16,0.1,test,client_2,22,14,129,143,True,0.5874861572535991
SIDER,fedavg_proto,0.5,0,22,200,16,16,0.1,test,client_2,23,60,83,143,True,0.4598393574297189
SIDER,fedavg_proto,0.5,0,22,200,16,16,0.1,test,client_2,24,98,45,143,True,0.3997732426303855
SIDER,fedavg_proto,0.5,0,22,200,16,16,0.1,test,client_2,25,132,11,143,True,0.650137741046832
SIDER,fedavg_proto,0.5,0,22,200,16,16,0.1,test,client_2,26,101,42,143,True,0.5582272512965583
SIDER,fedavg_proto,0.5,0,22,200,16,16,0.1,test,client_3,0,72,71,143,True,0.6332159624413145
SIDER,fedavg_proto,0.5,0,22,200,16,16,0.1,test,client_3,1,105,38,143,True,0.6421052631578947
SIDER,fedavg_proto,0.5,0,22,200,16,16,0.1,test,client_3,2,5,138,143,True,0.6521739130434783
SIDER,fedavg_proto,0.5,0,22,200,16,16,0.1,test,client_3,3,90,53,143,True,0.570020964360587
SIDER,fedavg_proto,0.5,0,22,200,16,16,0.1,test,client_3,4,118,25,143,True,0.6159322033898306
SIDER,fedavg_proto,0.5,0,22,200,16,16,0.1,test,client_3,5,104,39,143,True,0.5828402366863905
SIDER,fedavg_proto,0.5,0,22,200,16,16,0.1,test,client_3,6,134,9,143,True,0.6782752902155887
SIDER,fedavg_proto,0.5,0,22,200,16,16,0.1,test,client_3,7,24,119,143,True,0.5822829131652661
SIDER,fedavg_proto,0.5,0,22,200,16,16,0.1,test,client_3,8,91,52,143,True,0.551352493660186
SIDER,fedavg_proto,0.5,0,22,200,16,16,0.1,test,client_3,9,74,69,143,True,0.6680376028202115
SIDER,fedavg_proto,0.5,0,22,200,16,16,0.1,test,client_3,10,39,104,143,True,0.6111932938856016
SIDER,fedavg_proto,0.5,0,22,200,16,16,0.1,test,client_3,11,130,13,143,True,0.6029585798816568
SIDER,fedavg_proto,0.5,0,22,200,16,16,0.1,test,client_3,12,33,110,143,True,0.6515151515151515
SIDER,fedavg_proto,0.5,0,22,200,16,16,0.1,test,client_3,13,20,123,143,True,0.6048780487804878
SIDER,fedavg_proto,0.5,0,22,200,16,16,0.1,test,client_3,14,113,30,143,True,0.636873156342183
SIDER,fedavg_proto,0.5,0,22,200,16,16,0.1,test,client_3,15,83,60,143,True,0.6817269076305221
SIDER,fedavg_proto,0.5,0,22,200,16,16,0.1,test,client_3,16,131,12,143,True,0.7283715012722647
SIDER,fedavg_proto,0.5,0,22,200,16,16,0.1,test,client_3,17,30,113,143,True,0.6050147492625368
SIDER,fedavg_proto,0.5,0,22,200,16,16,0.1,test,client_3,18,109,34,143,True,0.5817593092282786
SIDER,fedavg_proto,0.5,0,22,200,16,16,0.1,test,client_3,19,104,39,143,True,0.557199211045365
SIDER,fedavg_proto,0.5,0,22,200,16,16,0.1,test,client_3,20,102,41,143,True,0.5401721664275466
SIDER,fedavg_proto,0.5,0,22,200,16,16,0.1,test,client_3,21,98,45,143,True,0.6662131519274377
SIDER,fedavg_proto,0.5,0,22,200,16,16,0.1,test,client_3,22,14,129,143,True,0.5841638981173866
SIDER,fedavg_proto,0.5,0,22,200,16,16,0.1,test,client_3,23,60,83,143,True,0.516867469879518
SIDER,fedavg_proto,0.5,0,22,200,16,16,0.1,test,client_3,24,98,45,143,True,0.5285714285714286
SIDER,fedavg_proto,0.5,0,22,200,16,16,0.1,test,client_3,25,132,11,143,True,0.6522038567493114
SIDER,fedavg_proto,0.5,0,22,200,16,16,0.1,test,client_3,26,101,42,143,True,0.5723715228665724
SIDER,fedavg_proto,0.5,0,23,200,16,16,0.1,val,server,0,76,67,143,True,0.6376669285153181
SIDER,fedavg_proto,0.5,0,23,200,16,16,0.1,val,server,1,99,44,143,True,0.673783287419651
SIDER,fedavg_proto,0.5,0,23,200,16,16,0.1,val,server,2,2,141,143,True,0.6666666666666667
SIDER,fedavg_proto,0.5,0,23,200,16,16,0.1,val,server,3,85,58,143,True,0.6385395537525356
SIDER,fedavg_proto,0.5,0,23,200,16,16,0.1,val,server,4,117,26,143,True,0.6745562130177515
SIDER,fedavg_proto,0.5,0,23,200,16,16,0.1,val,server,5,99,44,143,True,0.6117998163452709
SIDER,fedavg_proto,0.5,0,23,200,16,16,0.1,val,server,6,131,12,143,True,0.7340966921119594
SIDER,fedavg_proto,0.5,0,23,200,16,16,0.1,val,server,7,20,123,143,True,0.6186991869918699
SIDER,fedavg_proto,0.5,0,23,200,16,16,0.1,val,server,8,97,46,143,True,0.6228148812191842
SIDER,fedavg_proto,0.5,0,23,200,16,16,0.1,val,server,9,71,72,143,True,0.6087636932707355
SIDER,fedavg_proto,0.5,0,23,200,16,16,0.1,val,server,10,35,108,143,True,0.5915343915343916
SIDER,fedavg_proto,0.5,0,23,200,16,16,0.1,val,server,11,130,13,143,True,0.6437869822485206
SIDER,fedavg_proto,0.5,0,23,200,16,16,0.1,val,server,12,37,106,143,True,0.6450790413054565
SIDER,fedavg_proto,0.5,0,23,200,16,16,0.1,val,server,13,20,123,143,True,0.6085365853658536
SIDER,fedavg_proto,0.5,0,23,200,16,16,0.1,val,server,14,107,36,143,True,0.5537383177570093
SIDER,fedavg_proto,0.5,0,23,200,16,16,0.1,val,server,15,94,49,143,True,0.7029960920538427
SIDER,fedavg_proto,0.5,0,23,200,16,16,0.1,val,server,16,129,14,143,True,0.6351052048726468
SIDER,fedavg_proto,0.5,0,23,200,16,16,0.1,val,server,17,20,123,143,True,0.5333333333333333
SIDER,fedavg_proto,0.5,0,23,200,16,16,0.1,val,server,18,104,39,143,True,0.5764299802761341
SIDER,fedavg_proto,0.5,0,23,200,16,16,0.1,val,server,19,103,40,143,True,0.6067961165048544
SIDER,fedavg_proto,0.5,0,23,200,16,16,0.1,val,server,20,102,41,143,True,0.5566714490674318
SIDER,fedavg_proto,0.5,0,23,200,16,16,0.1,val,server,21,98,45,143,True,0.6138321995464853
SIDER,fedavg_proto,0.5,0,23,200,16,16,0.1,val,server,22,10,133,143,True,0.6909774436090226
SIDER,fedavg_proto,0.5,0,23,200,16,16,0.1,val,server,23,64,79,143,True,0.580498417721519
SIDER,fedavg_proto,0.5,0,23,200,16,16,0.1,val,server,24,104,39,143,True,0.5722386587771203
SIDER,fedavg_proto,0.5,0,23,200,16,16,0.1,val,server,25,134,9,143,True,0.7155887230514096
SIDER,fedavg_proto,0.5,0,23,200,16,16,0.1,val,server,26,95,48,143,True,0.5969298245614036
SIDER,fedavg_proto,0.5,0,23,200,16,16,0.1,val,client_0,0,76,67,143,True,0.6567164179104477
SIDER,fedavg_proto,0.5,0,23,200,16,16,0.1,val,client_0,1,99,44,143,True,0.6795224977043159
SIDER,fedavg_proto,0.5,0,23,200,16,16,0.1,val,client_0,2,2,141,143,True,0.8049645390070922
SIDER,fedavg_proto,0.5,0,23,200,16,16,0.1,val,client_0,3,85,58,143,True,0.5789046653144015
SIDER,fedavg_proto,0.5,0,23,200,16,16,0.1,val,client_0,4,117,26,143,True,0.6936226166995398
SIDER,fedavg_proto,0.5,0,23,200,16,16,0.1,val,client_0,5,99,44,143,True,0.6673553719008264
SIDER,fedavg_proto,0.5,0,23,200,16,16,0.1,val,client_0,6,131,12,143,True,0.7360050890585241
SIDER,fedavg_proto,0.5,0,23,200,16,16,0.1,val,client_0,7,20,123,143,True,0.6382113821138211
SIDER,fedavg_proto,0.5,0,23,200,16,16,0.1,val,client_0,8,97,46,143,True,0.5956969968623935
SIDER,fedavg_proto,0.5,0,23,200,16,16,0.1,val,client_0,9,71,72,143,True,0.5555555555555556
SIDER,fedavg_proto,0.5,0,23,200,16,16,0.1,val,client_0,10,35,108,143,True,0.6439153439153439
SIDER,fedavg_proto,0.5,0,23,200,16,16,0.1,val,client_0,11,130,13,143,True,0.6485207100591717
SIDER,fedavg_proto,0.5,0,23,200,16,16,0.1,val,client_0,12,37,106,143,True,0.61907190209077
SIDER,fedavg_proto,0.5,0,23,200,16,16,0.1,val,client_0,13,20,123,143,True,0.6861788617886178
SIDER,fedavg_proto,0.5,0,23,200,16,16,0.1,val,client_0,14,107,36,143,True,0.5828141225337486
SIDER,fedavg_proto,0.5,0,23,200,16,16,0.1,val,client_0,15,94,49,143,True,0.6860616587060355
SIDER,fedavg_proto,0.5,0,23,200,16,16,0.1,val,client_0,16,129,14,143,True,0.6578073089700996
SIDER,fedavg_proto,0.5,0,23,200,16,16,0.1,val,client_0,17,20,123,143,True,0.5691056910569106
SIDER,fedavg_proto,0.5,0,23,200,16,16,0.1,val,client_0,18,104,39,143,True,0.5771696252465484
SIDER,fedavg_proto,0.5,0,23,200,16,16,0.1,val,client_0,19,103,40,143,True,0.6803398058252427
SIDER,fedavg_proto,0.5,0,23,200,16,16,0.1,val,client_0,20,102,41,143,True,0.645145863223338
SIDER,fedavg_proto,0.5,0,23,200,16,16,0.1,val,client_0,21,98,45,143,True,0.6621315192743764
SIDER,fedavg_proto,0.5,0,23,200,16,16,0.1,val,client_0,22,10,133,143,True,0.6571428571428571
SIDER,fedavg_proto,0.5,0,23,200,16,16,0.1,val,client_0,23,64,79,143,True,0.5957278481012659
SIDER,fedavg_proto,0.5,0,23,200,16,16,0.1,val,client_0,24,104,39,143,True,0.6050295857988166
SIDER,fedavg_proto,0.5,0,23,200,16,16,0.1,val,client_0,25,134,9,143,True,0.7951907131011609
SIDER,fedavg_proto,0.5,0,23,200,16,16,0.1,val,client_0,26,95,48,143,True,0.6410087719298245
SIDER,fedavg_proto,0.5,0,23,200,16,16,0.1,val,client_1,0,76,67,143,True,0.6052631578947368
SIDER,fedavg_proto,0.5,0,23,200,16,16,0.1,val,client_1,1,99,44,143,True,0.6124885215794307
SIDER,fedavg_proto,0.5,0,23,200,16,16,0.1,val,client_1,2,2,141,143,True,0.6702127659574468
SIDER,fedavg_proto,0.5,0,23,200,16,16,0.1,val,client_1,3,85,58,143,True,0.6436105476673427
SIDER,fedavg_proto,0.5,0,23,200,16,16,0.1,val,client_1,4,117,26,143,True,0.6032215647600263
SIDER,fedavg_proto,0.5,0,23,200,16,16,0.1,val,client_1,5,99,44,143,True,0.5353535353535355
SIDER,fedavg_proto,0.5,0,23,200,16,16,0.1,val,client_1,6,131,12,143,True,0.6793893129770993
SIDER,fedavg_proto,0.5,0,23,200,16,16,0.1,val,client_1,7,20,123,143,True,0.5280487804878049
SIDER,fedavg_proto,0.5,0,23,200,16,16,0.1,val,client_1,8,97,46,143,True,0.5618556701030928
SIDER,fedavg_proto,0.5,0,23,200,16,16,0.1,val,client_1,9,71,72,143,True,0.6075899843505477
SIDER,fedavg_proto,0.5,0,23,200,16,16,0.1,val,client_1,10,35,108,143,True,0.548941798941799
SIDER,fedavg_proto,0.5,0,23,200,16,16,0.1,val,client_1,11,130,13,143,True,0.5532544378698225
SIDER,fedavg_proto,0.5,0,23,200,16,16,0.1,val,client_1,12,37,106,143,True,0.5887302396736359
SIDER,fedavg_proto,0.5,0,23,200,16,16,0.1,val,client_1,13,20,123,143,True,0.6044715447154471
SIDER,fedavg_proto,0.5,0,23,200,16,16,0.1,val,client_1,14,107,36,143,True,0.5337487019730011
SIDER,fedavg_proto,0.5,0,23,200,16,16,0.1,val,client_1,15,94,49,143,True,0.6678245766391663
SIDER,fedavg_proto,0.5,0,23,200,16,16,0.1,val,client_1,16,129,14,143,True,0.6112956810631229
SIDER,fedavg_proto,0.5,0,23,200,16,16,0.1,val,client_1,17,20,123,143,True,0.46260162601626015
SIDER,fedavg_proto,0.5,0,23,200,16,16,0.1,val,client_1,18,104,39,143,True,0.4770710059171598
SIDER,fedavg_proto,0.5,0,23,200,16,16,0.1,val,client_1,19,103,40,143,True,0.5803398058252426
SIDER,fedavg_proto,0.5,0,23,200,16,16,0.1,val,client_1,20,102,41,143,True,0.5628885700621713
SIDER,fedavg_proto,0.5,0,23,200,16,16,0.1,val,client_1,21,98,45,143,True,0.6011337868480725
SIDER,fedavg_proto,0.5,0,23,200,16,16,0.1,val,client_1,22,10,133,143,True,0.544360902255639
SIDER,fedavg_proto,0.5,0,23,200,16,16,0.1,val,client_1,23,64,79,143,True,0.5486550632911392
SIDER,fedavg_proto,0.5,0,23,200,16,16,0.1,val,client_1,24,104,39,143,True,0.5899901380670611
SIDER,fedavg_proto,0.5,0,23,200,16,16,0.1,val,client_1,25,134,9,143,True,0.7454394693200663
SIDER,fedavg_proto,0.5,0,23,200,16,16,0.1,val,client_1,26,95,48,143,True,0.5708333333333333
SIDER,fedavg_proto,0.5,0,23,200,16,16,0.1,val,client_2,0,76,67,143,True,0.5027494108405341
SIDER,fedavg_proto,0.5,0,23,200,16,16,0.1,val,client_2,1,99,44,143,True,0.5736914600550964
SIDER,fedavg_proto,0.5,0,23,200,16,16,0.1,val,client_2,2,2,141,143,True,0.8794326241134752
SIDER,fedavg_proto,0.5,0,23,200,16,16,0.1,val,client_2,3,85,58,143,True,0.6342799188640973
SIDER,fedavg_proto,0.5,0,23,200,16,16,0.1,val,client_2,4,117,26,143,True,0.5407626561472715
SIDER,fedavg_proto,0.5,0,23,200,16,16,0.1,val,client_2,5,99,44,143,True,0.5727731864095501
SIDER,fedavg_proto,0.5,0,23,200,16,16,0.1,val,client_2,6,131,12,143,True,0.6991094147582697
SIDER,fedavg_proto,0.5,0,23,200,16,16,0.1,val,client_2,7,20,123,143,True,0.5516260162601626
SIDER,fedavg_proto,0.5,0,23,200,16,16,0.1,val,client_2,8,97,46,143,True,0.5851636037651277
SIDER,fedavg_proto,0.5,0,23,200,16,16,0.1,val,client_2,9,71,72,143,True,0.6126760563380282
SIDER,fedavg_proto,0.5,0,23,200,16,16,0.1,val,client_2,10,35,108,143,True,0.521957671957672
SIDER,fedavg_proto,0.5,0,23,200,16,16,0.1,val,client_2,11,130,13,143,True,0.41775147928994083
SIDER,fedavg_proto,0.5,0,23,200,16,16,0.1,val,client_2,12,37,106,143,True,0.6211116777154513
SIDER,fedavg_proto,0.5,0,23,200,16,16,0.1,val,client_2,13,20,123,143,True,0.6097560975609756
SIDER,fedavg_proto,0.5,0,23,200,16,16,0.1,val,client_2,14,107,36,143,True,0.49792315680166144
SIDER,fedavg_proto,0.5,0,23,200,16,16,0.1,val,client_2,15,94,49,143,True,0.6293964394268347
SIDER,fedavg_proto,0.5,0,23,200,16,16,0.1,val,client_2,16,129,14,143,True,0.5476190476190477
SIDER,fedavg_proto,0.5,0,23,200,16,16,0.1,val,client_2,17,20,123,143,True,0.4735772357723578
SIDER,fedavg_proto,0.5,0,23,200,16,16,0.1,val,client_2,18,104,39,143,True,0.513560157790927
SIDER,fedavg_proto,0.5,0,23,200,16,16,0.1,val,client_2,19,103,40,143,True,0.5546116504854368
SIDER,fedavg_proto,0.5,0,23,200,16,16,0.1,val,client_2,20,102,41,143,True,0.4947393591582975
SIDER,fedavg_proto,0.5,0,23,200,16,16,0.1,val,client_2,21,98,45,143,True,0.5682539682539682
SIDER,fedavg_proto,0.5,0,23,200,16,16,0.1,val,client_2,22,10,133,143,True,0.6090225563909775
SIDER,fedavg_proto,0.5,0,23,200,16,16,0.1,val,client_2,23,64,79,143,True,0.5925632911392404
SIDER,fedavg_proto,0.5,0,23,200,16,16,0.1,val,client_2,24,104,39,143,True,0.5697731755424064
SIDER,fedavg_proto,0.5,0,23,200,16,16,0.1,val,client_2,25,134,9,143,True,0.5522388059701493
SIDER,fedavg_proto,0.5,0,23,200,16,16,0.1,val,client_2,26,95,48,143,True,0.537938596491228
SIDER,fedavg_proto,0.5,0,23,200,16,16,0.1,val,client_3,0,76,67,143,True,0.6421838177533385
SIDER,fedavg_proto,0.5,0,23,200,16,16,0.1,val,client_3,1,99,44,143,True,0.6544995408631773
SIDER,fedavg_proto,0.5,0,23,200,16,16,0.1,val,client_3,2,2,141,143,True,0.8865248226950354
SIDER,fedavg_proto,0.5,0,23,200,16,16,0.1,val,client_3,3,85,58,143,True,0.5614604462474645
SIDER,fedavg_proto,0.5,0,23,200,16,16,0.1,val,client_3,4,117,26,143,True,0.6801446416831032
SIDER,fedavg_proto,0.5,0,23,200,16,16,0.1,val,client_3,5,99,44,143,True,0.6315426997245179
SIDER,fedavg_proto,0.5,0,23,200,16,16,0.1,val,client_3,6,131,12,143,True,0.7213740458015266
SIDER,fedavg_proto,0.5,0,23,200,16,16,0.1,val,client_3,7,20,123,143,True,0.5792682926829268
SIDER,fedavg_proto,0.5,0,23,200,16,16,0.1,val,client_3,8,97,46,143,True,0.6145226355894218
SIDER,fedavg_proto,0.5,0,23,200,16,16,0.1,val,client_3,9,71,72,143,True,0.5950704225352113
SIDER,fedavg_proto,0.5,0,23,200,16,16,0.1,val,client_3,10,35,108,143,True,0.6193121693121694
SIDER,fedavg_proto,0.5,0,23,200,16,16,0.1,val,client_3,11,130,13,143,True,0.5674556213017751
SIDER,fedavg_proto,0.5,0,23,200,16,16,0.1,val,client_3,12,37,106,143,True,0.6835798062213158
SIDER,fedavg_proto,0.5,0,23,200,16,16,0.1,val,client_3,13,20,123,143,True,0.5882113821138211
SIDER,fedavg_proto,0.5,0,23,200,16,16,0.1,val,client_3,14,107,36,143,True,0.5604880581516096
SIDER,fedavg_proto,0.5,0,23,200,16,16,0.1,val,client_3,15,94,49,143,True,0.6689101172383848
SIDER,fedavg_proto,0.5,0,23,200,16,16,0.1,val,client_3,16,129,14,143,True,0.627906976744186
SIDER,fedavg_proto,0.5,0,23,200,16,16,0.1,val,client_3,17,20,123,143,True,0.5682926829268292
SIDER,fedavg_proto,0.5,0,23,200,16,16,0.1,val,client_3,18,104,39,143,True,0.6257396449704142
SIDER,fedavg_proto,0.5,0,23,200,16,16,0.1,val,client_3,19,103,40,143,True,0.5970873786407768
SIDER,fedavg_proto,0.5,0,23,200,16,16,0.1,val,client_3,20,102,41,143,True,0.5002391200382592
SIDER,fedavg_proto,0.5,0,23,200,16,16,0.1,val,client_3,21,98,45,143,True,0.6083900226757369
SIDER,fedavg_proto,0.5,0,23,200,16,16,0.1,val,client_3,22,10,133,143,True,0.6511278195488722
SIDER,fedavg_proto,0.5,0,23,200,16,16,0.1,val,client_3,23,64,79,143,True,0.5476661392405063
SIDER,fedavg_proto,0.5,0,23,200,16,16,0.1,val,client_3,24,104,39,143,True,0.540680473372781
SIDER,fedavg_proto,0.5,0,23,200,16,16,0.1,val,client_3,25,134,9,143,True,0.6194029850746269
SIDER,fedavg_proto,0.5,0,23,200,16,16,0.1,val,client_3,26,95,48,143,True,0.5736842105263158
SIDER,fedavg_proto,0.5,0,23,200,16,16,0.1,test,server,0,72,71,143,True,0.6557120500782473
SIDER,fedavg_proto,0.5,0,23,200,16,16,0.1,test,server,1,105,38,143,True,0.6523809523809524
SIDER,fedavg_proto,0.5,0,23,200,16,16,0.1,test,server,2,5,138,143,True,0.5681159420289855
SIDER,fedavg_proto,0.5,0,23,200,16,16,0.1,test,server,3,90,53,143,True,0.5320754716981132
SIDER,fedavg_proto,0.5,0,23,200,16,16,0.1,test,server,4,118,25,143,True,0.5925423728813559
SIDER,fedavg_proto,0.5,0,23,200,16,16,0.1,test,server,5,104,39,143,True,0.571992110453649
SIDER,fedavg_proto,0.5,0,23,200,16,16,0.1,test,server,6,134,9,143,True,0.6086235489220564
SIDER,fedavg_proto,0.5,0,23,200,16,16,0.1,test,server,7,24,119,143,True,0.5840336134453782
SIDER,fedavg_proto,0.5,0,23,200,16,16,0.1,test,server,8,91,52,143,True,0.562764158918005
SIDER,fedavg_proto,0.5,0,23,200,16,16,0.1,test,server,9,74,69,143,True,0.637485311398355
SIDER,fedavg_proto,0.5,0,23,200,16,16,0.1,test,server,10,39,104,143,True,0.6484220907297831
SIDER,fedavg_proto,0.5,0,23,200,16,16,0.1,test,server,11,130,13,143,True,0.4863905325443787
SIDER,fedavg_proto,0.5,0,23,200,16,16,0.1,test,server,12,33,110,143,True,0.6374655647382921
SIDER,fedavg_proto,0.5,0,23,200,16,16,0.1,test,server,13,20,123,143,True,0.6402439024390244
SIDER,fedavg_proto,0.5,0,23,200,16,16,0.1,test,server,14,113,30,143,True,0.5433628318584071
SIDER,fedavg_proto,0.5,0,23,200,16,16,0.1,test,server,15,83,60,143,True,0.6375502008032128
SIDER,fedavg_proto,0.5,0,23,200,16,16,0.1,test,server,16,131,12,143,True,0.6698473282442747
SIDER,fedavg_proto,0.5,0,23,200,16,16,0.1,test,server,17,30,113,143,True,0.6292035398230088
SIDER,fedavg_proto,0.5,0,23,200,16,16,0.1,test,server,18,109,34,143,True,0.5315704263356719
SIDER,fedavg_proto,0.5,0,23,200,16,16,0.1,test,server,19,104,39,143,True,0.48076923076923084
SIDER,fedavg_proto,0.5,0,23,200,16,16,0.1,test,server,20,102,41,143,True,0.505738880918221
SIDER,fedavg_proto,0.5,0,23,200,16,16,0.1,test,server,21,98,45,143,True,0.5918367346938774
SIDER,fedavg_proto,0.5,0,23,200,16,16,0.1,test,server,22,14,129,143,True,0.5908084163898117
SIDER,fedavg_proto,0.5,0,23,200,16,16,0.1,test,server,23,60,83,143,True,0.4927710843373494
SIDER,fedavg_proto,0.5,0,23,200,16,16,0.1,test,server,24,98,45,143,True,0.4501133786848072
SIDER,fedavg_proto,0.5,0,23,200,16,16,0.1,test,server,25,132,11,143,True,0.6962809917355373
SIDER,fedavg_proto,0.5,0,23,200,16,16,0.1,test,server,26,101,42,143,True,0.5884016973125884
SIDER,fedavg_proto,0.5,0,23,200,16,16,0.1,test,client_0,0,72,71,143,True,0.6719483568075116
SIDER,fedavg_proto,0.5,0,23,200,16,16,0.1,test,client_0,1,105,38,143,True,0.6140350877192983
SIDER,fedavg_proto,0.5,0,23,200,16,16,0.1,test,client_0,2,5,138,143,True,0.8478260869565217
SIDER,fedavg_proto,0.5,0,23,200,16,16,0.1,test,client_0,3,90,53,143,True,0.510482180293501
SIDER,fedavg_proto,0.5,0,23,200,16,16,0.1,test,client_0,4,118,25,143,True,0.6925423728813559
SIDER,fedavg_proto,0.5,0,23,200,16,16,0.1,test,client_0,5,104,39,143,True,0.5971400394477318
SIDER,fedavg_proto,0.5,0,23,200,16,16,0.1,test,client_0,6,134,9,143,True,0.5779436152570481
SIDER,fedavg_proto,0.5,0,23,200,16,16,0.1,test,client_0,7,24,119,143,True,0.5311624649859945
SIDER,fedavg_proto,0.5,0,23,200,16,16,0.1,test,client_0,8,91,52,143,True,0.5338123415046492
SIDER,fedavg_proto,0.5,0,23,200,16,16,0.1,test,client_0,9,74,69,143,True,0.6112416764590678
SIDER,fedavg_proto,0.5,0,23,200,16,16,0.1,test,client_0,10,39,104,143,True,0.6378205128205128
SIDER,fedavg_proto,0.5,0,23,200,16,16,0.1,test,client_0,11,130,13,143,True,0.6680473372781065
SIDER,fedavg_proto,0.5,0,23,200,16,16,0.1,test,client_0,12,33,110,143,True,0.5862258953168044
SIDER,fedavg_proto,0.5,0,23,200,16,16,0.1,test,client_0,13,20,123,143,True,0.5760162601626017
SIDER,fedavg_proto,0.5,0,23,200,16,16,0.1,test,client_0,14,113,30,143,True,0.5619469026548672
SIDER,fedavg_proto,0.5,0,23,200,16,16,0.1,test,client_0,15,83,60,143,True,0.6471887550200803
SIDER,fedavg_proto,0.5,0,23,200,16,16,0.1,test,client_0,16,131,12,143,True,0.7442748091603054
SIDER,fedavg_proto,0.5,0,23,200,16,16,0.1,test,client_0,17,30,113,143,True,0.5587020648967551
SIDER,fedavg_proto,0.5,0,23,200,16,16,0.1,test,client_0,18,109,34,143,True,0.507015650296816
SIDER,fedavg_proto,0.5,0,23,200,16,16,0.1,test,client_0,19,104,39,143,True,0.5120808678500987
SIDER,fedavg_proto,0.5,0,23,200,16,16,0.1,test,client_0,20,102,41,143,True,0.5239120038259206
SIDER,fedavg_proto,0.5,0,23,200,16,16,0.1,test,client_0,21,98,45,143,True,0.592063492063492
SIDER,fedavg_proto,0.5,0,23,200,16,16,0.1,test,client_0,22,14,129,143,True,0.5592469545957918
SIDER,fedavg_proto,0.5,0,23,200,16,16,0.1,test,client_0,23,60,83,143,True,0.5596385542168675
SIDER,fedavg_proto,0.5,0,23,200,16,16,0.1,test,client_0,24,98,45,143,True,0.4852607709750567
SIDER,fedavg_proto,0.5,0,23,200,16,16,0.1,test,client_0,25,132,11,143,True,0.6584022038567494
SIDER,fedavg_proto,0.5,0,23,200,16,16,0.1,test,client_0,26,101,42,143,True,0.6242338519566242
SIDER,fedavg_proto,0.5,0,23,200,16,16,0.1,test,client_1,0,72,71,143,True,0.6351721439749609
SIDER,fedavg_proto,0.5,0,23,200,16,16,0.1,test,client_1,1,105,38,143,True,0.6293233082706767
SIDER,fedavg_proto,0.5,0,23,200,16,16,0.1,test,client_1,2,5,138,143,True,0.5710144927536231
SIDER,fedavg_proto,0.5,0,23,200,16,16,0.1,test,client_1,3,90,53,143,True,0.540670859538784
SIDER,fedavg_proto,0.5,0,23,200,16,16,0.1,test,client_1,4,118,25,143,True,0.52
SIDER,fedavg_proto,0.5,0,23,200,16,16,0.1,test,client_1,5,104,39,143,True,0.530078895463511
SIDER,fedavg_proto,0.5,0,23,200,16,16,0.1,test,client_1,6,134,9,143,True,0.5207296849087895
SIDER,fedavg_proto,0.5,0,23,200,16,16,0.1,test,client_1,7,24,119,143,True,0.7027310924369747
SIDER,fedavg_proto,0.5,0,23,200,16,16,0.1,test,client_1,8,91,52,143,True,0.5978444632290787
SIDER,fedavg_proto,0.5,0,23,200,16,16,0.1,test,client_1,9,74,69,143,True,0.6981981981981982
SIDER,fedavg_proto,0.5,0,23,200,16,16,0.1,test,client_1,10,39,104,143,True,0.6176035502958579
SIDER,fedavg_proto,0.5,0,23,200,16,16,0.1,test,client_1,11,130,13,143,True,0.46982248520710057
SIDER,fedavg_proto,0.5,0,23,200,16,16,0.1,test,client_1,12,33,110,143,True,0.6953168044077134
SIDER,fedavg_proto,0.5,0,23,200,16,16,0.1,test,client_1,13,20,123,143,True,0.6971544715447154
SIDER,fedavg_proto,0.5,0,23,200,16,16,0.1,test,client_1,14,113,30,143,True,0.540117994100295
SIDER,fedavg_proto,0.5,0,23,200,16,16,0.1,test,client_1,15,83,60,143,True,0.5686746987951807
SIDER,fedavg_proto,0.5,0,23,200,16,16,0.1,test,client_1,16,131,12,143,True,0.5229007633587787
SIDER,fedavg_proto,0.5,0,23,200,16,16,0.1,test,client_1,17,30,113,143,True,0.6424778761061947
SIDER,fedavg_proto,0.5,0,23,200,16,16,0.1,test,client_1,18,109,34,143,True,0.593631948192121
SIDER,fedavg_proto,0.5,0,23,200,16,16,0.1,test,client_1,19,104,39,143,True,0.5194773175542406
SIDER,fedavg_proto,0.5,0,23,200,16,16,0.1,test,client_1,20,102,41,143,True,0.5597800095648015
SIDER,fedavg_proto,0.5,0,23,200,16,16,0.1,test,client_1,21,98,45,143,True,0.527891156462585
SIDER,fedavg_proto,0.5,0,23,200,16,16,0.1,test,client_1,22,14,129,143,True,0.7209302325581395
SIDER,fedavg_proto,0.5,0,23,200,16,16,0.1,test,client_1,23,60,83,143,True,0.5265060240963855
SIDER,fedavg_proto,0.5,0,23,200,16,16,0.1,test,client_1,24,98,45,143,True,0.5063492063492064
SIDER,fedavg_proto,0.5,0,23,200,16,16,0.1,test,client_1,25,132,11,143,True,0.6618457300275482
SIDER,fedavg_proto,0.5,0,23,200,16,16,0.1,test,client_1,26,101,42,143,True,0.6242338519566243
SIDER,fedavg_proto,0.5,0,23,200,16,16,0.1,test,client_2,0,72,71,143,True,0.5629890453834117
SIDER,fedavg_proto,0.5,0,23,200,16,16,0.1,test,client_2,1,105,38,143,True,0.5654135338345865
SIDER,fedavg_proto,0.5,0,23,200,16,16,0.1,test,client_2,2,5,138,143,True,0.6260869565217392
SIDER,fedavg_proto,0.5,0,23,200,16,16,0.1,test,client_2,3,90,53,143,True,0.4660377358490566
SIDER,fedavg_proto,0.5,0,23,200,16,16,0.1,test,client_2,4,118,25,143,True,0.5013559322033898
SIDER,fedavg_proto,0.5,0,23,200,16,16,0.1,test,client_2,5,104,39,143,True,0.5643491124260356
SIDER,fedavg_proto,0.5,0,23,200,16,16,0.1,test,client_2,6,134,9,143,True,0.6227197346600333
SIDER,fedavg_proto,0.5,0,23,200,16,16,0.1,test,client_2,7,24,119,143,True,0.5766806722689075
SIDER,fedavg_proto,0.5,0,23,200,16,16,0.1,test,client_2,8,91,52,143,True,0.5219780219780219
SIDER,fedavg_proto,0.5,0,23,200,16,16,0.1,test,client_2,9,74,69,143,True,0.5497453975714846
SIDER,fedavg_proto,0.5,0,23,200,16,16,0.1,test,client_2,10,39,104,143,True,0.6225345167652859
SIDER,fedavg_proto,0.5,0,23,200,16,16,0.1,test,client_2,11,130,13,143,True,0.3852071005917159
SIDER,fedavg_proto,0.5,0,23,200,16,16,0.1,test,client_2,12,33,110,143,True,0.615702479338843
SIDER,fedavg_proto,0.5,0,23,200,16,16,0.1,test,client_2,13,20,123,143,True,0.5747967479674796
SIDER,fedavg_proto,0.5,0,23,200,16,16,0.1,test,client_2,14,113,30,143,True,0.4622418879056047
SIDER,fedavg_proto,0.5,0,23,200,16,16,0.1,test,client_2,15,83,60,143,True,0.5903614457831325
SIDER,fedavg_proto,0.5,0,23,200,16,16,0.1,test,client_2,16,131,12,143,True,0.564885496183206
SIDER,fedavg_proto,0.5,0,23,200,16,16,0.1,test,client_2,17,30,113,143,True,0.6123893805309735
SIDER,fedavg_proto,0.5,0,23,200,16,16,0.1,test,client_2,18,109,34,143,True,0.5159201295196978
SIDER,fedavg_proto,0.5,0,23,200,16,16,0.1,test,client_2,19,104,39,143,True,0.48791913214990135
SIDER,fedavg_proto,0.5,0,23,200,16,16,0.1,test,client_2,20,102,41,143,True,0.49402199904351984
SIDER,fedavg_proto,0.5,0,23,200,16,16,0.1,test,client_2,21,98,45,143,True,0.6063492063492064
SIDER,fedavg_proto,0.5,0,23,200,16,16,0.1,test,client_2,22,14,129,143,True,0.5813953488372093
SIDER,fedavg_proto,0.5,0,23,200,16,16,0.1,test,client_2,23,60,83,143,True,0.4644578313253012
SIDER,fedavg_proto,0.5,0,23,200,16,16,0.1,test,client_2,24,98,45,143,True,0.4126984126984127
SIDER,fedavg_proto,0.5,0,23,200,16,16,0.1,test,client_2,25,132,11,143,True,0.6652892561983471
SIDER,fedavg_proto,0.5,0,23,200,16,16,0.1,test,client_2,26,101,42,143,True,0.5520980669495521
SIDER,fedavg_proto,0.5,0,23,200,16,16,0.1,test,client_3,0,72,71,143,True,0.6277386541471048
SIDER,fedavg_proto,0.5,0,23,200,16,16,0.1,test,client_3,1,105,38,143,True,0.6461152882205513
SIDER,fedavg_proto,0.5,0,23,200,16,16,0.1,test,client_3,2,5,138,143,True,0.6521739130434783
SIDER,fedavg_proto,0.5,0,23,200,16,16,0.1,test,client_3,3,90,53,143,True,0.5607966457023061
SIDER,fedavg_proto,0.5,0,23,200,16,16,0.1,test,client_3,4,118,25,143,True,0.6223728813559322
SIDER,fedavg_proto,0.5,0,23,200,16,16,0.1,test,client_3,5,104,39,143,True,0.584319526627219
SIDER,fedavg_proto,0.5,0,23,200,16,16,0.1,test,client_3,6,134,9,143,True,0.6733001658374793
SIDER,fedavg_proto,0.5,0,23,200,16,16,0.1,test,client_3,7,24,119,143,True,0.5605742296918768
SIDER,fedavg_proto,0.5,0,23,200,16,16,0.1,test,client_3,8,91,52,143,True,0.5496618765849535
SIDER,fedavg_proto,0.5,0,23,200,16,16,0.1,test,client_3,9,74,69,143,True,0.6529573051312182
SIDER,fedavg_proto,0.5,0,23,200,16,16,0.1,test,client_3,10,39,104,143,True,0.5924556213017752
SIDER,fedavg_proto,0.5,0,23,200,16,16,0.1,test,client_3,11,130,13,143,True,0.6118343195266273
SIDER,fedavg_proto,0.5,0,23,200,16,16,0.1,test,client_3,12,33,110,143,True,0.6228650137741046
SIDER,fedavg_proto,0.5,0,23,200,16,16,0.1,test,client_3,13,20,123,143,True,0.5894308943089431
SIDER,fedavg_proto,0.5,0,23,200,16,16,0.1,test,client_3,14,113,30,143,True,0.6262536873156341
SIDER,fedavg_proto,0.5,0,23,200,16,16,0.1,test,client_3,15,83,60,143,True,0.6765060240963856
SIDER,fedavg_proto,0.5,0,23,200,16,16,0.1,test,client_3,16,131,12,143,True,0.7302798982188295
SIDER,fedavg_proto,0.5,0,23,200,16,16,0.1,test,client_3,17,30,113,143,True,0.5890855457227139
SIDER,fedavg_proto,0.5,0,23,200,16,16,0.1,test,client_3,18,109,34,143,True,0.5545062061521857
SIDER,fedavg_proto,0.5,0,23,200,16,16,0.1,test,client_3,19,104,39,143,True,0.5409270216962524
SIDER,fedavg_proto,0.5,0,23,200,16,16,0.1,test,client_3,20,102,41,143,True,0.538259206121473
SIDER,fedavg_proto,0.5,0,23,200,16,16,0.1,test,client_3,21,98,45,143,True,0.6512471655328799
SIDER,fedavg_proto,0.5,0,23,200,16,16,0.1,test,client_3,22,14,129,143,True,0.5819490586932448
SIDER,fedavg_proto,0.5,0,23,200,16,16,0.1,test,client_3,23,60,83,143,True,0.5240963855421686
SIDER,fedavg_proto,0.5,0,23,200,16,16,0.1,test,client_3,24,98,45,143,True,0.5090702947845805
SIDER,fedavg_proto,0.5,0,23,200,16,16,0.1,test,client_3,25,132,11,143,True,0.637741046831956
SIDER,fedavg_proto,0.5,0,23,200,16,16,0.1,test,client_3,26,101,42,143,True,0.5608203677510608
SIDER,fedavg_proto,0.5,0,24,200,16,16,0.1,val,server,0,76,67,143,True,0.634917517674784
SIDER,fedavg_proto,0.5,0,24,200,16,16,0.1,val,server,1,99,44,143,True,0.6600091827364555
SIDER,fedavg_proto,0.5,0,24,200,16,16,0.1,val,server,2,2,141,143,True,0.6914893617021276
SIDER,fedavg_proto,0.5,0,24,200,16,16,0.1,val,server,3,85,58,143,True,0.6419878296146045
SIDER,fedavg_proto,0.5,0,24,200,16,16,0.1,val,server,4,117,26,143,True,0.6748849441157133
SIDER,fedavg_proto,0.5,0,24,200,16,16,0.1,val,server,5,99,44,143,True,0.6205234159779615
SIDER,fedavg_proto,0.5,0,24,200,16,16,0.1,val,server,6,131,12,143,True,0.7309160305343512
SIDER,fedavg_proto,0.5,0,24,200,16,16,0.1,val,server,7,20,123,143,True,0.6231707317073172
SIDER,fedavg_proto,0.5,0,24,200,16,16,0.1,val,server,8,97,46,143,True,0.6275212909009412
SIDER,fedavg_proto,0.5,0,24,200,16,16,0.1,val,server,9,71,72,143,True,0.6158059467918623
SIDER,fedavg_proto,0.5,0,24,200,16,16,0.1,val,server,10,35,108,143,True,0.608994708994709
SIDER,fedavg_proto,0.5,0,24,200,16,16,0.1,val,server,11,130,13,143,True,0.6562130177514793
SIDER,fedavg_proto,0.5,0,24,200,16,16,0.1,val,server,12,37,106,143,True,0.6621621621621622
SIDER,fedavg_proto,0.5,0,24,200,16,16,0.1,val,server,13,20,123,143,True,0.5926829268292683
SIDER,fedavg_proto,0.5,0,24,200,16,16,0.1,val,server,14,107,36,143,True,0.5454309449636552
SIDER,fedavg_proto,0.5,0,24,200,16,16,0.1,val,server,15,94,49,143,True,0.7027789839339991
SIDER,fedavg_proto,0.5,0,24,200,16,16,0.1,val,server,16,129,14,143,True,0.6423034330011074
SIDER,fedavg_proto,0.5,0,24,200,16,16,0.1,val,server,17,20,123,143,True,0.5337398373983739
SIDER,fedavg_proto,0.5,0,24,200,16,16,0.1,val,server,18,104,39,143,True,0.5645956607495068
SIDER,fedavg_proto,0.5,0,24,200,16,16,0.1,val,server,19,103,40,143,True,0.6060679611650486
SIDER,fedavg_proto,0.5,0,24,200,16,16,0.1,val,server,20,102,41,143,True,0.5578670492587279
SIDER,fedavg_proto,0.5,0,24,200,16,16,0.1,val,server,21,98,45,143,True,0.6222222222222222
SIDER,fedavg_proto,0.5,0,24,200,16,16,0.1,val,server,22,10,133,143,True,0.6962406015037594
SIDER,fedavg_proto,0.5,0,24,200,16,16,0.1,val,server,23,64,79,143,True,0.5690268987341772
SIDER,fedavg_proto,0.5,0,24,200,16,16,0.1,val,server,24,104,39,143,True,0.571992110453649
SIDER,fedavg_proto,0.5,0,24,200,16,16,0.1,val,server,25,134,9,143,True,0.7230514096185737
SIDER,fedavg_proto,0.5,0,24,200,16,16,0.1,val,server,26,95,48,143,True,0.5982456140350877
SIDER,fedavg_proto,0.5,0,24,200,16,16,0.1,val,client_0,0,76,67,143,True,0.6647682639434407
SIDER,fedavg_proto,0.5,0,24,200,16,16,0.1,val,client_0,1,99,44,143,True,0.6756198347107438
SIDER,fedavg_proto,0.5,0,24,200,16,16,0.1,val,client_0,2,2,141,143,True,0.8120567375886525
SIDER,fedavg_proto,0.5,0,24,200,16,16,0.1,val,client_0,3,85,58,143,True,0.5817444219066937
SIDER,fedavg_proto,0.5,0,24,200,16,16,0.1,val,client_0,4,117,26,143,True,0.7163050624589087
SIDER,fedavg_proto,0.5,0,24,200,16,16,0.1,val,client_0,5,99,44,143,True,0.7015610651974288
SIDER,fedavg_proto,0.5,0,24,200,16,16,0.1,val,client_0,6,131,12,143,True,0.7283715012722646
SIDER,fedavg_proto,0.5,0,24,200,16,16,0.1,val,client_0,7,20,123,143,True,0.6540650406504066
SIDER,fedavg_proto,0.5,0,24,200,16,16,0.1,val,client_0,8,97,46,143,True,0.6176602420439266
SIDER,fedavg_proto,0.5,0,24,200,16,16,0.1,val,client_0,9,71,72,143,True,0.568075117370892
SIDER,fedavg_proto,0.5,0,24,200,16,16,0.1,val,client_0,10,35,108,143,True,0.6642857142857143
SIDER,fedavg_proto,0.5,0,24,200,16,16,0.1,val,client_0,11,130,13,143,True,0.6798816568047337
SIDER,fedavg_proto,0.5,0,24,200,16,16,0.1,val,client_0,12,37,106,143,True,0.622386537480877
SIDER,fedavg_proto,0.5,0,24,200,16,16,0.1,val,client_0,13,20,123,143,True,0.693089430894309
SIDER,fedavg_proto,0.5,0,24,200,16,16,0.1,val,client_0,14,107,36,143,True,0.5926791277258567
SIDER,fedavg_proto,0.5,0,24,200,16,16,0.1,val,client_0,15,94,49,143,True,0.6982197134172818
SIDER,fedavg_proto,0.5,0,24,200,16,16,0.1,val,client_0,16,129,14,143,True,0.6688815060908084
SIDER,fedavg_proto,0.5,0,24,200,16,16,0.1,val,client_0,17,20,123,143,True,0.5719512195121952
SIDER,fedavg_proto,0.5,0,24,200,16,16,0.1,val,client_0,18,104,39,143,True,0.5722386587771203
SIDER,fedavg_proto,0.5,0,24,200,16,16,0.1,val,client_0,19,103,40,143,True,0.699514563106796
SIDER,fedavg_proto,0.5,0,24,200,16,16,0.1,val,client_0,20,102,41,143,True,0.666905786704926
SIDER,fedavg_proto,0.5,0,24,200,16,16,0.1,val,client_0,21,98,45,143,True,0.6614512471655329
SIDER,fedavg_proto,0.5,0,24,200,16,16,0.1,val,client_0,22,10,133,143,True,0.6360902255639098
SIDER,fedavg_proto,0.5,0,24,200,16,16,0.1,val,client_0,23,64,79,143,True,0.6070015822784811
SIDER,fedavg_proto,0.5,0,24,200,16,16,0.1,val,client_0,24,104,39,143,True,0.6188362919132149
SIDER,fedavg_proto,0.5,0,24,200,16,16,0.1,val,client_0,25,134,9,143,True,0.8051409618573797
SIDER,fedavg_proto,0.5,0,24,200,16,16,0.1,val,client_0,26,95,48,143,True,0.6335526315789473
SIDER,fedavg_proto,0.5,0,24,200,16,16,0.1,val,client_1,0,76,67,143,True,0.5911233307148467
SIDER,fedavg_proto,0.5,0,24,200,16,16,0.1,val,client_1,1,99,44,143,True,0.6030762167125804
SIDER,fedavg_proto,0.5,0,24,200,16,16,0.1,val,client_1,2,2,141,143,True,0.7092198581560284
SIDER,fedavg_proto,0.5,0,24,200,16,16,0.1,val,client_1,3,85,58,143,True,0.6490872210953346
SIDER,fedavg_proto,0.5,0,24,200,16,16,0.1,val,client_1,4,117,26,143,True,0.5890861275476661
SIDER,fedavg_proto,0.5,0,24,200,16,16,0.1,val,client_1,5,99,44,143,True,0.532139577594123
SIDER,fedavg_proto,0.5,0,24,200,16,16,0.1,val,client_1,6,131,12,143,True,0.697201017811705
SIDER,fedavg_proto,0.5,0,24,200,16,16,0.1,val,client_1,7,20,123,143,True,0.5235772357723578
SIDER,fedavg_proto,0.5,0,24,200,16,16,0.1,val,client_1,8,97,46,143,True,0.5629762438368445
SIDER,fedavg_proto,0.5,0,24,200,16,16,0.1,val,client_1,9,71,72,143,True,0.6105242566510172
SIDER,fedavg_proto,0.5,0,24,200,16,16,0.1,val,client_1,10,35,108,143,True,0.55
SIDER,fedavg_proto,0.5,0,24,200,16,16,0.1,val,client_1,11,130,13,143,True,0.5414201183431953
SIDER,fedavg_proto,0.5,0,24,200,16,16,0.1,val,client_1,12,37,106,143,True,0.5841407445181029
SIDER,fedavg_proto,0.5,0,24,200,16,16,0.1,val,client_1,13,20,123,143,True,0.6016260162601627
SIDER,fedavg_proto,0.5,0,24,200,16,16,0.1,val,client_1,14,107,36,143,True,0.5324506749740395
SIDER,fedavg_proto,0.5,0,24,200,16,16,0.1,val,client_1,15,94,49,143,True,0.668693009118541
SIDER,fedavg_proto,0.5,0,24,200,16,16,0.1,val,client_1,16,129,14,143,True,0.6101882613510521
SIDER,fedavg_proto,0.5,0,24,200,16,16,0.1,val,client_1,17,20,123,143,True,0.4715447154471545
SIDER,fedavg_proto,0.5,0,24,200,16,16,0.1,val,client_1,18,104,39,143,True,0.46104536489151876
SIDER,fedavg_proto,0.5,0,24,200,16,16,0.1,val,client_1,19,103,40,143,True,0.5854368932038836
SIDER,fedavg_proto,0.5,0,24,200,16,16,0.1,val,client_1,20,102,41,143,True,0.5554758488761358
SIDER,fedavg_proto,0.5,0,24,200,16,16,0.1,val,client_1,21,98,45,143,True,0.615873015873016
SIDER,fedavg_proto,0.5,0,24,200,16,16,0.1,val,client_1,22,10,133,143,True,0.5278195488721804
SIDER,fedavg_proto,0.5,0,24,200,16,16,0.1,val,client_1,23,64,79,143,True,0.5508306962025316
SIDER,fedavg_proto,0.5,0,24,200,16,16,0.1,val,client_1,24,104,39,143,True,0.5998520710059172
SIDER,fedavg_proto,0.5,0,24,200,16,16,0.1,val,client_1,25,134,9,143,True,0.7504145936981759
SIDER,fedavg_proto,0.5,0,24,200,16,16,0.1,val,client_1,26,95,48,143,True,0.5638157894736843
SIDER,fedavg_proto,0.5,0,24,200,16,16,0.1,val,client_2,0,76,67,143,True,0.4850746268656716
SIDER,fedavg_proto,0.5,0,24,200,16,16,0.1,val,client_2,1,99,44,143,True,0.5686409550045913
SIDER,fedavg_proto,0.5,0,24,200,16,16,0.1,val,client_2,2,2,141,143,True,0.8617021276595744
SIDER,fedavg_proto,0.5,0,24,200,16,16,0.1,val,client_2,3,85,58,143,True,0.6032454361054765
SIDER,fedavg_proto,0.5,0,24,200,16,16,0.1,val,client_2,4,117,26,143,True,0.5420775805391189
SIDER,fedavg_proto,0.5,0,24,200,16,16,0.1,val,client_2,5,99,44,143,True,0.5629017447199265
SIDER,fedavg_proto,0.5,0,24,200,16,16,0.1,val,client_2,6,131,12,143,True,0.6730279898218829
SIDER,fedavg_proto,0.5,0,24,200,16,16,0.1,val,client_2,7,20,123,143,True,0.5638211382113821
SIDER,fedavg_proto,0.5,0,24,200,16,16,0.1,val,client_2,8,97,46,143,True,0.5786642761093679
SIDER,fedavg_proto,0.5,0,24,200,16,16,0.1,val,client_2,9,71,72,143,True,0.5964397496087637
SIDER,fedavg_proto,0.5,0,24,200,16,16,0.1,val,client_2,10,35,108,143,True,0.532010582010582
SIDER,fedavg_proto,0.5,0,24,200,16,16,0.1,val,client_2,11,130,13,143,True,0.41124260355029585
SIDER,fedavg_proto,0.5,0,24,200,16,16,0.1,val,client_2,12,37,106,143,True,0.6223865374808771
SIDER,fedavg_proto,0.5,0,24,200,16,16,0.1,val,client_2,13,20,123,143,True,0.6101626016260162
SIDER,fedavg_proto,0.5,0,24,200,16,16,0.1,val,client_2,14,107,36,143,True,0.5002596053997923
SIDER,fedavg_proto,0.5,0,24,200,16,16,0.1,val,client_2,15,94,49,143,True,0.6259227095093357
SIDER,fedavg_proto,0.5,0,24,200,16,16,0.1,val,client_2,16,129,14,143,True,0.5476190476190477
SIDER,fedavg_proto,0.5,0,24,200,16,16,0.1,val,client_2,17,20,123,143,True,0.4601626016260163
SIDER,fedavg_proto,0.5,0,24,200,16,16,0.1,val,client_2,18,104,39,143,True,0.49285009861932944
SIDER,fedavg_proto,0.5,0,24,200,16,16,0.1,val,client_2,19,103,40,143,True,0.5274271844660194
SIDER,fedavg_proto,0.5,0,24,200,16,16,0.1,val,client_2,20,102,41,143,True,0.49665231946437105
SIDER,fedavg_proto,0.5,0,24,200,16,16,0.1,val,client_2,21,98,45,143,True,0.5616780045351474
SIDER,fedavg_proto,0.5,0,24,200,16,16,0.1,val,client_2,22,10,133,143,True,0.6022556390977443
SIDER,fedavg_proto,0.5,0,24,200,16,16,0.1,val,client_2,23,64,79,143,True,0.5905854430379747
SIDER,fedavg_proto,0.5,0,24,200,16,16,0.1,val,client_2,24,104,39,143,True,0.5613905325443787
SIDER,fedavg_proto,0.5,0,24,200,16,16,0.1,val,client_2,25,134,9,143,True,0.5762852404643449
SIDER,fedavg_proto,0.5,0,24,200,16,16,0.1,val,client_2,26,95,48,143,True,0.5166666666666666
SIDER,fedavg_proto,0.5,0,24,200,16,16,0.1,val,client_3,0,76,67,143,True,0.644344069128044
SIDER,fedavg_proto,0.5,0,24,200,16,16,0.1,val,client_3,1,99,44,143,True,0.6586317722681359
SIDER,fedavg_proto,0.5,0,24,200,16,16,0.1,val,client_3,2,2,141,143,True,0.8971631205673759
SIDER,fedavg_proto,0.5,0,24,200,16,16,0.1,val,client_3,3,85,58,143,True,0.5661257606490873
SIDER,fedavg_proto,0.5,0,24,200,16,16,0.1,val,client_3,4,117,26,143,True,0.688034188034188
SIDER,fedavg_proto,0.5,0,24,200,16,16,0.1,val,client_3,5,99,44,143,True,0.6377410468319559
SIDER,fedavg_proto,0.5,0,24,200,16,16,0.1,val,client_3,6,131,12,143,True,0.7302798982188295
SIDER,fedavg_proto,0.5,0,24,200,16,16,0.1,val,client_3,7,20,123,143,True,0.5739837398373984
SIDER,fedavg_proto,0.5,0,24,200,16,16,0.1,val,client_3,8,97,46,143,True,0.6257283729269385
SIDER,fedavg_proto,0.5,0,24,200,16,16,0.1,val,client_3,9,71,72,143,True,0.6017214397496088
SIDER,fedavg_proto,0.5,0,24,200,16,16,0.1,val,client_3,10,35,108,143,True,0.6230158730158729
SIDER,fedavg_proto,0.5,0,24,200,16,16,0.1,val,client_3,11,130,13,143,True,0.597041420118343
SIDER,fedavg_proto,0.5,0,24,200,16,16,0.1,val,client_3,12,37,106,143,True,0.6965833758286588
SIDER,fedavg_proto,0.5,0,24,200,16,16,0.1,val,client_3,13,20,123,143,True,0.6024390243902439
SIDER,fedavg_proto,0.5,0,24,200,16,16,0.1,val,client_3,14,107,36,143,True,0.5695742471443406
SIDER,fedavg_proto,0.5,0,24,200,16,16,0.1,val,client_3,15,94,49,143,True,0.6743378202344767
SIDER,fedavg_proto,0.5,0,24,200,16,16,0.1,val,client_3,16,129,14,143,True,0.6566998892580288
SIDER,fedavg_proto,0.5,0,24,200,16,16,0.1,val,client_3,17,20,123,143,True,0.5764227642276423
SIDER,fedavg_proto,0.5,0,24,200,16,16,0.1,val,client_3,18,104,39,143,True,0.6479289940828402
SIDER,fedavg_proto,0.5,0,24,200,16,16,0.1,val,client_3,19,103,40,143,True,0.6082524271844659
SIDER,fedavg_proto,0.5,0,24,200,16,16,0.1,val,client_3,20,102,41,143,True,0.5090865614538498
SIDER,fedavg_proto,0.5,0,24,200,16,16,0.1,val,client_3,21,98,45,143,True,0.6151927437641722
SIDER,fedavg_proto,0.5,0,24,200,16,16,0.1,val,client_3,22,10,133,143,True,0.6676691729323309
SIDER,fedavg_proto,0.5,0,24,200,16,16,0.1,val,client_3,23,64,79,143,True,0.5490506329113924
SIDER,fedavg_proto,0.5,0,24,200,16,16,0.1,val,client_3,24,104,39,143,True,0.5520216962524656
SIDER,fedavg_proto,0.5,0,24,200,16,16,0.1,val,client_3,25,134,9,143,True,0.6451077943615257
SIDER,fedavg_proto,0.5,0,24,200,16,16,0.1,val,client_3,26,95,48,143,True,0.5802631578947368
SIDER,fedavg_proto,0.5,0,24,200,16,16,0.1,test,server,0,72,71,143,True,0.655320813771518
SIDER,fedavg_proto,0.5,0,24,200,16,16,0.1,test,server,1,105,38,143,True,0.6541353383458646
SIDER,fedavg_proto,0.5,0,24,200,16,16,0.1,test,server,2,5,138,143,True,0.5536231884057972
SIDER,fedavg_proto,0.5,0,24,200,16,16,0.1,test,server,3,90,53,143,True,0.5161425576519916
SIDER,fedavg_proto,0.5,0,24,200,16,16,0.1,test,server,4,118,25,143,True,0.5820338983050848
SIDER,fedavg_proto,0.5,0,24,200,16,16,0.1,test,server,5,104,39,143,True,0.5744575936883629
SIDER,fedavg_proto,0.5,0,24,200,16,16,0.1,test,server,6,134,9,143,True,0.6235489220563848
SIDER,fedavg_proto,0.5,0,24,200,16,16,0.1,test,server,7,24,119,143,True,0.5707282913165266
SIDER,fedavg_proto,0.5,0,24,200,16,16,0.1,test,server,8,91,52,143,True,0.5600169061707524
SIDER,fedavg_proto,0.5,0,24,200,16,16,0.1,test,server,9,74,69,143,True,0.6316098707403055
SIDER,fedavg_proto,0.5,0,24,200,16,16,0.1,test,server,10,39,104,143,True,0.6405325443786982
SIDER,fedavg_proto,0.5,0,24,200,16,16,0.1,test,server,11,130,13,143,True,0.4840236686390532
SIDER,fedavg_proto,0.5,0,24,200,16,16,0.1,test,server,12,33,110,143,True,0.6236914600550965
SIDER,fedavg_proto,0.5,0,24,200,16,16,0.1,test,server,13,20,123,143,True,0.6142276422764228
SIDER,fedavg_proto,0.5,0,24,200,16,16,0.1,test,server,14,113,30,143,True,0.5339233038348082
SIDER,fedavg_proto,0.5,0,24,200,16,16,0.1,test,server,15,83,60,143,True,0.6373493975903615
SIDER,fedavg_proto,0.5,0,24,200,16,16,0.1,test,server,16,131,12,143,True,0.6692111959287532
SIDER,fedavg_proto,0.5,0,24,200,16,16,0.1,test,server,17,30,113,143,True,0.6289085545722713
SIDER,fedavg_proto,0.5,0,24,200,16,16,0.1,test,server,18,109,34,143,True,0.514840798704803
SIDER,fedavg_proto,0.5,0,24,200,16,16,0.1,test,server,19,104,39,143,True,0.4807692307692308
SIDER,fedavg_proto,0.5,0,24,200,16,16,0.1,test,server,20,102,41,143,True,0.49569583931133426
SIDER,fedavg_proto,0.5,0,24,200,16,16,0.1,test,server,21,98,45,143,True,0.5938775510204082
SIDER,fedavg_proto,0.5,0,24,200,16,16,0.1,test,server,22,14,129,143,True,0.5841638981173864
SIDER,fedavg_proto,0.5,0,24,200,16,16,0.1,test,server,23,60,83,143,True,0.48152610441767074
SIDER,fedavg_proto,0.5,0,24,200,16,16,0.1,test,server,24,98,45,143,True,0.45079365079365075
SIDER,fedavg_proto,0.5,0,24,200,16,16,0.1,test,server,25,132,11,143,True,0.7017906336088153
SIDER,fedavg_proto,0.5,0,24,200,16,16,0.1,test,server,26,101,42,143,True,0.5858085808580857
SIDER,fedavg_proto,0.5,0,24,200,16,16,0.1,test,client_0,0,72,71,143,True,0.683489827856025
SIDER,fedavg_proto,0.5,0,24,200,16,16,0.1,test,client_0,1,105,38,143,True,0.6205513784461153
SIDER,fedavg_proto,0.5,0,24,200,16,16,0.1,test,client_0,2,5,138,143,True,0.8666666666666667
SIDER,fedavg_proto,0.5,0,24,200,16,16,0.1,test,client_0,3,90,53,143,True,0.5129979035639413
SIDER,fedavg_proto,0.5,0,24,200,16,16,0.1,test,client_0,4,118,25,143,True,0.683728813559322
SIDER,fedavg_proto,0.5,0,24,200,16,16,0.1,test,client_0,5,104,39,143,True,0.5988658777120316
SIDER,fedavg_proto,0.5,0,24,200,16,16,0.1,test,client_0,6,134,9,143,True,0.5787728026533996
SIDER,fedavg_proto,0.5,0,24,200,16,16,0.1,test,client_0,7,24,119,143,True,0.5483193277310925
SIDER,fedavg_proto,0.5,0,24,200,16,16,0.1,test,client_0,8,91,52,143,True,0.540363482671175
SIDER,fedavg_proto,0.5,0,24,200,16,16,0.1,test,client_0,9,74,69,143,True,0.627692910301606
SIDER,fedavg_proto,0.5,0,24,200,16,16,0.1,test,client_0,10,39,104,143,True,0.6432445759368837
SIDER,fedavg_proto,0.5,0,24,200,16,16,0.1,test,client_0,11,130,13,143,True,0.662130177514793
SIDER,fedavg_proto,0.5,0,24,200,16,16,0.1,test,client_0,12,33,110,143,True,0.6008264462809918
SIDER,fedavg_proto,0.5,0,24,200,16,16,0.1,test,client_0,13,20,123,143,True,0.5861788617886178
SIDER,fedavg_proto,0.5,0,24,200,16,16,0.1,test,client_0,14,113,30,143,True,0.5442477876106194
SIDER,fedavg_proto,0.5,0,24,200,16,16,0.1,test,client_0,15,83,60,143,True,0.6552208835341365
SIDER,fedavg_proto,0.5,0,24,200,16,16,0.1,test,client_0,16,131,12,143,True,0.7251908396946565
SIDER,fedavg_proto,0.5,0,24,200,16,16,0.1,test,client_0,17,30,113,143,True,0.5799410029498525
SIDER,fedavg_proto,0.5,0,24,200,16,16,0.1,test,client_0,18,109,34,143,True,0.5029681597409607
SIDER,fedavg_proto,0.5,0,24,200,16,16,0.1,test,client_0,19,104,39,143,True,0.4871794871794872
SIDER,fedavg_proto,0.5,0,24,200,16,16,0.1,test,client_0,20,102,41,143,True,0.5279770444763271
SIDER,fedavg_proto,0.5,0,24,200,16,16,0.1,test,client_0,21,98,45,143,True,0.5913832199546486
SIDER,fedavg_proto,0.5,0,24,200,16,16,0.1,test,client_0,22,14,129,143,True,0.5703211517165006
SIDER,fedavg_proto,0.5,0,24,200,16,16,0.1,test,client_0,23,60,83,143,True,0.5666666666666667
SIDER,fedavg_proto,0.5,0,24,200,16,16,0.1,test,client_0,24,98,45,143,True,0.49297052154195015
SIDER,fedavg_proto,0.5,0,24,200,16,16,0.1,test,client_0,25,132,11,143,True,0.6694214876033058
SIDER,fedavg_proto,0.5,0,24,200,16,16,0.1,test,client_0,26,101,42,143,True,0.6129184347006129
SIDER,fedavg_proto,0.5,0,24,200,16,16,0.1,test,client_1,0,72,71,143,True,0.6400625978090767
SIDER,fedavg_proto,0.5,0,24,200,16,16,0.1,test,client_1,1,105,38,143,True,0.6305764411027569
SIDER,fedavg_proto,0.5,0,24,200,16,16,0.1,test,client_1,2,5,138,143,True,0.5550724637681159
SIDER,fedavg_proto,0.5,0,24,200,16,16,0.1,test,client_1,3,90,53,143,True,0.5473794549266247
SIDER,fedavg_proto,0.5,0,24,200,16,16,0.1,test,client_1,4,118,25,143,True,0.5081355932203391
SIDER,fedavg_proto,0.5,0,24,200,16,16,0.1,test,client_1,5,104,39,143,True,0.5424063116370809
SIDER,fedavg_proto,0.5,0,24,200,16,16,0.1,test,client_1,6,134,9,143,True,0.5447761194029851
SIDER,fedavg_proto,0.5,0,24,200,16,16,0.1,test,client_1,7,24,119,143,True,0.7065826330532212
SIDER,fedavg_proto,0.5,0,24,200,16,16,0.1,test,client_1,8,91,52,143,True,0.6010143702451394
SIDER,fedavg_proto,0.5,0,24,200,16,16,0.1,test,client_1,9,74,69,143,True,0.6919310614962789
SIDER,fedavg_proto,0.5,0,24,200,16,16,0.1,test,client_1,10,39,104,143,True,0.626232741617357
SIDER,fedavg_proto,0.5,0,24,200,16,16,0.1,test,client_1,11,130,13,143,True,0.4804733727810651
SIDER,fedavg_proto,0.5,0,24,200,16,16,0.1,test,client_1,12,33,110,143,True,0.6881542699724519
SIDER,fedavg_proto,0.5,0,24,200,16,16,0.1,test,client_1,13,20,123,143,True,0.6987804878048781
SIDER,fedavg_proto,0.5,0,24,200,16,16,0.1,test,client_1,14,113,30,143,True,0.5348082595870207
SIDER,fedavg_proto,0.5,0,24,200,16,16,0.1,test,client_1,15,83,60,143,True,0.5704819277108434
SIDER,fedavg_proto,0.5,0,24,200,16,16,0.1,test,client_1,16,131,12,143,True,0.505089058524173
SIDER,fedavg_proto,0.5,0,24,200,16,16,0.1,test,client_1,17,30,113,143,True,0.640117994100295
SIDER,fedavg_proto,0.5,0,24,200,16,16,0.1,test,client_1,18,109,34,143,True,0.5790609821910416
SIDER,fedavg_proto,0.5,0,24,200,16,16,0.1,test,client_1,19,104,39,143,True,0.5303254437869822
SIDER,fedavg_proto,0.5,0,24,200,16,16,0.1,test,client_1,20,102,41,143,True,0.5645624103299856
SIDER,fedavg_proto,0.5,0,24,200,16,16,0.1,test,client_1,21,98,45,143,True,0.5469387755102041
SIDER,fedavg_proto,0.5,0,24,200,16,16,0.1,test,client_1,22,14,129,143,True,0.7408637873754154
SIDER,fedavg_proto,0.5,0,24,200,16,16,0.1,test,client_1,23,60,83,143,True,0.5257028112449799
SIDER,fedavg_proto,0.5,0,24,200,16,16,0.1,test,client_1,24,98,45,143,True,0.5151927437641723
SIDER,fedavg_proto,0.5,0,24,200,16,16,0.1,test,client_1,25,132,11,143,True,0.6701101928374655
SIDER,fedavg_proto,0.5,0,24,200,16,16,0.1,test,client_1,26,101,42,143,True,0.6155115511551155
SIDER,fedavg_proto,0.5,0,24,200,16,16,0.1,test,client_2,0,72,71,143,True,0.5553599374021909
SIDER,fedavg_proto,0.5,0,24,200,16,16,0.1,test,client_2,1,105,38,143,True,0.5581453634085214
SIDER,fedavg_proto,0.5,0,24,200,16,16,0.1,test,client_2,2,5,138,143,True,0.6086956521739131
SIDER,fedavg_proto,0.5,0,24,200,16,16,0.1,test,client_2,3,90,53,143,True,0.46352201257861636
SIDER,fedavg_proto,0.5,0,24,200,16,16,0.1,test,client_2,4,118,25,143,True,0.4894915254237288
SIDER,fedavg_proto,0.5,0,24,200,16,16,0.1,test,client_2,5,104,39,143,True,0.5507889546351086
SIDER,fedavg_proto,0.5,0,24,200,16,16,0.1,test,client_2,6,134,9,143,True,0.5870646766169154
SIDER,fedavg_proto,0.5,0,24,200,16,16,0.1,test,client_2,7,24,119,143,True,0.5689775910364145
SIDER,fedavg_proto,0.5,0,24,200,16,16,0.1,test,client_2,8,91,52,143,True,0.5270498732037194
SIDER,fedavg_proto,0.5,0,24,200,16,16,0.1,test,client_2,9,74,69,143,True,0.5338817077947513
SIDER,fedavg_proto,0.5,0,24,200,16,16,0.1,test,client_2,10,39,104,143,True,0.6222879684418147
SIDER,fedavg_proto,0.5,0,24,200,16,16,0.1,test,client_2,11,130,13,143,True,0.38402366863905324
SIDER,fedavg_proto,0.5,0,24,200,16,16,0.1,test,client_2,12,33,110,143,True,0.5911845730027547
SIDER,fedavg_proto,0.5,0,24,200,16,16,0.1,test,client_2,13,20,123,143,True,0.5711382113821137
SIDER,fedavg_proto,0.5,0,24,200,16,16,0.1,test,client_2,14,113,30,143,True,0.4628318584070797
SIDER,fedavg_proto,0.5,0,24,200,16,16,0.1,test,client_2,15,83,60,143,True,0.5847389558232932
SIDER,fedavg_proto,0.5,0,24,200,16,16,0.1,test,client_2,16,131,12,143,True,0.5623409669211197
SIDER,fedavg_proto,0.5,0,24,200,16,16,0.1,test,client_2,17,30,113,143,True,0.6106194690265487
SIDER,fedavg_proto,0.5,0,24,200,16,16,0.1,test,client_2,18,109,34,143,True,0.5118726389638425
SIDER,fedavg_proto,0.5,0,24,200,16,16,0.1,test,client_2,19,104,39,143,True,0.4881656804733728
SIDER,fedavg_proto,0.5,0,24,200,16,16,0.1,test,client_2,20,102,41,143,True,0.4808703969392635
SIDER,fedavg_proto,0.5,0,24,200,16,16,0.1,test,client_2,21,98,45,143,True,0.5979591836734695
SIDER,fedavg_proto,0.5,0,24,200,16,16,0.1,test,client_2,22,14,129,143,True,0.5908084163898117
SIDER,fedavg_proto,0.5,0,24,200,16,16,0.1,test,client_2,23,60,83,143,True,0.464859437751004
SIDER,fedavg_proto,0.5,0,24,200,16,16,0.1,test,client_2,24,98,45,143,True,0.40816326530612246
SIDER,fedavg_proto,0.5,0,24,200,16,16,0.1,test,client_2,25,132,11,143,True,0.6439393939393939
SIDER,fedavg_proto,0.5,0,24,200,16,16,0.1,test,client_2,26,101,42,143,True,0.5535124941065536
SIDER,fedavg_proto,0.5,0,24,200,16,16,0.1,test,client_3,0,72,71,143,True,0.6306729264475743
SIDER,fedavg_proto,0.5,0,24,200,16,16,0.1,test,client_3,1,105,38,143,True,0.637844611528822
SIDER,fedavg_proto,0.5,0,24,200,16,16,0.1,test,client_3,2,5,138,143,True,0.663768115942029
SIDER,fedavg_proto,0.5,0,24,200,16,16,0.1,test,client_3,3,90,53,143,True,0.5477987421383648
SIDER,fedavg_proto,0.5,0,24,200,16,16,0.1,test,client_3,4,118,25,143,True,0.6508474576271186
SIDER,fedavg_proto,0.5,0,24,200,16,16,0.1,test,client_3,5,104,39,143,True,0.5919625246548323
SIDER,fedavg_proto,0.5,0,24,200,16,16,0.1,test,client_3,6,134,9,143,True,0.6981757877280265
SIDER,fedavg_proto,0.5,0,24,200,16,16,0.1,test,client_3,7,24,119,143,True,0.5672268907563025
SIDER,fedavg_proto,0.5,0,24,200,16,16,0.1,test,client_3,8,91,52,143,True,0.5496618765849535
SIDER,fedavg_proto,0.5,0,24,200,16,16,0.1,test,client_3,9,74,69,143,True,0.6664708186447317
SIDER,fedavg_proto,0.5,0,24,200,16,16,0.1,test,client_3,10,39,104,143,True,0.5988658777120316
SIDER,fedavg_proto,0.5,0,24,200,16,16,0.1,test,client_3,11,130,13,143,True,0.6207100591715977
SIDER,fedavg_proto,0.5,0,24,200,16,16,0.1,test,client_3,12,33,110,143,True,0.6283746556473829
SIDER,fedavg_proto,0.5,0,24,200,16,16,0.1,test,client_3,13,20,123,143,True,0.5682926829268292
SIDER,fedavg_proto,0.5,0,24,200,16,16,0.1,test,client_3,14,113,30,143,True,0.6471976401179941
SIDER,fedavg_proto,0.5,0,24,200,16,16,0.1,test,client_3,15,83,60,143,True,0.6702811244979919
SIDER,fedavg_proto,0.5,0,24,200,16,16,0.1,test,client_3,16,131,12,143,True,0.732824427480916
SIDER,fedavg_proto,0.5,0,24,200,16,16,0.1,test,client_3,17,30,113,143,True,0.5985250737463127
SIDER,fedavg_proto,0.5,0,24,200,16,16,0.1,test,client_3,18,109,34,143,True,0.5615218564490017
SIDER,fedavg_proto,0.5,0,24,200,16,16,0.1,test,client_3,19,104,39,143,True,0.5300788954635108
SIDER,fedavg_proto,0.5,0,24,200,16,16,0.1,test,client_3,20,102,41,143,True,0.5506934481109517
SIDER,fedavg_proto,0.5,0,24,200,16,16,0.1,test,client_3,21,98,45,143,True,0.6541950113378685
SIDER,fedavg_proto,0.5,0,24,200,16,16,0.1,test,client_3,22,14,129,143,True,0.5753045404208195
SIDER,fedavg_proto,0.5,0,24,200,16,16,0.1,test,client_3,23,60,83,143,True,0.5070281124497992
SIDER,fedavg_proto,0.5,0,24,200,16,16,0.1,test,client_3,24,98,45,143,True,0.5079365079365079
SIDER,fedavg_proto,0.5,0,24,200,16,16,0.1,test,client_3,25,132,11,143,True,0.6673553719008265
SIDER,fedavg_proto,0.5,0,24,200,16,16,0.1,test,client_3,26,101,42,143,True,0.5683639792550684
SIDER,fedavg_proto,0.5,0,25,200,16,16,0.1,val,server,0,76,67,143,True,0.625490966221524
SIDER,fedavg_proto,0.5,0,25,200,16,16,0.1,val,server,1,99,44,143,True,0.662534435261708
SIDER,fedavg_proto,0.5,0,25,200,16,16,0.1,val,server,2,2,141,143,True,0.7198581560283688
SIDER,fedavg_proto,0.5,0,25,200,16,16,0.1,val,server,3,85,58,143,True,0.6413793103448275
SIDER,fedavg_proto,0.5,0,25,200,16,16,0.1,val,server,4,117,26,143,True,0.6656804733727811
SIDER,fedavg_proto,0.5,0,25,200,16,16,0.1,val,server,5,99,44,143,True,0.6294765840220385
SIDER,fedavg_proto,0.5,0,25,200,16,16,0.1,val,server,6,131,12,143,True,0.7379134860050891
SIDER,fedavg_proto,0.5,0,25,200,16,16,0.1,val,server,7,20,123,143,True,0.633739837398374
SIDER,fedavg_proto,0.5,0,25,200,16,16,0.1,val,server,8,97,46,143,True,0.6210219632451816
SIDER,fedavg_proto,0.5,0,25,200,16,16,0.1,val,server,9,71,72,143,True,0.616001564945227
SIDER,fedavg_proto,0.5,0,25,200,16,16,0.1,val,server,10,35,108,143,True,0.614021164021164
SIDER,fedavg_proto,0.5,0,25,200,16,16,0.1,val,server,11,130,13,143,True,0.657396449704142
SIDER,fedavg_proto,0.5,0,25,200,16,16,0.1,val,server,12,37,106,143,True,0.6619071902090771
SIDER,fedavg_proto,0.5,0,25,200,16,16,0.1,val,server,13,20,123,143,True,0.6028455284552846
SIDER,fedavg_proto,0.5,0,25,200,16,16,0.1,val,server,14,107,36,143,True,0.5459501557632399
SIDER,fedavg_proto,0.5,0,25,200,16,16,0.1,val,server,15,94,49,143,True,0.6901867129830656
SIDER,fedavg_proto,0.5,0,25,200,16,16,0.1,val,server,16,129,14,143,True,0.6351052048726467
SIDER,fedavg_proto,0.5,0,25,200,16,16,0.1,val,server,17,20,123,143,True,0.5207317073170732
SIDER,fedavg_proto,0.5,0,25,200,16,16,0.1,val,server,18,104,39,143,True,0.5665680473372781
SIDER,fedavg_proto,0.5,0,25,200,16,16,0.1,val,server,19,103,40,143,True,0.6143203883495145
SIDER,fedavg_proto,0.5,0,25,200,16,16,0.1,val,server,20,102,41,143,True,0.5571496891439502
SIDER,fedavg_proto,0.5,0,25,200,16,16,0.1,val,server,21,98,45,143,True,0.627891156462585
SIDER,fedavg_proto,0.5,0,25,200,16,16,0.1,val,server,22,10,133,143,True,0.6924812030075188
SIDER,fedavg_proto,0.5,0,25,200,16,16,0.1,val,server,23,64,79,143,True,0.5810917721518988
SIDER,fedavg_proto,0.5,0,25,200,16,16,0.1,val,server,24,104,39,143,True,0.5848126232741617
SIDER,fedavg_proto,0.5,0,25,200,16,16,0.1,val,server,25,134,9,143,True,0.7172470978441128
SIDER,fedavg_proto,0.5,0,25,200,16,16,0.1,val,server,26,95,48,143,True,0.5951754385964912
SIDER,fedavg_proto,0.5,0,25,200,16,16,0.1,val,client_0,0,76,67,143,True,0.6553417124901807
SIDER,fedavg_proto,0.5,0,25,200,16,16,0.1,val,client_0,1,99,44,143,True,0.6611570247933884
SIDER,fedavg_proto,0.5,0,25,200,16,16,0.1,val,client_0,2,2,141,143,True,0.74822695035461
SIDER,fedavg_proto,0.5,0,25,200,16,16,0.1,val,client_0,3,85,58,143,True,0.5981744421906693
SIDER,fedavg_proto,0.5,0,25,200,16,16,0.1,val,client_0,4,117,26,143,True,0.6860618014464169
SIDER,fedavg_proto,0.5,0,25,200,16,16,0.1,val,client_0,5,99,44,143,True,0.6825068870523416
SIDER,fedavg_proto,0.5,0,25,200,16,16,0.1,val,client_0,6,131,12,143,True,0.7080152671755726
SIDER,fedavg_proto,0.5,0,25,200,16,16,0.1,val,client_0,7,20,123,143,True,0.6434959349593495
SIDER,fedavg_proto,0.5,0,25,200,16,16,0.1,val,client_0,8,97,46,143,True,0.5999551770506499
SIDER,fedavg_proto,0.5,0,25,200,16,16,0.1,val,client_0,9,71,72,143,True,0.5627934272300469
SIDER,fedavg_proto,0.5,0,25,200,16,16,0.1,val,client_0,10,35,108,143,True,0.6457671957671958
SIDER,fedavg_proto,0.5,0,25,200,16,16,0.1,val,client_0,11,130,13,143,True,0.6958579881656805
SIDER,fedavg_proto,0.5,0,25,200,16,16,0.1,val,client_0,12,37,106,143,True,0.6172870984191738
SIDER,fedavg_proto,0.5,0,25,200,16,16,0.1,val,client_0,13,20,123,143,True,0.6910569105691057
SIDER,fedavg_proto,0.5,0,25,200,16,16,0.1,val,client_0,14,107,36,143,True,0.5659397715472482
SIDER,fedavg_proto,0.5,0,25,200,16,16,0.1,val,client_0,15,94,49,143,True,0.6860616587060356
SIDER,fedavg_proto,0.5,0,25,200,16,16,0.1,val,client_0,16,129,14,143,True,0.6744186046511628
SIDER,fedavg_proto,0.5,0,25,200,16,16,0.1,val,client_0,17,20,123,143,True,0.5743902439024391
SIDER,fedavg_proto,0.5,0,25,200,16,16,0.1,val,client_0,18,104,39,143,True,0.5512820512820513
SIDER,fedavg_proto,0.5,0,25,200,16,16,0.1,val,client_0,19,103,40,143,True,0.6800970873786407
SIDER,fedavg_proto,0.5,0,25,200,16,16,0.1,val,client_0,20,102,41,143,True,0.6441893830703013
SIDER,fedavg_proto,0.5,0,25,200,16,16,0.1,val,client_0,21,98,45,143,True,0.663265306122449
SIDER,fedavg_proto,0.5,0,25,200,16,16,0.1,val,client_0,22,10,133,143,True,0.6593984962406015
SIDER,fedavg_proto,0.5,0,25,200,16,16,0.1,val,client_0,23,64,79,143,True,0.6097705696202531
SIDER,fedavg_proto,0.5,0,25,200,16,16,0.1,val,client_0,24,104,39,143,True,0.6025641025641024
SIDER,fedavg_proto,0.5,0,25,200,16,16,0.1,val,client_0,25,134,9,143,True,0.7653399668325042
SIDER,fedavg_proto,0.5,0,25,200,16,16,0.1,val,client_0,26,95,48,143,True,0.6254385964912281
SIDER,fedavg_proto,0.5,0,25,200,16,16,0.1,val,client_1,0,76,67,143,True,0.6034956794972506
SIDER,fedavg_proto,0.5,0,25,200,16,16,0.1,val,client_1,1,99,44,143,True,0.6241965105601469
SIDER,fedavg_proto,0.5,0,25,200,16,16,0.1,val,client_1,2,2,141,143,True,0.7304964539007093
SIDER,fedavg_proto,0.5,0,25,200,16,16,0.1,val,client_1,3,85,58,143,True,0.659026369168357
SIDER,fedavg_proto,0.5,0,25,200,16,16,0.1,val,client_1,4,117,26,143,True,0.6288625904010519
SIDER,fedavg_proto,0.5,0,25,200,16,16,0.1,val,client_1,5,99,44,143,True,0.5498163452708907
SIDER,fedavg_proto,0.5,0,25,200,16,16,0.1,val,client_1,6,131,12,143,True,0.719465648854962
SIDER,fedavg_proto,0.5,0,25,200,16,16,0.1,val,client_1,7,20,123,143,True,0.5341463414634147
SIDER,fedavg_proto,0.5,0,25,200,16,16,0.1,val,client_1,8,97,46,143,True,0.5824742268041238
SIDER,fedavg_proto,0.5,0,25,200,16,16,0.1,val,client_1,9,71,72,143,True,0.6273474178403755
SIDER,fedavg_proto,0.5,0,25,200,16,16,0.1,val,client_1,10,35,108,143,True,0.5513227513227513
SIDER,fedavg_proto,0.5,0,25,200,16,16,0.1,val,client_1,11,130,13,143,True,0.5644970414201184
SIDER,fedavg_proto,0.5,0,25,200,16,16,0.1,val,client_1,12,37,106,143,True,0.5798062213156553
SIDER,fedavg_proto,0.5,0,25,200,16,16,0.1,val,client_1,13,20,123,143,True,0.6154471544715447
SIDER,fedavg_proto,0.5,0,25,200,16,16,0.1,val,client_1,14,107,36,143,True,0.5695742471443406
SIDER,fedavg_proto,0.5,0,25,200,16,16,0.1,val,client_1,15,94,49,143,True,0.6780286582718195
SIDER,fedavg_proto,0.5,0,25,200,16,16,0.1,val,client_1,16,129,14,143,True,0.6284606866002216
SIDER,fedavg_proto,0.5,0,25,200,16,16,0.1,val,client_1,17,20,123,143,True,0.5158536585365854
SIDER,fedavg_proto,0.5,0,25,200,16,16,0.1,val,client_1,18,104,39,143,True,0.48717948717948717
SIDER,fedavg_proto,0.5,0,25,200,16,16,0.1,val,client_1,19,103,40,143,True,0.5992718446601941
SIDER,fedavg_proto,0.5,0,25,200,16,16,0.1,val,client_1,20,102,41,143,True,0.5798660927785748
SIDER,fedavg_proto,0.5,0,25,200,16,16,0.1,val,client_1,21,98,45,143,True,0.6253968253968254
SIDER,fedavg_proto,0.5,0,25,200,16,16,0.1,val,client_1,22,10,133,143,True,0.5729323308270677
SIDER,fedavg_proto,0.5,0,25,200,16,16,0.1,val,client_1,23,64,79,143,True,0.5547863924050633
SIDER,fedavg_proto,0.5,0,25,200,16,16,0.1,val,client_1,24,104,39,143,True,0.6013313609467457
SIDER,fedavg_proto,0.5,0,25,200,16,16,0.1,val,client_1,25,134,9,143,True,0.7703150912106136
SIDER,fedavg_proto,0.5,0,25,200,16,16,0.1,val,client_1,26,95,48,143,True,0.5721491228070176
SIDER,fedavg_proto,0.5,0,25,200,16,16,0.1,val,client_2,0,76,67,143,True,0.4605263157894737
SIDER,fedavg_proto,0.5,0,25,200,16,16,0.1,val,client_2,1,99,44,143,True,0.564279155188246
SIDER,fedavg_proto,0.5,0,25,200,16,16,0.1,val,client_2,2,2,141,143,True,0.9184397163120567
SIDER,fedavg_proto,0.5,0,25,200,16,16,0.1,val,client_2,3,85,58,143,True,0.6139959432048682
SIDER,fedavg_proto,0.5,0,25,200,16,16,0.1,val,client_2,4,117,26,143,True,0.5154503616042078
SIDER,fedavg_proto,0.5,0,25,200,16,16,0.1,val,client_2,5,99,44,143,True,0.575068870523416
SIDER,fedavg_proto,0.5,0,25,200,16,16,0.1,val,client_2,6,131,12,143,True,0.6666666666666666
SIDER,fedavg_proto,0.5,0,25,200,16,16,0.1,val,client_2,7,20,123,143,True,0.5682926829268293
SIDER,fedavg_proto,0.5,0,25,200,16,16,0.1,val,client_2,8,97,46,143,True,0.5679067682653518
SIDER,fedavg_proto,0.5,0,25,200,16,16,0.1,val,client_2,9,71,72,143,True,0.6146322378716744
SIDER,fedavg_proto,0.5,0,25,200,16,16,0.1,val,client_2,10,35,108,143,True,0.53015873015873
SIDER,fedavg_proto,0.5,0,25,200,16,16,0.1,val,client_2,11,130,13,143,True,0.3863905325443787
SIDER,fedavg_proto,0.5,0,25,200,16,16,0.1,val,client_2,12,37,106,143,True,0.6116777154513003
SIDER,fedavg_proto,0.5,0,25,200,16,16,0.1,val,client_2,13,20,123,143,True,0.6004065040650406
SIDER,fedavg_proto,0.5,0,25,200,16,16,0.1,val,client_2,14,107,36,143,True,0.4781931464174454
SIDER,fedavg_proto,0.5,0,25,200,16,16,0.1,val,client_2,15,94,49,143,True,0.6018237082066868
SIDER,fedavg_proto,0.5,0,25,200,16,16,0.1,val,client_2,16,129,14,143,True,0.544296788482835
SIDER,fedavg_proto,0.5,0,25,200,16,16,0.1,val,client_2,17,20,123,143,True,0.48821138211382115
SIDER,fedavg_proto,0.5,0,25,200,16,16,0.1,val,client_2,18,104,39,143,True,0.49556213017751477
SIDER,fedavg_proto,0.5,0,25,200,16,16,0.1,val,client_2,19,103,40,143,True,0.5262135922330097
SIDER,fedavg_proto,0.5,0,25,200,16,16,0.1,val,client_2,20,102,41,143,True,0.49306551889048306
SIDER,fedavg_proto,0.5,0,25,200,16,16,0.1,val,client_2,21,98,45,143,True,0.5523809523809524
SIDER,fedavg_proto,0.5,0,25,200,16,16,0.1,val,client_2,22,10,133,143,True,0.5744360902255639
SIDER,fedavg_proto,0.5,0,25,200,16,16,0.1,val,client_2,23,64,79,143,True,0.5810917721518988
SIDER,fedavg_proto,0.5,0,25,200,16,16,0.1,val,client_2,24,104,39,143,True,0.5636094674556213
SIDER,fedavg_proto,0.5,0,25,200,16,16,0.1,val,client_2,25,134,9,143,True,0.5737976782752902
SIDER,fedavg_proto,0.5,0,25,200,16,16,0.1,val,client_2,26,95,48,143,True,0.5100877192982456
SIDER,fedavg_proto,0.5,0,25,200,16,16,0.1,val,client_3,0,76,67,143,True,0.6565200314218381
SIDER,fedavg_proto,0.5,0,25,200,16,16,0.1,val,client_3,1,99,44,143,True,0.673783287419651
SIDER,fedavg_proto,0.5,0,25,200,16,16,0.1,val,client_3,2,2,141,143,True,0.9148936170212766
SIDER,fedavg_proto,0.5,0,25,200,16,16,0.1,val,client_3,3,85,58,143,True,0.5730223123732252
SIDER,fedavg_proto,0.5,0,25,200,16,16,0.1,val,client_3,4,117,26,143,True,0.7212360289283366
SIDER,fedavg_proto,0.5,0,25,200,16,16,0.1,val,client_3,5,99,44,143,True,0.6570247933884298
SIDER,fedavg_proto,0.5,0,25,200,16,16,0.1,val,client_3,6,131,12,143,True,0.7569974554707379
SIDER,fedavg_proto,0.5,0,25,200,16,16,0.1,val,client_3,7,20,123,143,True,0.5926829268292683
SIDER,fedavg_proto,0.5,0,25,200,16,16,0.1,val,client_3,8,97,46,143,True,0.6337965038099506
SIDER,fedavg_proto,0.5,0,25,200,16,16,0.1,val,client_3,9,71,72,143,True,0.6015258215962441
SIDER,fedavg_proto,0.5,0,25,200,16,16,0.1,val,client_3,10,35,108,143,True,0.6354497354497355
SIDER,fedavg_proto,0.5,0,25,200,16,16,0.1,val,client_3,11,130,13,143,True,0.6301775147928994
SIDER,fedavg_proto,0.5,0,25,200,16,16,0.1,val,client_3,12,37,106,143,True,0.700152983171851
SIDER,fedavg_proto,0.5,0,25,200,16,16,0.1,val,client_3,13,20,123,143,True,0.5991869918699186
SIDER,fedavg_proto,0.5,0,25,200,16,16,0.1,val,client_3,14,107,36,143,True,0.59865005192108
SIDER,fedavg_proto,0.5,0,25,200,16,16,0.1,val,client_3,15,94,49,143,True,0.6843247937472862
SIDER,fedavg_proto,0.5,0,25,200,16,16,0.1,val,client_3,16,129,14,143,True,0.663344407530454
SIDER,fedavg_proto,0.5,0,25,200,16,16,0.1,val,client_3,17,20,123,143,True,0.5678861788617886
SIDER,fedavg_proto,0.5,0,25,200,16,16,0.1,val,client_3,18,104,39,143,True,0.6481755424063116
SIDER,fedavg_proto,0.5,0,25,200,16,16,0.1,val,client_3,19,103,40,143,True,0.6303398058252426
SIDER,fedavg_proto,0.5,0,25,200,16,16,0.1,val,client_3,20,102,41,143,True,0.5349115255858441
SIDER,fedavg_proto,0.5,0,25,200,16,16,0.1,val,client_3,21,98,45,143,True,0.6369614512471655
SIDER,fedavg_proto,0.5,0,25,200,16,16,0.1,val,client_3,22,10,133,143,True,0.6789473684210526
SIDER,fedavg_proto,0.5,0,25,200,16,16,0.1,val,client_3,23,64,79,143,True,0.5660601265822784
SIDER,fedavg_proto,0.5,0,25,200,16,16,0.1,val,client_3,24,104,39,143,True,0.5742110453648914
SIDER,fedavg_proto,0.5,0,25,200,16,16,0.1,val,client_3,25,134,9,143,True,0.6459369817578773
SIDER,fedavg_proto,0.5,0,25,200,16,16,0.1,val,client_3,26,95,48,143,True,0.5855263157894737
SIDER,fedavg_proto,0.5,0,25,200,16,16,0.1,test,server,0,72,71,143,True,0.6566901408450704
SIDER,fedavg_proto,0.5,0,25,200,16,16,0.1,test,server,1,105,38,143,True,0.643859649122807
SIDER,fedavg_proto,0.5,0,25,200,16,16,0.1,test,server,2,5,138,143,True,0.5289855072463768
SIDER,fedavg_proto,0.5,0,25,200,16,16,0.1,test,server,3,90,53,143,True,0.5090146750524108
SIDER,fedavg_proto,0.5,0,25,200,16,16,0.1,test,server,4,118,25,143,True,0.5772881355932203
SIDER,fedavg_proto,0.5,0,25,200,16,16,0.1,test,server,5,104,39,143,True,0.5788954635108482
SIDER,fedavg_proto,0.5,0,25,200,16,16,0.1,test,server,6,134,9,143,True,0.6194029850746268
SIDER,fedavg_proto,0.5,0,25,200,16,16,0.1,test,server,7,24,119,143,True,0.5661764705882353
SIDER,fedavg_proto,0.5,0,25,200,16,16,0.1,test,server,8,91,52,143,True,0.5534657650042266
SIDER,fedavg_proto,0.5,0,25,200,16,16,0.1,test,server,9,74,69,143,True,0.6167254210732471
SIDER,fedavg_proto,0.5,0,25,200,16,16,0.1,test,server,10,39,104,143,True,0.6388067061143984
SIDER,fedavg_proto,0.5,0,25,200,16,16,0.1,test,server,11,130,13,143,True,0.48579881656804735
SIDER,fedavg_proto,0.5,0,25,200,16,16,0.1,test,server,12,33,110,143,True,0.6027548209366391
SIDER,fedavg_proto,0.5,0,25,200,16,16,0.1,test,server,13,20,123,143,True,0.5967479674796747
SIDER,fedavg_proto,0.5,0,25,200,16,16,0.1,test,server,14,113,30,143,True,0.5209439528023598
SIDER,fedavg_proto,0.5,0,25,200,16,16,0.1,test,server,15,83,60,143,True,0.6333333333333334
SIDER,fedavg_proto,0.5,0,25,200,16,16,0.1,test,server,16,131,12,143,True,0.6704834605597965
SIDER,fedavg_proto,0.5,0,25,200,16,16,0.1,test,server,17,30,113,143,True,0.6221238938053097
SIDER,fedavg_proto,0.5,0,25,200,16,16,0.1,test,server,18,109,34,143,True,0.5188882892606583
SIDER,fedavg_proto,0.5,0,25,200,16,16,0.1,test,server,19,104,39,143,True,0.47509861932938857
SIDER,fedavg_proto,0.5,0,25,200,16,16,0.1,test,server,20,102,41,143,True,0.4839789574366332
SIDER,fedavg_proto,0.5,0,25,200,16,16,0.1,test,server,21,98,45,143,True,0.600907029478458
SIDER,fedavg_proto,0.5,0,25,200,16,16,0.1,test,server,22,14,129,143,True,0.5775193798449613
SIDER,fedavg_proto,0.5,0,25,200,16,16,0.1,test,server,23,60,83,143,True,0.4823293172690763
SIDER,fedavg_proto,0.5,0,25,200,16,16,0.1,test,server,24,98,45,143,True,0.445124716553288
SIDER,fedavg_proto,0.5,0,25,200,16,16,0.1,test,server,25,132,11,143,True,0.6866391184573002
SIDER,fedavg_proto,0.5,0,25,200,16,16,0.1,test,server,26,101,42,143,True,0.587930221593588
SIDER,fedavg_proto,0.5,0,25,200,16,16,0.1,test,client_0,0,72,71,143,True,0.6780125195618154
SIDER,fedavg_proto,0.5,0,25,200,16,16,0.1,test,client_0,1,105,38,143,True,0.6045112781954888
SIDER,fedavg_proto,0.5,0,25,200,16,16,0.1,test,client_0,2,5,138,143,True,0.8405797101449276
SIDER,fedavg_proto,0.5,0,25,200,16,16,0.1,test,client_0,3,90,53,143,True,0.5241090146750524
SIDER,fedavg_proto,0.5,0,25,200,16,16,0.1,test,client_0,4,118,25,143,True,0.6867796610169492
SIDER,fedavg_proto,0.5,0,25,200,16,16,0.1,test,client_0,5,104,39,143,True,0.6060157790927021
SIDER,fedavg_proto,0.5,0,25,200,16,16,0.1,test,client_0,6,134,9,143,True,0.5829187396351575
SIDER,fedavg_proto,0.5,0,25,200,16,16,0.1,test,client_0,7,24,119,143,True,0.5514705882352942
SIDER,fedavg_proto,0.5,0,25,200,16,16,0.1,test,client_0,8,91,52,143,True,0.5297971259509721
SIDER,fedavg_proto,0.5,0,25,200,16,16,0.1,test,client_0,9,74,69,143,True,0.6147669408538974
SIDER,fedavg_proto,0.5,0,25,200,16,16,0.1,test,client_0,10,39,104,143,True,0.6444773175542408
SIDER,fedavg_proto,0.5,0,25,200,16,16,0.1,test,client_0,11,130,13,143,True,0.6798816568047337
SIDER,fedavg_proto,0.5,0,25,200,16,16,0.1,test,client_0,12,33,110,143,True,0.5818181818181819
SIDER,fedavg_proto,0.5,0,25,200,16,16,0.1,test,client_0,13,20,123,143,True,0.5699186991869918
SIDER,fedavg_proto,0.5,0,25,200,16,16,0.1,test,client_0,14,113,30,143,True,0.5436578171091446
SIDER,fedavg_proto,0.5,0,25,200,16,16,0.1,test,client_0,15,83,60,143,True,0.651004016064257
SIDER,fedavg_proto,0.5,0,25,200,16,16,0.1,test,client_0,16,131,12,143,True,0.727735368956743
SIDER,fedavg_proto,0.5,0,25,200,16,16,0.1,test,client_0,17,30,113,143,True,0.5837758112094396
SIDER,fedavg_proto,0.5,0,25,200,16,16,0.1,test,client_0,18,109,34,143,True,0.4843497031840259
SIDER,fedavg_proto,0.5,0,25,200,16,16,0.1,test,client_0,19,104,39,143,True,0.49137080867850097
SIDER,fedavg_proto,0.5,0,25,200,16,16,0.1,test,client_0,20,102,41,143,True,0.5188904830224773
SIDER,fedavg_proto,0.5,0,25,200,16,16,0.1,test,client_0,21,98,45,143,True,0.6024943310657597
SIDER,fedavg_proto,0.5,0,25,200,16,16,0.1,test,client_0,22,14,129,143,True,0.5919158361018825
SIDER,fedavg_proto,0.5,0,25,200,16,16,0.1,test,client_0,23,60,83,143,True,0.5680722891566264
SIDER,fedavg_proto,0.5,0,25,200,16,16,0.1,test,client_0,24,98,45,143,True,0.4766439909297052
SIDER,fedavg_proto,0.5,0,25,200,16,16,0.1,test,client_0,25,132,11,143,True,0.6577134986225895
SIDER,fedavg_proto,0.5,0,25,200,16,16,0.1,test,client_0,26,101,42,143,True,0.6190476190476191
SIDER,fedavg_proto,0.5,0,25,200,16,16,0.1,test,client_1,0,72,71,143,True,0.6384976525821596
SIDER,fedavg_proto,0.5,0,25,200,16,16,0.1,test,client_1,1,105,38,143,True,0.6278195488721804
SIDER,fedavg_proto,0.5,0,25,200,16,16,0.1,test,client_1,2,5,138,143,True,0.5565217391304348
SIDER,fedavg_proto,0.5,0,25,200,16,16,0.1,test,client_1,3,90,53,143,True,0.5373165618448638
SIDER,fedavg_proto,0.5,0,25,200,16,16,0.1,test,client_1,4,118,25,143,True,0.5230508474576272
SIDER,fedavg_proto,0.5,0,25,200,16,16,0.1,test,client_1,5,104,39,143,True,0.5416666666666667
SIDER,fedavg_proto,0.5,0,25,200,16,16,0.1,test,client_1,6,134,9,143,True,0.566334991708126
SIDER,fedavg_proto,0.5,0,25,200,16,16,0.1,test,client_1,7,24,119,143,True,0.7237394957983194
SIDER,fedavg_proto,0.5,0,25,200,16,16,0.1,test,client_1,8,91,52,143,True,0.6115807269653423
SIDER,fedavg_proto,0.5,0,25,200,16,16,0.1,test,client_1,9,74,69,143,True,0.6852722287504897
SIDER,fedavg_proto,0.5,0,25,200,16,16,0.1,test,client_1,10,39,104,143,True,0.6166173570019724
SIDER,fedavg_proto,0.5,0,25,200,16,16,0.1,test,client_1,11,130,13,143,True,0.4834319526627219
SIDER,fedavg_proto,0.5,0,25,200,16,16,0.1,test,client_1,12,33,110,143,True,0.6707988980716254
SIDER,fedavg_proto,0.5,0,25,200,16,16,0.1,test,client_1,13,20,123,143,True,0.7012195121951219
SIDER,fedavg_proto,0.5,0,25,200,16,16,0.1,test,client_1,14,113,30,143,True,0.5368731563421829
SIDER,fedavg_proto,0.5,0,25,200,16,16,0.1,test,client_1,15,83,60,143,True,0.5803212851405622
SIDER,fedavg_proto,0.5,0,25,200,16,16,0.1,test,client_1,16,131,12,143,True,0.5286259541984732
SIDER,fedavg_proto,0.5,0,25,200,16,16,0.1,test,client_1,17,30,113,143,True,0.620353982300885
SIDER,fedavg_proto,0.5,0,25,200,16,16,0.1,test,client_1,18,109,34,143,True,0.5712358337830544
SIDER,fedavg_proto,0.5,0,25,200,16,16,0.1,test,client_1,19,104,39,143,True,0.504930966469428
SIDER,fedavg_proto,0.5,0,25,200,16,16,0.1,test,client_1,20,102,41,143,True,0.5514108082257293
SIDER,fedavg_proto,0.5,0,25,200,16,16,0.1,test,client_1,21,98,45,143,True,0.5448979591836735
SIDER,fedavg_proto,0.5,0,25,200,16,16,0.1,test,client_1,22,14,129,143,True,0.7347729789590254
SIDER,fedavg_proto,0.5,0,25,200,16,16,0.1,test,client_1,23,60,83,143,True,0.521285140562249
SIDER,fedavg_proto,0.5,0,25,200,16,16,0.1,test,client_1,24,98,45,143,True,0.4954648526077098
SIDER,fedavg_proto,0.5,0,25,200,16,16,0.1,test,client_1,25,132,11,143,True,0.6673553719008265
SIDER,fedavg_proto,0.5,0,25,200,16,16,0.1,test,client_1,26,101,42,143,True,0.6211692597831213
SIDER,fedavg_proto,0.5,0,25,200,16,16,0.1,test,client_2,0,72,71,143,True,0.5217136150234741
SIDER,fedavg_proto,0.5,0,25,200,16,16,0.1,test,client_2,1,105,38,143,True,0.5418546365914787
SIDER,fedavg_proto,0.5,0,25,200,16,16,0.1,test,client_2,2,5,138,143,True,0.6246376811594203
SIDER,fedavg_proto,0.5,0,25,200,16,16,0.1,test,client_2,3,90,53,143,True,0.48763102725366875
SIDER,fedavg_proto,0.5,0,25,200,16,16,0.1,test,client_2,4,118,25,143,True,0.46508474576271186
SIDER,fedavg_proto,0.5,0,25,200,16,16,0.1,test,client_2,5,104,39,143,True,0.5355029585798816
SIDER,fedavg_proto,0.5,0,25,200,16,16,0.1,test,client_2,6,134,9,143,True,0.5580431177446102
SIDER,fedavg_proto,0.5,0,25,200,16,16,0.1,test,client_2,7,24,119,143,True,0.5647759103641457
SIDER,fedavg_proto,0.5,0,25,200,16,16,0.1,test,client_2,8,91,52,143,True,0.5090870667793744
SIDER,fedavg_proto,0.5,0,25,200,16,16,0.1,test,client_2,9,74,69,143,True,0.5366235801018411
SIDER,fedavg_proto,0.5,0,25,200,16,16,0.1,test,client_2,10,39,104,143,True,0.6109467455621301
SIDER,fedavg_proto,0.5,0,25,200,16,16,0.1,test,client_2,11,130,13,143,True,0.36923076923076925
SIDER,fedavg_proto,0.5,0,25,200,16,16,0.1,test,client_2,12,33,110,143,True,0.5961432506887053
SIDER,fedavg_proto,0.5,0,25,200,16,16,0.1,test,client_2,13,20,123,143,True,0.5922764227642277
SIDER,fedavg_proto,0.5,0,25,200,16,16,0.1,test,client_2,14,113,30,143,True,0.45663716814159294
SIDER,fedavg_proto,0.5,0,25,200,16,16,0.1,test,client_2,15,83,60,143,True,0.5765060240963855
SIDER,fedavg_proto,0.5,0,25,200,16,16,0.1,test,client_2,16,131,12,143,True,0.556615776081425
SIDER,fedavg_proto,0.5,0,25,200,16,16,0.1,test,client_2,17,30,113,143,True,0.6094395280235989
SIDER,fedavg_proto,0.5,0,25,200,16,16,0.1,test,client_2,18,109,34,143,True,0.496492174851592
SIDER,fedavg_proto,0.5,0,25,200,16,16,0.1,test,client_2,19,104,39,143,True,0.49852071005917165
SIDER,fedavg_proto,0.5,0,25,200,16,16,0.1,test,client_2,20,102,41,143,True,0.4787183165949307
SIDER,fedavg_proto,0.5,0,25,200,16,16,0.1,test,client_2,21,98,45,143,True,0.6015873015873016
SIDER,fedavg_proto,0.5,0,25,200,16,16,0.1,test,client_2,22,14,129,143,True,0.606312292358804
SIDER,fedavg_proto,0.5,0,25,200,16,16,0.1,test,client_2,23,60,83,143,True,0.4734939759036144
SIDER,fedavg_proto,0.5,0,25,200,16,16,0.1,test,client_2,24,98,45,143,True,0.41768707482993195
SIDER,fedavg_proto,0.5,0,25,200,16,16,0.1,test,client_2,25,132,11,143,True,0.606749311294766
SIDER,fedavg_proto,0.5,0,25,200,16,16,0.1,test,client_2,26,101,42,143,True,0.5198019801980198
SIDER,fedavg_proto,0.5,0,25,200,16,16,0.1,test,client_3,0,72,71,143,True,0.6398669796557122
SIDER,fedavg_proto,0.5,0,25,200,16,16,0.1,test,client_3,1,105,38,143,True,0.6473684210526315
SIDER,fedavg_proto,0.5,0,25,200,16,16,0.1,test,client_3,2,5,138,143,True,0.6521739130434783
SIDER,fedavg_proto,0.5,0,25,200,16,16,0.1,test,client_3,3,90,53,143,True,0.5283018867924528
SIDER,fedavg_proto,0.5,0,25,200,16,16,0.1,test,client_3,4,118,25,143,True,0.6593220338983051
SIDER,fedavg_proto,0.5,0,25,200,16,16,0.1,test,client_3,5,104,39,143,True,0.5931952662721893
SIDER,fedavg_proto,0.5,0,25,200,16,16,0.1,test,client_3,6,134,9,143,True,0.6890547263681591
SIDER,fedavg_proto,0.5,0,25,200,16,16,0.1,test,client_3,7,24,119,143,True,0.528361344537815
SIDER,fedavg_proto,0.5,0,25,200,16,16,0.1,test,client_3,8,91,52,143,True,0.5509298393913779
SIDER,fedavg_proto,0.5,0,25,200,16,16,0.1,test,client_3,9,74,69,143,True,0.6441441441441441
SIDER,fedavg_proto,0.5,0,25,200,16,16,0.1,test,client_3,10,39,104,143,True,0.5912228796844181
SIDER,fedavg_proto,0.5,0,25,200,16,16,0.1,test,client_3,11,130,13,143,True,0.6325443786982249
SIDER,fedavg_proto,0.5,0,25,200,16,16,0.1,test,client_3,12,33,110,143,True,0.5917355371900826
SIDER,fedavg_proto,0.5,0,25,200,16,16,0.1,test,client_3,13,20,123,143,True,0.5321138211382114
SIDER,fedavg_proto,0.5,0,25,200,16,16,0.1,test,client_3,14,113,30,143,True,0.631858407079646
SIDER,fedavg_proto,0.5,0,25,200,16,16,0.1,test,client_3,15,83,60,143,True,0.6696787148594378
SIDER,fedavg_proto,0.5,0,25,200,16,16,0.1,test,client_3,16,131,12,143,True,0.7748091603053435
SIDER,fedavg_proto,0.5,0,25,200,16,16,0.1,test,client_3,17,30,113,143,True,0.5740412979351033
SIDER,fedavg_proto,0.5,0,25,200,16,16,0.1,test,client_3,18,109,34,143,True,0.5369670804101457
SIDER,fedavg_proto,0.5,0,25,200,16,16,0.1,test,client_3,19,104,39,143,True,0.5076429980276134
SIDER,fedavg_proto,0.5,0,25,200,16,16,0.1,test,client_3,20,102,41,143,True,0.5356288857006217
SIDER,fedavg_proto,0.5,0,25,200,16,16,0.1,test,client_3,21,98,45,143,True,0.6496598639455783
SIDER,fedavg_proto,0.5,0,25,200,16,16,0.1,test,client_3,22,14,129,143,True,0.5481727574750831
SIDER,fedavg_proto,0.5,0,25,200,16,16,0.1,test,client_3,23,60,83,143,True,0.5068273092369477
SIDER,fedavg_proto,0.5,0,25,200,16,16,0.1,test,client_3,24,98,45,143,True,0.4877551020408163
SIDER,fedavg_proto,0.5,0,25,200,16,16,0.1,test,client_3,25,132,11,143,True,0.6584022038567493
SIDER,fedavg_proto,0.5,0,25,200,16,16,0.1,test,client_3,26,101,42,143,True,0.5777934936350778
SIDER,fedavg_proto,0.5,0,26,200,16,16,0.1,val,server,0,76,67,143,True,0.6335428122545169
SIDER,fedavg_proto,0.5,0,26,200,16,16,0.1,val,server,1,99,44,143,True,0.6570247933884297
SIDER,fedavg_proto,0.5,0,26,200,16,16,0.1,val,server,2,2,141,143,True,0.6595744680851063
SIDER,fedavg_proto,0.5,0,26,200,16,16,0.1,val,server,3,85,58,143,True,0.6468559837728195
SIDER,fedavg_proto,0.5,0,26,200,16,16,0.1,val,server,4,117,26,143,True,0.6650230111768574
SIDER,fedavg_proto,0.5,0,26,200,16,16,0.1,val,server,5,99,44,143,True,0.6189164370982553
SIDER,fedavg_proto,0.5,0,26,200,16,16,0.1,val,server,6,131,12,143,True,0.7379134860050891
SIDER,fedavg_proto,0.5,0,26,200,16,16,0.1,val,server,7,20,123,143,True,0.6195121951219512
SIDER,fedavg_proto,0.5,0,26,200,16,16,0.1,val,server,8,97,46,143,True,0.6138502913491708
SIDER,fedavg_proto,0.5,0,26,200,16,16,0.1,val,server,9,71,72,143,True,0.6134585289514867
SIDER,fedavg_proto,0.5,0,26,200,16,16,0.1,val,server,10,35,108,143,True,0.6156084656084656
SIDER,fedavg_proto,0.5,0,26,200,16,16,0.1,val,server,11,130,13,143,True,0.662130177514793
SIDER,fedavg_proto,0.5,0,26,200,16,16,0.1,val,server,12,37,106,143,True,0.6555328913819479
SIDER,fedavg_proto,0.5,0,26,200,16,16,0.1,val,server,13,20,123,143,True,0.5817073170731707
SIDER,fedavg_proto,0.5,0,26,200,16,16,0.1,val,server,14,107,36,143,True,0.5449117341640707
SIDER,fedavg_proto,0.5,0,26,200,16,16,0.1,val,server,15,94,49,143,True,0.6895353886235345
SIDER,fedavg_proto,0.5,0,26,200,16,16,0.1,val,server,16,129,14,143,True,0.6251384274640088
SIDER,fedavg_proto,0.5,0,26,200,16,16,0.1,val,server,17,20,123,143,True,0.5154471544715447
SIDER,fedavg_proto,0.5,0,26,200,16,16,0.1,val,server,18,104,39,143,True,0.5557199211045365
SIDER,fedavg_proto,0.5,0,26,200,16,16,0.1,val,server,19,103,40,143,True,0.6201456310679612
SIDER,fedavg_proto,0.5,0,26,200,16,16,0.1,val,server,20,102,41,143,True,0.5547584887613581
SIDER,fedavg_proto,0.5,0,26,200,16,16,0.1,val,server,21,98,45,143,True,0.6165532879818594
SIDER,fedavg_proto,0.5,0,26,200,16,16,0.1,val,server,22,10,133,143,True,0.7225563909774436
SIDER,fedavg_proto,0.5,0,26,200,16,16,0.1,val,server,23,64,79,143,True,0.5779272151898734
SIDER,fedavg_proto,0.5,0,26,200,16,16,0.1,val,server,24,104,39,143,True,0.5796351084812623
SIDER,fedavg_proto,0.5,0,26,200,16,16,0.1,val,server,25,134,9,143,True,0.7197346600331676
SIDER,fedavg_proto,0.5,0,26,200,16,16,0.1,val,server,26,95,48,143,True,0.6028508771929826
SIDER,fedavg_proto,0.5,0,26,200,16,16,0.1,val,client_0,0,76,67,143,True,0.6626080125687352
SIDER,fedavg_proto,0.5,0,26,200,16,16,0.1,val,client_0,1,99,44,143,True,0.6533516988062443
SIDER,fedavg_proto,0.5,0,26,200,16,16,0.1,val,client_0,2,2,141,143,True,0.7624113475177305
SIDER,fedavg_proto,0.5,0,26,200,16,16,0.1,val,client_0,3,85,58,143,True,0.6010141987829615
SIDER,fedavg_proto,0.5,0,26,200,16,16,0.1,val,client_0,4,117,26,143,True,0.6755424063116371
SIDER,fedavg_proto,0.5,0,26,200,16,16,0.1,val,client_0,5,99,44,143,True,0.6802112029384757
SIDER,fedavg_proto,0.5,0,26,200,16,16,0.1,val,client_0,6,131,12,143,True,0.7086513994910942
SIDER,fedavg_proto,0.5,0,26,200,16,16,0.1,val,client_0,7,20,123,143,True,0.6500000000000001
SIDER,fedavg_proto,0.5,0,26,200,16,16,0.1,val,client_0,8,97,46,143,True,0.6028686687584042
SIDER,fedavg_proto,0.5,0,26,200,16,16,0.1,val,client_0,9,71,72,143,True,0.5512519561815337
SIDER,fedavg_proto,0.5,0,26,200,16,16,0.1,val,client_0,10,35,108,143,True,0.6402116402116402
SIDER,fedavg_proto,0.5,0,26,200,16,16,0.1,val,client_0,11,130,13,143,True,0.6875739644970414
SIDER,fedavg_proto,0.5,0,26,200,16,16,0.1,val,client_0,12,37,106,143,True,0.6239163691993881
SIDER,fedavg_proto,0.5,0,26,200,16,16,0.1,val,client_0,13,20,123,143,True,0.6695121951219511
SIDER,fedavg_proto,0.5,0,26,200,16,16,0.1,val,client_0,14,107,36,143,True,0.5612668743509865
SIDER,fedavg_proto,0.5,0,26,200,16,16,0.1,val,client_0,15,94,49,143,True,0.6951801997394703
SIDER,fedavg_proto,0.5,0,26,200,16,16,0.1,val,client_0,16,129,14,143,True,0.6794019933554818
SIDER,fedavg_proto,0.5,0,26,200,16,16,0.1,val,client_0,17,20,123,143,True,0.5654471544715447
SIDER,fedavg_proto,0.5,0,26,200,16,16,0.1,val,client_0,18,104,39,143,True,0.55103550295858
SIDER,fedavg_proto,0.5,0,26,200,16,16,0.1,val,client_0,19,103,40,143,True,0.6730582524271843
SIDER,fedavg_proto,0.5,0,26,200,16,16,0.1,val,client_0,20,102,41,143,True,0.6446676231468197
SIDER,fedavg_proto,0.5,0,26,200,16,16,0.1,val,client_0,21,98,45,143,True,0.665986394557823
SIDER,fedavg_proto,0.5,0,26,200,16,16,0.1,val,client_0,22,10,133,143,True,0.6804511278195489
SIDER,fedavg_proto,0.5,0,26,200,16,16,0.1,val,client_0,23,64,79,143,True,0.6081882911392404
SIDER,fedavg_proto,0.5,0,26,200,16,16,0.1,val,client_0,24,104,39,143,True,0.6015779092702169
SIDER,fedavg_proto,0.5,0,26,200,16,16,0.1,val,client_0,25,134,9,143,True,0.7553897180762852
SIDER,fedavg_proto,0.5,0,26,200,16,16,0.1,val,client_0,26,95,48,143,True,0.6289473684210527
SIDER,fedavg_proto,0.5,0,26,200,16,16,0.1,val,client_1,0,76,67,143,True,0.5960329929300864
SIDER,fedavg_proto,0.5,0,26,200,16,16,0.1,val,client_1,1,99,44,143,True,0.6092745638200184
SIDER,fedavg_proto,0.5,0,26,200,16,16,0.1,val,client_1,2,2,141,143,True,0.6914893617021276
SIDER,fedavg_proto,0.5,0,26,200,16,16,0.1,val,client_1,3,85,58,143,True,0.6622718052738337
SIDER,fedavg_proto,0.5,0,26,200,16,16,0.1,val,client_1,4,117,26,143,True,0.5927021696252466
SIDER,fedavg_proto,0.5,0,26,200,16,16,0.1,val,client_1,5,99,44,143,True,0.5335169880624426
SIDER,fedavg_proto,0.5,0,26,200,16,16,0.1,val,client_1,6,131,12,143,True,0.69529262086514
SIDER,fedavg_proto,0.5,0,26,200,16,16,0.1,val,client_1,7,20,123,143,True,0.5369918699186991
SIDER,fedavg_proto,0.5,0,26,200,16,16,0.1,val,client_1,8,97,46,143,True,0.5649932765575975
SIDER,fedavg_proto,0.5,0,26,200,16,16,0.1,val,client_1,9,71,72,143,True,0.6226525821596245
SIDER,fedavg_proto,0.5,0,26,200,16,16,0.1,val,client_1,10,35,108,143,True,0.5275132275132275
SIDER,fedavg_proto,0.5,0,26,200,16,16,0.1,val,client_1,11,130,13,143,True,0.5366863905325443
SIDER,fedavg_proto,0.5,0,26,200,16,16,0.1,val,client_1,12,37,106,143,True,0.5859255481896991
SIDER,fedavg_proto,0.5,0,26,200,16,16,0.1,val,client_1,13,20,123,143,True,0.6121951219512196
SIDER,fedavg_proto,0.5,0,26,200,16,16,0.1,val,client_1,14,107,36,143,True,0.5449117341640707
SIDER,fedavg_proto,0.5,0,26,200,16,16,0.1,val,client_1,15,94,49,143,True,0.67216673903604
SIDER,fedavg_proto,0.5,0,26,200,16,16,0.1,val,client_1,16,129,14,143,True,0.6107419712070875
SIDER,fedavg_proto,0.5,0,26,200,16,16,0.1,val,client_1,17,20,123,143,True,0.47479674796747967
SIDER,fedavg_proto,0.5,0,26,200,16,16,0.1,val,client_1,18,104,39,143,True,0.46425049309664695
SIDER,fedavg_proto,0.5,0,26,200,16,16,0.1,val,client_1,19,103,40,143,True,0.5861650485436892
SIDER,fedavg_proto,0.5,0,26,200,16,16,0.1,val,client_1,20,102,41,143,True,0.5564323290291727
SIDER,fedavg_proto,0.5,0,26,200,16,16,0.1,val,client_1,21,98,45,143,True,0.6204081632653061
SIDER,fedavg_proto,0.5,0,26,200,16,16,0.1,val,client_1,22,10,133,143,True,0.5586466165413535
SIDER,fedavg_proto,0.5,0,26,200,16,16,0.1,val,client_1,23,64,79,143,True,0.5551819620253164
SIDER,fedavg_proto,0.5,0,26,200,16,16,0.1,val,client_1,24,104,39,143,True,0.604043392504931
SIDER,fedavg_proto,0.5,0,26,200,16,16,0.1,val,client_1,25,134,9,143,True,0.7487562189054726
SIDER,fedavg_proto,0.5,0,26,200,16,16,0.1,val,client_1,26,95,48,143,True,0.5576754385964913
SIDER,fedavg_proto,0.5,0,26,200,16,16,0.1,val,client_2,0,76,67,143,True,0.5106048703849175
SIDER,fedavg_proto,0.5,0,26,200,16,16,0.1,val,client_2,1,99,44,143,True,0.567722681359045
SIDER,fedavg_proto,0.5,0,26,200,16,16,0.1,val,client_2,2,2,141,143,True,0.875886524822695
SIDER,fedavg_proto,0.5,0,26,200,16,16,0.1,val,client_2,3,85,58,143,True,0.6150101419878296
SIDER,fedavg_proto,0.5,0,26,200,16,16,0.1,val,client_2,4,117,26,143,True,0.5407626561472716
SIDER,fedavg_proto,0.5,0,26,200,16,16,0.1,val,client_2,5,99,44,143,True,0.5589990817263544
SIDER,fedavg_proto,0.5,0,26,200,16,16,0.1,val,client_2,6,131,12,143,True,0.7086513994910941
SIDER,fedavg_proto,0.5,0,26,200,16,16,0.1,val,client_2,7,20,123,143,True,0.5447154471544715
SIDER,fedavg_proto,0.5,0,26,200,16,16,0.1,val,client_2,8,97,46,143,True,0.5710443747198566
SIDER,fedavg_proto,0.5,0,26,200,16,16,0.1,val,client_2,9,71,72,143,True,0.6126760563380281
SIDER,fedavg_proto,0.5,0,26,200,16,16,0.1,val,client_2,10,35,108,143,True,0.5291005291005292
SIDER,fedavg_proto,0.5,0,26,200,16,16,0.1,val,client_2,11,130,13,143,True,0.3863905325443787
SIDER,fedavg_proto,0.5,0,26,200,16,16,0.1,val,client_2,12,37,106,143,True,0.6379398266190719
SIDER,fedavg_proto,0.5,0,26,200,16,16,0.1,val,client_2,13,20,123,143,True,0.6365853658536587
SIDER,fedavg_proto,0.5,0,26,200,16,16,0.1,val,client_2,14,107,36,143,True,0.4981827622014538
SIDER,fedavg_proto,0.5,0,26,200,16,16,0.1,val,client_2,15,94,49,143,True,0.6293964394268345
SIDER,fedavg_proto,0.5,0,26,200,16,16,0.1,val,client_2,16,129,14,143,True,0.5293466223698782
SIDER,fedavg_proto,0.5,0,26,200,16,16,0.1,val,client_2,17,20,123,143,True,0.4605691056910569
SIDER,fedavg_proto,0.5,0,26,200,16,16,0.1,val,client_2,18,104,39,143,True,0.5142998027613412
SIDER,fedavg_proto,0.5,0,26,200,16,16,0.1,val,client_2,19,103,40,143,True,0.5572815533980583
SIDER,fedavg_proto,0.5,0,26,200,16,16,0.1,val,client_2,20,102,41,143,True,0.48278335724533716
SIDER,fedavg_proto,0.5,0,26,200,16,16,0.1,val,client_2,21,98,45,143,True,0.5659863945578232
SIDER,fedavg_proto,0.5,0,26,200,16,16,0.1,val,client_2,22,10,133,143,True,0.6375939849624059
SIDER,fedavg_proto,0.5,0,26,200,16,16,0.1,val,client_2,23,64,79,143,True,0.5725870253164557
SIDER,fedavg_proto,0.5,0,26,200,16,16,0.1,val,client_2,24,104,39,143,True,0.5562130177514794
SIDER,fedavg_proto,0.5,0,26,200,16,16,0.1,val,client_2,25,134,9,143,True,0.5804311774461028
SIDER,fedavg_proto,0.5,0,26,200,16,16,0.1,val,client_2,26,95,48,143,True,0.5684210526315789
SIDER,fedavg_proto,0.5,0,26,200,16,16,0.1,val,client_3,0,76,67,143,True,0.638256087981147
SIDER,fedavg_proto,0.5,0,26,200,16,16,0.1,val,client_3,1,99,44,143,True,0.6533516988062442
SIDER,fedavg_proto,0.5,0,26,200,16,16,0.1,val,client_3,2,2,141,143,True,0.8581560283687943
SIDER,fedavg_proto,0.5,0,26,200,16,16,0.1,val,client_3,3,85,58,143,True,0.5651115618661258
SIDER,fedavg_proto,0.5,0,26,200,16,16,0.1,val,client_3,4,117,26,143,True,0.6817882971729126
SIDER,fedavg_proto,0.5,0,26,200,16,16,0.1,val,client_3,5,99,44,143,True,0.6464646464646464
SIDER,fedavg_proto,0.5,0,26,200,16,16,0.1,val,client_3,6,131,12,143,True,0.7544529262086515
SIDER,fedavg_proto,0.5,0,26,200,16,16,0.1,val,client_3,7,20,123,143,True,0.5849593495934959
SIDER,fedavg_proto,0.5,0,26,200,16,16,0.1,val,client_3,8,97,46,143,True,0.6203496190049306
SIDER,fedavg_proto,0.5,0,26,200,16,16,0.1,val,client_3,9,71,72,143,True,0.6070031298904539
SIDER,fedavg_proto,0.5,0,26,200,16,16,0.1,val,client_3,10,35,108,143,True,0.6404761904761905
SIDER,fedavg_proto,0.5,0,26,200,16,16,0.1,val,client_3,11,130,13,143,True,0.6005917159763314
SIDER,fedavg_proto,0.5,0,26,200,16,16,0.1,val,client_3,12,37,106,143,True,0.7039775624681285
SIDER,fedavg_proto,0.5,0,26,200,16,16,0.1,val,client_3,13,20,123,143,True,0.5869918699186992
SIDER,fedavg_proto,0.5,0,26,200,16,16,0.1,val,client_3,14,107,36,143,True,0.555036344755971
SIDER,fedavg_proto,0.5,0,26,200,16,16,0.1,val,client_3,15,94,49,143,True,0.6571862787668259
SIDER,fedavg_proto,0.5,0,26,200,16,16,0.1,val,client_3,16,129,14,143,True,0.6334440753045405
SIDER,fedavg_proto,0.5,0,26,200,16,16,0.1,val,client_3,17,20,123,143,True,0.551219512195122
SIDER,fedavg_proto,0.5,0,26,200,16,16,0.1,val,client_3,18,104,39,143,True,0.641025641025641
SIDER,fedavg_proto,0.5,0,26,200,16,16,0.1,val,client_3,19,103,40,143,True,0.6014563106796116
SIDER,fedavg_proto,0.5,0,26,200,16,16,0.1,val,client_3,20,102,41,143,True,0.5081300813008129
SIDER,fedavg_proto,0.5,0,26,200,16,16,0.1,val,client_3,21,98,45,143,True,0.6097505668934241
SIDER,fedavg_proto,0.5,0,26,200,16,16,0.1,val,client_3,22,10,133,143,True,0.6639097744360902
SIDER,fedavg_proto,0.5,0,26,200,16,16,0.1,val,client_3,23,64,79,143,True,0.5593354430379747
SIDER,fedavg_proto,0.5,0,26,200,16,16,0.1,val,client_3,24,104,39,143,True,0.5428994082840237
SIDER,fedavg_proto,0.5,0,26,200,16,16,0.1,val,client_3,25,134,9,143,True,0.6467661691542288
SIDER,fedavg_proto,0.5,0,26,200,16,16,0.1,val,client_3,26,95,48,143,True,0.5771929824561404
SIDER,fedavg_proto,0.5,0,26,200,16,16,0.1,test,server,0,72,71,143,True,0.6549295774647887
SIDER,fedavg_proto,0.5,0,26,200,16,16,0.1,test,server,1,105,38,143,True,0.6606516290726817
SIDER,fedavg_proto,0.5,0,26,200,16,16,0.1,test,server,2,5,138,143,True,0.5492753623188406
SIDER,fedavg_proto,0.5,0,26,200,16,16,0.1,test,server,3,90,53,143,True,0.5048218029350104
SIDER,fedavg_proto,0.5,0,26,200,16,16,0.1,test,server,4,118,25,143,True,0.5823728813559321
SIDER,fedavg_proto,0.5,0,26,200,16,16,0.1,test,server,5,104,39,143,True,0.581854043392505
SIDER,fedavg_proto,0.5,0,26,200,16,16,0.1,test,server,6,134,9,143,True,0.6127694859038142
SIDER,fedavg_proto,0.5,0,26,200,16,16,0.1,test,server,7,24,119,143,True,0.5952380952380952
SIDER,fedavg_proto,0.5,0,26,200,16,16,0.1,test,server,8,91,52,143,True,0.5633981403212173
SIDER,fedavg_proto,0.5,0,26,200,16,16,0.1,test,server,9,74,69,143,True,0.644535840188014
SIDER,fedavg_proto,0.5,0,26,200,16,16,0.1,test,server,10,39,104,143,True,0.6402859960552268
SIDER,fedavg_proto,0.5,0,26,200,16,16,0.1,test,server,11,130,13,143,True,0.5088757396449705
SIDER,fedavg_proto,0.5,0,26,200,16,16,0.1,test,server,12,33,110,143,True,0.6289256198347107
SIDER,fedavg_proto,0.5,0,26,200,16,16,0.1,test,server,13,20,123,143,True,0.634959349593496
SIDER,fedavg_proto,0.5,0,26,200,16,16,0.1,test,server,14,113,30,143,True,0.5312684365781711
SIDER,fedavg_proto,0.5,0,26,200,16,16,0.1,test,server,15,83,60,143,True,0.63714859437751
SIDER,fedavg_proto,0.5,0,26,200,16,16,0.1,test,server,16,131,12,143,True,0.6774809160305344
SIDER,fedavg_proto,0.5,0,26,200,16,16,0.1,test,server,17,30,113,143,True,0.6274336283185841
SIDER,fedavg_proto,0.5,0,26,200,16,16,0.1,test,server,18,109,34,143,True,0.5267134376686455
SIDER,fedavg_proto,0.5,0,26,200,16,16,0.1,test,server,19,104,39,143,True,0.4802761341222879
SIDER,fedavg_proto,0.5,0,26,200,16,16,0.1,test,server,20,102,41,143,True,0.49450023912003827
SIDER,fedavg_proto,0.5,0,26,200,16,16,0.1,test,server,21,98,45,143,True,0.5918367346938775
SIDER,fedavg_proto,0.5,0,26,200,16,16,0.1,test,server,22,14,129,143,True,0.6173864894795127
SIDER,fedavg_proto,0.5,0,26,200,16,16,0.1,test,server,23,60,83,143,True,0.48594377510040154
SIDER,fedavg_proto,0.5,0,26,200,16,16,0.1,test,server,24,98,45,143,True,0.4510204081632653
SIDER,fedavg_proto,0.5,0,26,200,16,16,0.1,test,server,25,132,11,143,True,0.684573002754821
SIDER,fedavg_proto,0.5,0,26,200,16,16,0.1,test,server,26,101,42,143,True,0.5933521923620935
SIDER,fedavg_proto,0.5,0,26,200,16,16,0.1,test,client_0,0,72,71,143,True,0.6725352112676056
SIDER,fedavg_proto,0.5,0,26,200,16,16,0.1,test,client_0,1,105,38,143,True,0.6112781954887219
SIDER,fedavg_proto,0.5,0,26,200,16,16,0.1,test,client_0,2,5,138,143,True,0.8231884057971015
SIDER,fedavg_proto,0.5,0,26,200,16,16,0.1,test,client_0,3,90,53,143,True,0.5272536687631026
SIDER,fedavg_proto,0.5,0,26,200,16,16,0.1,test,client_0,4,118,25,143,True,0.6766101694915254
SIDER,fedavg_proto,0.5,0,26,200,16,16,0.1,test,client_0,5,104,39,143,True,0.6131656804733727
SIDER,fedavg_proto,0.5,0,26,200,16,16,0.1,test,client_0,6,134,9,143,True,0.599502487562189
SIDER,fedavg_proto,0.5,0,26,200,16,16,0.1,test,client_0,7,24,119,143,True,0.5514705882352942
SIDER,fedavg_proto,0.5,0,26,200,16,16,0.1,test,client_0,8,91,52,143,True,0.529585798816568
SIDER,fedavg_proto,0.5,0,26,200,16,16,0.1,test,client_0,9,74,69,143,True,0.6249510379945163
SIDER,fedavg_proto,0.5,0,26,200,16,16,0.1,test,client_0,10,39,104,143,True,0.6363412228796844
SIDER,fedavg_proto,0.5,0,26,200,16,16,0.1,test,client_0,11,130,13,143,True,0.6686390532544378
SIDER,fedavg_proto,0.5,0,26,200,16,16,0.1,test,client_0,12,33,110,143,True,0.6
SIDER,fedavg_proto,0.5,0,26,200,16,16,0.1,test,client_0,13,20,123,143,True,0.5719512195121952
SIDER,fedavg_proto,0.5,0,26,200,16,16,0.1,test,client_0,14,113,30,143,True,0.5469026548672566
SIDER,fedavg_proto,0.5,0,26,200,16,16,0.1,test,client_0,15,83,60,143,True,0.651004016064257
SIDER,fedavg_proto,0.5,0,26,200,16,16,0.1,test,client_0,16,131,12,143,True,0.7525445292620866
SIDER,fedavg_proto,0.5,0,26,200,16,16,0.1,test,client_0,17,30,113,143,True,0.5743362831858407
SIDER,fedavg_proto,0.5,0,26,200,16,16,0.1,test,client_0,18,109,34,143,True,0.47949271451699943
SIDER,fedavg_proto,0.5,0,26,200,16,16,0.1,test,client_0,19,104,39,143,True,0.491370808678501
SIDER,fedavg_proto,0.5,0,26,200,16,16,0.1,test,client_0,20,102,41,143,True,0.5227164036346246
SIDER,fedavg_proto,0.5,0,26,200,16,16,0.1,test,client_0,21,98,45,143,True,0.6018140589569161
SIDER,fedavg_proto,0.5,0,26,200,16,16,0.1,test,client_0,22,14,129,143,True,0.5852713178294573
SIDER,fedavg_proto,0.5,0,26,200,16,16,0.1,test,client_0,23,60,83,143,True,0.5704819277108434
SIDER,fedavg_proto,0.5,0,26,200,16,16,0.1,test,client_0,24,98,45,143,True,0.48208616780045355
SIDER,fedavg_proto,0.5,0,26,200,16,16,0.1,test,client_0,25,132,11,143,True,0.6838842975206612
SIDER,fedavg_proto,0.5,0,26,200,16,16,0.1,test,client_0,26,101,42,143,True,0.6183404054691184
SIDER,fedavg_proto,0.5,0,26,200,16,16,0.1,test,client_1,0,72,71,143,True,0.6492566510172144
SIDER,fedavg_proto,0.5,0,26,200,16,16,0.1,test,client_1,1,105,38,143,True,0.6421052631578948
SIDER,fedavg_proto,0.5,0,26,200,16,16,0.1,test,client_1,2,5,138,143,True,0.5565217391304348
SIDER,fedavg_proto,0.5,0,26,200,16,16,0.1,test,client_1,3,90,53,143,True,0.5427672955974843
SIDER,fedavg_proto,0.5,0,26,200,16,16,0.1,test,client_1,4,118,25,143,True,0.5159322033898306
SIDER,fedavg_proto,0.5,0,26,200,16,16,0.1,test,client_1,5,104,39,143,True,0.5463510848126233
SIDER,fedavg_proto,0.5,0,26,200,16,16,0.1,test,client_1,6,134,9,143,True,0.5132669983416253
SIDER,fedavg_proto,0.5,0,26,200,16,16,0.1,test,client_1,7,24,119,143,True,0.7093837535014006
SIDER,fedavg_proto,0.5,0,26,200,16,16,0.1,test,client_1,8,91,52,143,True,0.6056635672020287
SIDER,fedavg_proto,0.5,0,26,200,16,16,0.1,test,client_1,9,74,69,143,True,0.691147669408539
SIDER,fedavg_proto,0.5,0,26,200,16,16,0.1,test,client_1,10,39,104,143,True,0.61267258382643
SIDER,fedavg_proto,0.5,0,26,200,16,16,0.1,test,client_1,11,130,13,143,True,0.4644970414201184
SIDER,fedavg_proto,0.5,0,26,200,16,16,0.1,test,client_1,12,33,110,143,True,0.6920110192837465
SIDER,fedavg_proto,0.5,0,26,200,16,16,0.1,test,client_1,13,20,123,143,True,0.688211382113821
SIDER,fedavg_proto,0.5,0,26,200,16,16,0.1,test,client_1,14,113,30,143,True,0.5123893805309735
SIDER,fedavg_proto,0.5,0,26,200,16,16,0.1,test,client_1,15,83,60,143,True,0.57429718875502
SIDER,fedavg_proto,0.5,0,26,200,16,16,0.1,test,client_1,16,131,12,143,True,0.5089058524173028
SIDER,fedavg_proto,0.5,0,26,200,16,16,0.1,test,client_1,17,30,113,143,True,0.6445427728613569
SIDER,fedavg_proto,0.5,0,26,200,16,16,0.1,test,client_1,18,109,34,143,True,0.5852671343766864
SIDER,fedavg_proto,0.5,0,26,200,16,16,0.1,test,client_1,19,104,39,143,True,0.5216962524654832
SIDER,fedavg_proto,0.5,0,26,200,16,16,0.1,test,client_1,20,102,41,143,True,0.5511716881874701
SIDER,fedavg_proto,0.5,0,26,200,16,16,0.1,test,client_1,21,98,45,143,True,0.5419501133786848
SIDER,fedavg_proto,0.5,0,26,200,16,16,0.1,test,client_1,22,14,129,143,True,0.7308970099667774
SIDER,fedavg_proto,0.5,0,26,200,16,16,0.1,test,client_1,23,60,83,143,True,0.5305220883534136
SIDER,fedavg_proto,0.5,0,26,200,16,16,0.1,test,client_1,24,98,45,143,True,0.507482993197279
SIDER,fedavg_proto,0.5,0,26,200,16,16,0.1,test,client_1,25,132,11,143,True,0.6418732782369145
SIDER,fedavg_proto,0.5,0,26,200,16,16,0.1,test,client_1,26,101,42,143,True,0.6115040075436114
SIDER,fedavg_proto,0.5,0,26,200,16,16,0.1,test,client_2,0,72,71,143,True,0.5287558685446009
SIDER,fedavg_proto,0.5,0,26,200,16,16,0.1,test,client_2,1,105,38,143,True,0.5416040100250626
SIDER,fedavg_proto,0.5,0,26,200,16,16,0.1,test,client_2,2,5,138,143,True,0.6449275362318841
SIDER,fedavg_proto,0.5,0,26,200,16,16,0.1,test,client_2,3,90,53,143,True,0.4287211740041929
SIDER,fedavg_proto,0.5,0,26,200,16,16,0.1,test,client_2,4,118,25,143,True,0.4966101694915254
SIDER,fedavg_proto,0.5,0,26,200,16,16,0.1,test,client_2,5,104,39,143,True,0.5475838264299803
SIDER,fedavg_proto,0.5,0,26,200,16,16,0.1,test,client_2,6,134,9,143,True,0.6102819237147596
SIDER,fedavg_proto,0.5,0,26,200,16,16,0.1,test,client_2,7,24,119,143,True,0.5556722689075629
SIDER,fedavg_proto,0.5,0,26,200,16,16,0.1,test,client_2,8,91,52,143,True,0.5306424344885883
SIDER,fedavg_proto,0.5,0,26,200,16,16,0.1,test,client_2,9,74,69,143,True,0.5808852330591461
SIDER,fedavg_proto,0.5,0,26,200,16,16,0.1,test,client_2,10,39,104,143,True,0.6245069033530571
SIDER,fedavg_proto,0.5,0,26,200,16,16,0.1,test,client_2,11,130,13,143,True,0.36272189349112427
SIDER,fedavg_proto,0.5,0,26,200,16,16,0.1,test,client_2,12,33,110,143,True,0.6190082644628099
SIDER,fedavg_proto,0.5,0,26,200,16,16,0.1,test,client_2,13,20,123,143,True,0.5560975609756098
SIDER,fedavg_proto,0.5,0,26,200,16,16,0.1,test,client_2,14,113,30,143,True,0.45014749262536874
SIDER,fedavg_proto,0.5,0,26,200,16,16,0.1,test,client_2,15,83,60,143,True,0.5903614457831325
SIDER,fedavg_proto,0.5,0,26,200,16,16,0.1,test,client_2,16,131,12,143,True,0.5515267175572518
SIDER,fedavg_proto,0.5,0,26,200,16,16,0.1,test,client_2,17,30,113,143,True,0.5870206489675517
SIDER,fedavg_proto,0.5,0,26,200,16,16,0.1,test,client_2,18,109,34,143,True,0.5116028062601187
SIDER,fedavg_proto,0.5,0,26,200,16,16,0.1,test,client_2,19,104,39,143,True,0.46351084812623283
SIDER,fedavg_proto,0.5,0,26,200,16,16,0.1,test,client_2,20,102,41,143,True,0.48541367766618837
SIDER,fedavg_proto,0.5,0,26,200,16,16,0.1,test,client_2,21,98,45,143,True,0.5700680272108843
SIDER,fedavg_proto,0.5,0,26,200,16,16,0.1,test,client_2,22,14,129,143,True,0.5902547065337763
SIDER,fedavg_proto,0.5,0,26,200,16,16,0.1,test,client_2,23,60,83,143,True,0.43273092369477906
SIDER,fedavg_proto,0.5,0,26,200,16,16,0.1,test,client_2,24,98,45,143,True,0.4294784580498866
SIDER,fedavg_proto,0.5,0,26,200,16,16,0.1,test,client_2,25,132,11,143,True,0.6150137741046833
SIDER,fedavg_proto,0.5,0,26,200,16,16,0.1,test,client_2,26,101,42,143,True,0.5572842998585573
SIDER,fedavg_proto,0.5,0,26,200,16,16,0.1,test,client_3,0,72,71,143,True,0.6154147104851331
SIDER,fedavg_proto,0.5,0,26,200,16,16,0.1,test,client_3,1,105,38,143,True,0.6466165413533834
SIDER,fedavg_proto,0.5,0,26,200,16,16,0.1,test,client_3,2,5,138,143,True,0.636231884057971
SIDER,fedavg_proto,0.5,0,26,200,16,16,0.1,test,client_3,3,90,53,143,True,0.5511530398322851
SIDER,fedavg_proto,0.5,0,26,200,16,16,0.1,test,client_3,4,118,25,143,True,0.6088135593220338
SIDER,fedavg_proto,0.5,0,26,200,16,16,0.1,test,client_3,5,104,39,143,True,0.5784023668639053
SIDER,fedavg_proto,0.5,0,26,200,16,16,0.1,test,client_3,6,134,9,143,True,0.6608623548922056
SIDER,fedavg_proto,0.5,0,26,200,16,16,0.1,test,client_3,7,24,119,143,True,0.555672268907563
SIDER,fedavg_proto,0.5,0,26,200,16,16,0.1,test,client_3,8,91,52,143,True,0.5464919695688926
SIDER,fedavg_proto,0.5,0,26,200,16,16,0.1,test,client_3,9,74,69,143,True,0.6643164904034469
SIDER,fedavg_proto,0.5,0,26,200,16,16,0.1,test,client_3,10,39,104,143,True,0.5949211045364893
SIDER,fedavg_proto,0.5,0,26,200,16,16,0.1,test,client_3,11,130,13,143,True,0.6224852071005917
SIDER,fedavg_proto,0.5,0,26,200,16,16,0.1,test,client_3,12,33,110,143,True,0.6192837465564738
SIDER,fedavg_proto,0.5,0,26,200,16,16,0.1,test,client_3,13,20,123,143,True,0.5808943089430895
SIDER,fedavg_proto,0.5,0,26,200,16,16,0.1,test,client_3,14,113,30,143,True,0.6303834808259587
SIDER,fedavg_proto,0.5,0,26,200,16,16,0.1,test,client_3,15,83,60,143,True,0.6728915662650602
SIDER,fedavg_proto,0.5,0,26,200,16,16,0.1,test,client_3,16,131,12,143,True,0.7258269720101782
SIDER,fedavg_proto,0.5,0,26,200,16,16,0.1,test,client_3,17,30,113,143,True,0.5775811209439529
SIDER,fedavg_proto,0.5,0,26,200,16,16,0.1,test,client_3,18,109,34,143,True,0.5644900161899622
SIDER,fedavg_proto,0.5,0,26,200,16,16,0.1,test,client_3,19,104,39,143,True,0.5231755424063116
SIDER,fedavg_proto,0.5,0,26,200,16,16,0.1,test,client_3,20,102,41,143,True,0.5377809660449546
SIDER,fedavg_proto,0.5,0,26,200,16,16,0.1,test,client_3,21,98,45,143,True,0.6541950113378685
SIDER,fedavg_proto,0.5,0,26,200,16,16,0.1,test,client_3,22,14,129,143,True,0.5852713178294574
SIDER,fedavg_proto,0.5,0,26,200,16,16,0.1,test,client_3,23,60,83,143,True,0.5176706827309236
SIDER,fedavg_proto,0.5,0,26,200,16,16,0.1,test,client_3,24,98,45,143,True,0.508390022675737
SIDER,fedavg_proto,0.5,0,26,200,16,16,0.1,test,client_3,25,132,11,143,True,0.6480716253443526
SIDER,fedavg_proto,0.5,0,26,200,16,16,0.1,test,client_3,26,101,42,143,True,0.5685997171145686
SIDER,fedavg_proto,0.5,0,27,200,16,16,0.1,val,server,0,76,67,143,True,0.6321681068342497
SIDER,fedavg_proto,0.5,0,27,200,16,16,0.1,val,server,1,99,44,143,True,0.6524334251606978
SIDER,fedavg_proto,0.5,0,27,200,16,16,0.1,val,server,2,2,141,143,True,0.6347517730496455
SIDER,fedavg_proto,0.5,0,27,200,16,16,0.1,val,server,3,85,58,143,True,0.6452332657200811
SIDER,fedavg_proto,0.5,0,27,200,16,16,0.1,val,server,4,117,26,143,True,0.6676528599605522
SIDER,fedavg_proto,0.5,0,27,200,16,16,0.1,val,server,5,99,44,143,True,0.6251147842056933
SIDER,fedavg_proto,0.5,0,27,200,16,16,0.1,val,server,6,131,12,143,True,0.7340966921119592
SIDER,fedavg_proto,0.5,0,27,200,16,16,0.1,val,server,7,20,123,143,True,0.6154471544715447
SIDER,fedavg_proto,0.5,0,27,200,16,16,0.1,val,server,8,97,46,143,True,0.6131779471089197
SIDER,fedavg_proto,0.5,0,27,200,16,16,0.1,val,server,9,71,72,143,True,0.613849765258216
SIDER,fedavg_proto,0.5,0,27,200,16,16,0.1,val,server,10,35,108,143,True,0.608994708994709
SIDER,fedavg_proto,0.5,0,27,200,16,16,0.1,val,server,11,130,13,143,True,0.6715976331360947
SIDER,fedavg_proto,0.5,0,27,200,16,16,0.1,val,server,12,37,106,143,True,0.6598674145843957
SIDER,fedavg_proto,0.5,0,27,200,16,16,0.1,val,server,13,20,123,143,True,0.5813008130081301
SIDER,fedavg_proto,0.5,0,27,200,16,16,0.1,val,server,14,107,36,143,True,0.5433541017653167
SIDER,fedavg_proto,0.5,0,27,200,16,16,0.1,val,server,15,94,49,143,True,0.6793313069908814
SIDER,fedavg_proto,0.5,0,27,200,16,16,0.1,val,server,16,129,14,143,True,0.6378737541528239
SIDER,fedavg_proto,0.5,0,27,200,16,16,0.1,val,server,17,20,123,143,True,0.505691056910569
SIDER,fedavg_proto,0.5,0,27,200,16,16,0.1,val,server,18,104,39,143,True,0.5586785009861933
SIDER,fedavg_proto,0.5,0,27,200,16,16,0.1,val,server,19,103,40,143,True,0.6298543689320388
SIDER,fedavg_proto,0.5,0,27,200,16,16,0.1,val,server,20,102,41,143,True,0.555714968914395
SIDER,fedavg_proto,0.5,0,27,200,16,16,0.1,val,server,21,98,45,143,True,0.6115646258503402
SIDER,fedavg_proto,0.5,0,27,200,16,16,0.1,val,server,22,10,133,143,True,0.7233082706766918
SIDER,fedavg_proto,0.5,0,27,200,16,16,0.1,val,server,23,64,79,143,True,0.5775316455696202
SIDER,fedavg_proto,0.5,0,27,200,16,16,0.1,val,server,24,104,39,143,True,0.5828402366863905
SIDER,fedavg_proto,0.5,0,27,200,16,16,0.1,val,server,25,134,9,143,True,0.7155887230514095
SIDER,fedavg_proto,0.5,0,27,200,16,16,0.1,val,server,26,95,48,143,True,0.5991228070175438
SIDER,fedavg_proto,0.5,0,27,200,16,16,0.1,val,client_0,0,76,67,143,True,0.6565200314218381
SIDER,fedavg_proto,0.5,0,27,200,16,16,0.1,val,client_0,1,99,44,143,True,0.6432506887052342
SIDER,fedavg_proto,0.5,0,27,200,16,16,0.1,val,client_0,2,2,141,143,True,0.6631205673758865
SIDER,fedavg_proto,0.5,0,27,200,16,16,0.1,val,client_0,3,85,58,143,True,0.6075050709939148
SIDER,fedavg_proto,0.5,0,27,200,16,16,0.1,val,client_0,4,117,26,143,True,0.6719263642340565
SIDER,fedavg_proto,0.5,0,27,200,16,16,0.1,val,client_0,5,99,44,143,True,0.696969696969697
SIDER,fedavg_proto,0.5,0,27,200,16,16,0.1,val,client_0,6,131,12,143,True,0.6876590330788804
SIDER,fedavg_proto,0.5,0,27,200,16,16,0.1,val,client_0,7,20,123,143,True,0.651219512195122
SIDER,fedavg_proto,0.5,0,27,200,16,16,0.1,val,client_0,8,97,46,143,True,0.6010757507844017
SIDER,fedavg_proto,0.5,0,27,200,16,16,0.1,val,client_0,9,71,72,143,True,0.5692488262910799
SIDER,fedavg_proto,0.5,0,27,200,16,16,0.1,val,client_0,10,35,108,143,True,0.6468253968253967
SIDER,fedavg_proto,0.5,0,27,200,16,16,0.1,val,client_0,11,130,13,143,True,0.7165680473372782
SIDER,fedavg_proto,0.5,0,27,200,16,16,0.1,val,client_0,12,37,106,143,True,0.6277409484956654
SIDER,fedavg_proto,0.5,0,27,200,16,16,0.1,val,client_0,13,20,123,143,True,0.6581300813008131
SIDER,fedavg_proto,0.5,0,27,200,16,16,0.1,val,client_0,14,107,36,143,True,0.5514018691588786
SIDER,fedavg_proto,0.5,0,27,200,16,16,0.1,val,client_0,15,94,49,143,True,0.6828050369083805
SIDER,fedavg_proto,0.5,0,27,200,16,16,0.1,val,client_0,16,129,14,143,True,0.699889258028793
SIDER,fedavg_proto,0.5,0,27,200,16,16,0.1,val,client_0,17,20,123,143,True,0.5707317073170731
SIDER,fedavg_proto,0.5,0,27,200,16,16,0.1,val,client_0,18,104,39,143,True,0.5372287968441815
SIDER,fedavg_proto,0.5,0,27,200,16,16,0.1,val,client_0,19,103,40,143,True,0.6635922330097087
SIDER,fedavg_proto,0.5,0,27,200,16,16,0.1,val,client_0,20,102,41,143,True,0.6461023433763748
SIDER,fedavg_proto,0.5,0,27,200,16,16,0.1,val,client_0,21,98,45,143,True,0.6709750566893423
SIDER,fedavg_proto,0.5,0,27,200,16,16,0.1,val,client_0,22,10,133,143,True,0.6609022556390978
SIDER,fedavg_proto,0.5,0,27,200,16,16,0.1,val,client_0,23,64,79,143,True,0.6064082278481013
SIDER,fedavg_proto,0.5,0,27,200,16,16,0.1,val,client_0,24,104,39,143,True,0.5986193293885602
SIDER,fedavg_proto,0.5,0,27,200,16,16,0.1,val,client_0,25,134,9,143,True,0.7338308457711442
SIDER,fedavg_proto,0.5,0,27,200,16,16,0.1,val,client_0,26,95,48,143,True,0.6230263157894738
SIDER,fedavg_proto,0.5,0,27,200,16,16,0.1,val,client_1,0,76,67,143,True,0.5958366064414767
SIDER,fedavg_proto,0.5,0,27,200,16,16,0.1,val,client_1,1,99,44,143,True,0.6262626262626263
SIDER,fedavg_proto,0.5,0,27,200,16,16,0.1,val,client_1,2,2,141,143,True,0.7056737588652482
SIDER,fedavg_proto,0.5,0,27,200,16,16,0.1,val,client_1,3,85,58,143,True,0.64158215010142
SIDER,fedavg_proto,0.5,0,27,200,16,16,0.1,val,client_1,4,117,26,143,True,0.6255752794214333
SIDER,fedavg_proto,0.5,0,27,200,16,16,0.1,val,client_1,5,99,44,143,True,0.5273186409550046
SIDER,fedavg_proto,0.5,0,27,200,16,16,0.1,val,client_1,6,131,12,143,True,0.6991094147582698
SIDER,fedavg_proto,0.5,0,27,200,16,16,0.1,val,client_1,7,20,123,143,True,0.5260162601626016
SIDER,fedavg_proto,0.5,0,27,200,16,16,0.1,val,client_1,8,97,46,143,True,0.5640968175705962
SIDER,fedavg_proto,0.5,0,27,200,16,16,0.1,val,client_1,9,71,72,143,True,0.6068075117370892
SIDER,fedavg_proto,0.5,0,27,200,16,16,0.1,val,client_1,10,35,108,143,True,0.5396825396825397
SIDER,fedavg_proto,0.5,0,27,200,16,16,0.1,val,client_1,11,130,13,143,True,0.5532544378698225
SIDER,fedavg_proto,0.5,0,27,200,16,16,0.1,val,client_1,12,37,106,143,True,0.5752167261601224
SIDER,fedavg_proto,0.5,0,27,200,16,16,0.1,val,client_1,13,20,123,143,True,0.6085365853658536
SIDER,fedavg_proto,0.5,0,27,200,16,16,0.1,val,client_1,14,107,36,143,True,0.568276220145379
SIDER,fedavg_proto,0.5,0,27,200,16,16,0.1,val,client_1,15,94,49,143,True,0.6545809813287018
SIDER,fedavg_proto,0.5,0,27,200,16,16,0.1,val,client_1,16,129,14,143,True,0.6013289036544851
SIDER,fedavg_proto,0.5,0,27,200,16,16,0.1,val,client_1,17,20,123,143,True,0.490650406504065
SIDER,fedavg_proto,0.5,0,27,200,16,16,0.1,val,client_1,18,104,39,143,True,0.4928500986193294
SIDER,fedavg_proto,0.5,0,27,200,16,16,0.1,val,client_1,19,103,40,143,True,0.5939320388349515
SIDER,fedavg_proto,0.5,0,27,200,16,16,0.1,val,client_1,20,102,41,143,True,0.5590626494500239
SIDER,fedavg_proto,0.5,0,27,200,16,16,0.1,val,client_1,21,98,45,143,True,0.6056689342403628
SIDER,fedavg_proto,0.5,0,27,200,16,16,0.1,val,client_1,22,10,133,143,True,0.5669172932330827
SIDER,fedavg_proto,0.5,0,27,200,16,16,0.1,val,client_1,23,64,79,143,True,0.5472705696202531
SIDER,fedavg_proto,0.5,0,27,200,16,16,0.1,val,client_1,24,104,39,143,True,0.5961538461538461
SIDER,fedavg_proto,0.5,0,27,200,16,16,0.1,val,client_1,25,134,9,143,True,0.7388059701492538
SIDER,fedavg_proto,0.5,0,27,200,16,16,0.1,val,client_1,26,95,48,143,True,0.5710526315789474
SIDER,fedavg_proto,0.5,0,27,200,16,16,0.1,val,client_2,0,76,67,143,True,0.5111940298507462
SIDER,fedavg_proto,0.5,0,27,200,16,16,0.1,val,client_2,1,99,44,143,True,0.5686409550045914
SIDER,fedavg_proto,0.5,0,27,200,16,16,0.1,val,client_2,2,2,141,143,True,0.8971631205673759
SIDER,fedavg_proto,0.5,0,27,200,16,16,0.1,val,client_2,3,85,58,143,True,0.6245436105476673
SIDER,fedavg_proto,0.5,0,27,200,16,16,0.1,val,client_2,4,117,26,143,True,0.5285996055226825
SIDER,fedavg_proto,0.5,0,27,200,16,16,0.1,val,client_2,5,99,44,143,True,0.581267217630854
SIDER,fedavg_proto,0.5,0,27,200,16,16,0.1,val,client_2,6,131,12,143,True,0.7137404580152672
SIDER,fedavg_proto,0.5,0,27,200,16,16,0.1,val,client_2,7,20,123,143,True,0.5873983739837398
SIDER,fedavg_proto,0.5,0,27,200,16,16,0.1,val,client_2,8,97,46,143,True,0.5750784401613627
SIDER,fedavg_proto,0.5,0,27,200,16,16,0.1,val,client_2,9,71,72,143,True,0.6160015649452268
SIDER,fedavg_proto,0.5,0,27,200,16,16,0.1,val,client_2,10,35,108,143,True,0.5582010582010583
SIDER,fedavg_proto,0.5,0,27,200,16,16,0.1,val,client_2,11,130,13,143,True,0.4088757396449704
SIDER,fedavg_proto,0.5,0,27,200,16,16,0.1,val,client_2,12,37,106,143,True,0.6486486486486487
SIDER,fedavg_proto,0.5,0,27,200,16,16,0.1,val,client_2,13,20,123,143,True,0.6410569105691057
SIDER,fedavg_proto,0.5,0,27,200,16,16,0.1,val,client_2,14,107,36,143,True,0.505711318795431
SIDER,fedavg_proto,0.5,0,27,200,16,16,0.1,val,client_2,15,94,49,143,True,0.6333043855840209
SIDER,fedavg_proto,0.5,0,27,200,16,16,0.1,val,client_2,16,129,14,143,True,0.569767441860465
SIDER,fedavg_proto,0.5,0,27,200,16,16,0.1,val,client_2,17,20,123,143,True,0.46585365853658534
SIDER,fedavg_proto,0.5,0,27,200,16,16,0.1,val,client_2,18,104,39,143,True,0.5234220907297831
SIDER,fedavg_proto,0.5,0,27,200,16,16,0.1,val,client_2,19,103,40,143,True,0.5735436893203884
SIDER,fedavg_proto,0.5,0,27,200,16,16,0.1,val,client_2,20,102,41,143,True,0.493065518890483
SIDER,fedavg_proto,0.5,0,27,200,16,16,0.1,val,client_2,21,98,45,143,True,0.5714285714285715
SIDER,fedavg_proto,0.5,0,27,200,16,16,0.1,val,client_2,22,10,133,143,True,0.6451127819548872
SIDER,fedavg_proto,0.5,0,27,200,16,16,0.1,val,client_2,23,64,79,143,True,0.5775316455696202
SIDER,fedavg_proto,0.5,0,27,200,16,16,0.1,val,client_2,24,104,39,143,True,0.5784023668639053
SIDER,fedavg_proto,0.5,0,27,200,16,16,0.1,val,client_2,25,134,9,143,True,0.533167495854063
SIDER,fedavg_proto,0.5,0,27,200,16,16,0.1,val,client_2,26,95,48,143,True,0.5587719298245614
SIDER,fedavg_proto,0.5,0,27,200,16,16,0.1,val,client_3,0,76,67,143,True,0.6415946582875097
SIDER,fedavg_proto,0.5,0,27,200,16,16,0.1,val,client_3,1,99,44,143,True,0.6471533516988062
SIDER,fedavg_proto,0.5,0,27,200,16,16,0.1,val,client_3,2,2,141,143,True,0.7978723404255319
SIDER,fedavg_proto,0.5,0,27,200,16,16,0.1,val,client_3,3,85,58,143,True,0.5663286004056794
SIDER,fedavg_proto,0.5,0,27,200,16,16,0.1,val,client_3,4,117,26,143,True,0.7011834319526628
SIDER,fedavg_proto,0.5,0,27,200,16,16,0.1,val,client_3,5,99,44,143,True,0.6538108356290175
SIDER,fedavg_proto,0.5,0,27,200,16,16,0.1,val,client_3,6,131,12,143,True,0.7538167938931298
SIDER,fedavg_proto,0.5,0,27,200,16,16,0.1,val,client_3,7,20,123,143,True,0.5735772357723578
SIDER,fedavg_proto,0.5,0,27,200,16,16,0.1,val,client_3,8,97,46,143,True,0.6389511429852085
SIDER,fedavg_proto,0.5,0,27,200,16,16,0.1,val,client_3,9,71,72,143,True,0.6009389671361501
SIDER,fedavg_proto,0.5,0,27,200,16,16,0.1,val,client_3,10,35,108,143,True,0.6275132275132276
SIDER,fedavg_proto,0.5,0,27,200,16,16,0.1,val,client_3,11,130,13,143,True,0.6094674556213018
SIDER,fedavg_proto,0.5,0,27,200,16,16,0.1,val,client_3,12,37,106,143,True,0.6991330953595104
SIDER,fedavg_proto,0.5,0,27,200,16,16,0.1,val,client_3,13,20,123,143,True,0.5947154471544716
SIDER,fedavg_proto,0.5,0,27,200,16,16,0.1,val,client_3,14,107,36,143,True,0.5726895119418484
SIDER,fedavg_proto,0.5,0,27,200,16,16,0.1,val,client_3,15,94,49,143,True,0.6623968736430743
SIDER,fedavg_proto,0.5,0,27,200,16,16,0.1,val,client_3,16,129,14,143,True,0.6677740863787376
SIDER,fedavg_proto,0.5,0,27,200,16,16,0.1,val,client_3,17,20,123,143,True,0.5642276422764227
SIDER,fedavg_proto,0.5,0,27,200,16,16,0.1,val,client_3,18,104,39,143,True,0.657051282051282
SIDER,fedavg_proto,0.5,0,27,200,16,16,0.1,val,client_3,19,103,40,143,True,0.6315533980582524
SIDER,fedavg_proto,0.5,0,27,200,16,16,0.1,val,client_3,20,102,41,143,True,0.5133907221425156
SIDER,fedavg_proto,0.5,0,27,200,16,16,0.1,val,client_3,21,98,45,143,True,0.6031746031746033
SIDER,fedavg_proto,0.5,0,27,200,16,16,0.1,val,client_3,22,10,133,143,True,0.6654135338345865
SIDER,fedavg_proto,0.5,0,27,200,16,16,0.1,val,client_3,23,64,79,143,True,0.5775316455696203
SIDER,fedavg_proto,0.5,0,27,200,16,16,0.1,val,client_3,24,104,39,143,True,0.5589250493096648
SIDER,fedavg_proto,0.5,0,27,200,16,16,0.1,val,client_3,25,134,9,143,True,0.6923714759535655
SIDER,fedavg_proto,0.5,0,27,200,16,16,0.1,val,client_3,26,95,48,143,True,0.5923245614035086
SIDER,fedavg_proto,0.5,0,27,200,16,16,0.1,test,server,0,72,71,143,True,0.6539514866979655
SIDER,fedavg_proto,0.5,0,27,200,16,16,0.1,test,server,1,105,38,143,True,0.6573934837092732
SIDER,fedavg_proto,0.5,0,27,200,16,16,0.1,test,server,2,5,138,143,True,0.5507246376811594
SIDER,fedavg_proto,0.5,0,27,200,16,16,0.1,test,server,3,90,53,143,True,0.5071278825995806
SIDER,fedavg_proto,0.5,0,27,200,16,16,0.1,test,server,4,118,25,143,True,0.5938983050847458
SIDER,fedavg_proto,0.5,0,27,200,16,16,0.1,test,server,5,104,39,143,True,0.584319526627219
SIDER,fedavg_proto,0.5,0,27,200,16,16,0.1,test,server,6,134,9,143,True,0.6119402985074628
SIDER,fedavg_proto,0.5,0,27,200,16,16,0.1,test,server,7,24,119,143,True,0.5927871148459384
SIDER,fedavg_proto,0.5,0,27,200,16,16,0.1,test,server,8,91,52,143,True,0.554945054945055
SIDER,fedavg_proto,0.5,0,27,200,16,16,0.1,test,server,9,74,69,143,True,0.6429690560125342
SIDER,fedavg_proto,0.5,0,27,200,16,16,0.1,test,server,10,39,104,143,True,0.6306706114398422
SIDER,fedavg_proto,0.5,0,27,200,16,16,0.1,test,server,11,130,13,143,True,0.521301775147929
SIDER,fedavg_proto,0.5,0,27,200,16,16,0.1,test,server,12,33,110,143,True,0.6242424242424243
SIDER,fedavg_proto,0.5,0,27,200,16,16,0.1,test,server,13,20,123,143,True,0.6304878048780489
SIDER,fedavg_proto,0.5,0,27,200,16,16,0.1,test,server,14,113,30,143,True,0.536283185840708
SIDER,fedavg_proto,0.5,0,27,200,16,16,0.1,test,server,15,83,60,143,True,0.6377510040160642
SIDER,fedavg_proto,0.5,0,27,200,16,16,0.1,test,server,16,131,12,143,True,0.6800254452926209
SIDER,fedavg_proto,0.5,0,27,200,16,16,0.1,test,server,17,30,113,143,True,0.620353982300885
SIDER,fedavg_proto,0.5,0,27,200,16,16,0.1,test,server,18,109,34,143,True,0.5221262817053427
SIDER,fedavg_proto,0.5,0,27,200,16,16,0.1,test,server,19,104,39,143,True,0.4755917159763314
SIDER,fedavg_proto,0.5,0,27,200,16,16,0.1,test,server,20,102,41,143,True,0.4935437589670014
SIDER,fedavg_proto,0.5,0,27,200,16,16,0.1,test,server,21,98,45,143,True,0.5922902494331065
SIDER,fedavg_proto,0.5,0,27,200,16,16,0.1,test,server,22,14,129,143,True,0.6135105204872647
SIDER,fedavg_proto,0.5,0,27,200,16,16,0.1,test,server,23,60,83,143,True,0.4825301204819277
SIDER,fedavg_proto,0.5,0,27,200,16,16,0.1,test,server,24,98,45,143,True,0.45736961451247166
SIDER,fedavg_proto,0.5,0,27,200,16,16,0.1,test,server,25,132,11,143,True,0.68732782369146
SIDER,fedavg_proto,0.5,0,27,200,16,16,0.1,test,server,26,101,42,143,True,0.5992456388495992
SIDER,fedavg_proto,0.5,0,27,200,16,16,0.1,test,client_0,0,72,71,143,True,0.6832942097026605
SIDER,fedavg_proto,0.5,0,27,200,16,16,0.1,test,client_0,1,105,38,143,True,0.605263157894737
SIDER,fedavg_proto,0.5,0,27,200,16,16,0.1,test,client_0,2,5,138,143,True,0.8391304347826087
SIDER,fedavg_proto,0.5,0,27,200,16,16,0.1,test,client_0,3,90,53,143,True,0.5373165618448638
SIDER,fedavg_proto,0.5,0,27,200,16,16,0.1,test,client_0,4,118,25,143,True,0.6735593220338983
SIDER,fedavg_proto,0.5,0,27,200,16,16,0.1,test,client_0,5,104,39,143,True,0.6232741617357003
SIDER,fedavg_proto,0.5,0,27,200,16,16,0.1,test,client_0,6,134,9,143,True,0.5729684908789386
SIDER,fedavg_proto,0.5,0,27,200,16,16,0.1,test,client_0,7,24,119,143,True,0.5623249299719888
SIDER,fedavg_proto,0.5,0,27,200,16,16,0.1,test,client_0,8,91,52,143,True,0.5243026204564667
SIDER,fedavg_proto,0.5,0,27,200,16,16,0.1,test,client_0,9,74,69,143,True,0.6253427340383862
SIDER,fedavg_proto,0.5,0,27,200,16,16,0.1,test,client_0,10,39,104,143,True,0.6444773175542406
SIDER,fedavg_proto,0.5,0,27,200,16,16,0.1,test,client_0,11,130,13,143,True,0.6869822485207101
SIDER,fedavg_proto,0.5,0,27,200,16,16,0.1,test,client_0,12,33,110,143,True,0.6055096418732784
SIDER,fedavg_proto,0.5,0,27,200,16,16,0.1,test,client_0,13,20,123,143,True,0.5463414634146342
SIDER,fedavg_proto,0.5,0,27,200,16,16,0.1,test,client_0,14,113,30,143,True,0.5351032448377581
SIDER,fedavg_proto,0.5,0,27,200,16,16,0.1,test,client_0,15,83,60,143,True,0.6684738955823294
SIDER,fedavg_proto,0.5,0,27,200,16,16,0.1,test,client_0,16,131,12,143,True,0.7092875318066157
SIDER,fedavg_proto,0.5,0,27,200,16,16,0.1,test,client_0,17,30,113,143,True,0.5793510324483776
SIDER,fedavg_proto,0.5,0,27,200,16,16,0.1,test,client_0,18,109,34,143,True,0.4759848893685915
SIDER,fedavg_proto,0.5,0,27,200,16,16,0.1,test,client_0,19,104,39,143,True,0.47953648915187375
SIDER,fedavg_proto,0.5,0,27,200,16,16,0.1,test,client_0,20,102,41,143,True,0.5217599234815877
SIDER,fedavg_proto,0.5,0,27,200,16,16,0.1,test,client_0,21,98,45,143,True,0.6154195011337869
SIDER,fedavg_proto,0.5,0,27,200,16,16,0.1,test,client_0,22,14,129,143,True,0.6223698781838316
SIDER,fedavg_proto,0.5,0,27,200,16,16,0.1,test,client_0,23,60,83,143,True,0.5730923694779115
SIDER,fedavg_proto,0.5,0,27,200,16,16,0.1,test,client_0,24,98,45,143,True,0.46961451247165537
SIDER,fedavg_proto,0.5,0,27,200,16,16,0.1,test,client_0,25,132,11,143,True,0.662534435261708
SIDER,fedavg_proto,0.5,0,27,200,16,16,0.1,test,client_0,26,101,42,143,True,0.6077322017916077
SIDER,fedavg_proto,0.5,0,27,200,16,16,0.1,test,client_1,0,72,71,143,True,0.6298904538341159
SIDER,fedavg_proto,0.5,0,27,200,16,16,0.1,test,client_1,1,105,38,143,True,0.6250626566416039
SIDER,fedavg_proto,0.5,0,27,200,16,16,0.1,test,client_1,2,5,138,143,True,0.6014492753623188
SIDER,fedavg_proto,0.5,0,27,200,16,16,0.1,test,client_1,3,90,53,143,True,0.531027253668763
SIDER,fedavg_proto,0.5,0,27,200,16,16,0.1,test,client_1,4,118,25,143,True,0.5179661016949153
SIDER,fedavg_proto,0.5,0,27,200,16,16,0.1,test,client_1,5,104,39,143,True,0.5364891518737672
SIDER,fedavg_proto,0.5,0,27,200,16,16,0.1,test,client_1,6,134,9,143,True,0.5597014925373134
SIDER,fedavg_proto,0.5,0,27,200,16,16,0.1,test,client_1,7,24,119,143,True,0.6929271708683473
SIDER,fedavg_proto,0.5,0,27,200,16,16,0.1,test,client_1,8,91,52,143,True,0.5986897717666948
SIDER,fedavg_proto,0.5,0,27,200,16,16,0.1,test,client_1,9,74,69,143,True,0.6940853897375636
SIDER,fedavg_proto,0.5,0,27,200,16,16,0.1,test,client_1,10,39,104,143,True,0.6210552268244576
SIDER,fedavg_proto,0.5,0,27,200,16,16,0.1,test,client_1,11,130,13,143,True,0.49585798816568044
SIDER,fedavg_proto,0.5,0,27,200,16,16,0.1,test,client_1,12,33,110,143,True,0.6903581267217631
SIDER,fedavg_proto,0.5,0,27,200,16,16,0.1,test,client_1,13,20,123,143,True,0.6788617886178863
SIDER,fedavg_proto,0.5,0,27,200,16,16,0.1,test,client_1,14,113,30,143,True,0.5457227138643069
SIDER,fedavg_proto,0.5,0,27,200,16,16,0.1,test,client_1,15,83,60,143,True,0.5765060240963855
SIDER,fedavg_proto,0.5,0,27,200,16,16,0.1,test,client_1,16,131,12,143,True,0.5305343511450382
SIDER,fedavg_proto,0.5,0,27,200,16,16,0.1,test,client_1,17,30,113,143,True,0.6262536873156341
SIDER,fedavg_proto,0.5,0,27,200,16,16,0.1,test,client_1,18,109,34,143,True,0.5828386400431732
SIDER,fedavg_proto,0.5,0,27,200,16,16,0.1,test,client_1,19,104,39,143,True,0.5221893491124261
SIDER,fedavg_proto,0.5,0,27,200,16,16,0.1,test,client_1,20,102,41,143,True,0.5396939263510282
SIDER,fedavg_proto,0.5,0,27,200,16,16,0.1,test,client_1,21,98,45,143,True,0.5385487528344671
SIDER,fedavg_proto,0.5,0,27,200,16,16,0.1,test,client_1,22,14,129,143,True,0.751937984496124
SIDER,fedavg_proto,0.5,0,27,200,16,16,0.1,test,client_1,23,60,83,143,True,0.5100401606425703
SIDER,fedavg_proto,0.5,0,27,200,16,16,0.1,test,client_1,24,98,45,143,True,0.509297052154195
SIDER,fedavg_proto,0.5,0,27,200,16,16,0.1,test,client_1,25,132,11,143,True,0.6535812672176309
SIDER,fedavg_proto,0.5,0,27,200,16,16,0.1,test,client_1,26,101,42,143,True,0.6268269684111268
SIDER,fedavg_proto,0.5,0,27,200,16,16,0.1,test,client_2,0,72,71,143,True,0.5379499217527387
SIDER,fedavg_proto,0.5,0,27,200,16,16,0.1,test,client_2,1,105,38,143,True,0.5403508771929825
SIDER,fedavg_proto,0.5,0,27,200,16,16,0.1,test,client_2,2,5,138,143,True,0.6478260869565218
SIDER,fedavg_proto,0.5,0,27,200,16,16,0.1,test,client_2,3,90,53,143,True,0.4622641509433962
SIDER,fedavg_proto,0.5,0,27,200,16,16,0.1,test,client_2,4,118,25,143,True,0.5142372881355932
SIDER,fedavg_proto,0.5,0,27,200,16,16,0.1,test,client_2,5,104,39,143,True,0.5811143984220908
SIDER,fedavg_proto,0.5,0,27,200,16,16,0.1,test,client_2,6,134,9,143,True,0.6293532338308458
SIDER,fedavg_proto,0.5,0,27,200,16,16,0.1,test,client_2,7,24,119,143,True,0.5878851540616247
SIDER,fedavg_proto,0.5,0,27,200,16,16,0.1,test,client_2,8,91,52,143,True,0.5232459847844463
SIDER,fedavg_proto,0.5,0,27,200,16,16,0.1,test,client_2,9,74,69,143,True,0.5712886799843322
SIDER,fedavg_proto,0.5,0,27,200,16,16,0.1,test,client_2,10,39,104,143,True,0.6252465483234714
SIDER,fedavg_proto,0.5,0,27,200,16,16,0.1,test,client_2,11,130,13,143,True,0.393491124260355
SIDER,fedavg_proto,0.5,0,27,200,16,16,0.1,test,client_2,12,33,110,143,True,0.6231404958677687
SIDER,fedavg_proto,0.5,0,27,200,16,16,0.1,test,client_2,13,20,123,143,True,0.5902439024390244
SIDER,fedavg_proto,0.5,0,27,200,16,16,0.1,test,client_2,14,113,30,143,True,0.4646017699115045
SIDER,fedavg_proto,0.5,0,27,200,16,16,0.1,test,client_2,15,83,60,143,True,0.5961847389558232
SIDER,fedavg_proto,0.5,0,27,200,16,16,0.1,test,client_2,16,131,12,143,True,0.5629770992366412
SIDER,fedavg_proto,0.5,0,27,200,16,16,0.1,test,client_2,17,30,113,143,True,0.6020648967551623
SIDER,fedavg_proto,0.5,0,27,200,16,16,0.1,test,client_2,18,109,34,143,True,0.49730167296276306
SIDER,fedavg_proto,0.5,0,27,200,16,16,0.1,test,client_2,19,104,39,143,True,0.47830374753451677
SIDER,fedavg_proto,0.5,0,27,200,16,16,0.1,test,client_2,20,102,41,143,True,0.49641319942611184
SIDER,fedavg_proto,0.5,0,27,200,16,16,0.1,test,client_2,21,98,45,143,True,0.5848072562358277
SIDER,fedavg_proto,0.5,0,27,200,16,16,0.1,test,client_2,22,14,129,143,True,0.5963455149501662
SIDER,fedavg_proto,0.5,0,27,200,16,16,0.1,test,client_2,23,60,83,143,True,0.4622489959839357
SIDER,fedavg_proto,0.5,0,27,200,16,16,0.1,test,client_2,24,98,45,143,True,0.4469387755102041
SIDER,fedavg_proto,0.5,0,27,200,16,16,0.1,test,client_2,25,132,11,143,True,0.65633608815427
SIDER,fedavg_proto,0.5,0,27,200,16,16,0.1,test,client_2,26,101,42,143,True,0.5716643092880717
SIDER,fedavg_proto,0.5,0,27,200,16,16,0.1,test,client_3,0,72,71,143,True,0.6226525821596244
SIDER,fedavg_proto,0.5,0,27,200,16,16,0.1,test,client_3,1,105,38,143,True,0.6433583959899749
SIDER,fedavg_proto,0.5,0,27,200,16,16,0.1,test,client_3,2,5,138,143,True,0.672463768115942
SIDER,fedavg_proto,0.5,0,27,200,16,16,0.1,test,client_3,3,90,53,143,True,0.5532494758909854
SIDER,fedavg_proto,0.5,0,27,200,16,16,0.1,test,client_3,4,118,25,143,True,0.6308474576271186
SIDER,fedavg_proto,0.5,0,27,200,16,16,0.1,test,client_3,5,104,39,143,True,0.5727317554240632
SIDER,fedavg_proto,0.5,0,27,200,16,16,0.1,test,client_3,6,134,9,143,True,0.6699834162520729
SIDER,fedavg_proto,0.5,0,27,200,16,16,0.1,test,client_3,7,24,119,143,True,0.5353641456582633
SIDER,fedavg_proto,0.5,0,27,200,16,16,0.1,test,client_3,8,91,52,143,True,0.5496618765849535
SIDER,fedavg_proto,0.5,0,27,200,16,16,0.1,test,client_3,9,74,69,143,True,0.6594202898550725
SIDER,fedavg_proto,0.5,0,27,200,16,16,0.1,test,client_3,10,39,104,143,True,0.584319526627219
SIDER,fedavg_proto,0.5,0,27,200,16,16,0.1,test,client_3,11,130,13,143,True,0.6337278106508876
SIDER,fedavg_proto,0.5,0,27,200,16,16,0.1,test,client_3,12,33,110,143,True,0.6118457300275483
SIDER,fedavg_proto,0.5,0,27,200,16,16,0.1,test,client_3,13,20,123,143,True,0.5560975609756098
SIDER,fedavg_proto,0.5,0,27,200,16,16,0.1,test,client_3,14,113,30,143,True,0.6395280235988201
SIDER,fedavg_proto,0.5,0,27,200,16,16,0.1,test,client_3,15,83,60,143,True,0.6594377510040161
SIDER,fedavg_proto,0.5,0,27,200,16,16,0.1,test,client_3,16,131,12,143,True,0.7569974554707379
SIDER,fedavg_proto,0.5,0,27,200,16,16,0.1,test,client_3,17,30,113,143,True,0.5619469026548672
SIDER,fedavg_proto,0.5,0,27,200,16,16,0.1,test,client_3,18,109,34,143,True,0.5569347004856989
SIDER,fedavg_proto,0.5,0,27,200,16,16,0.1,test,client_3,19,104,39,143,True,0.5189842209072978
SIDER,fedavg_proto,0.5,0,27,200,16,16,0.1,test,client_3,20,102,41,143,True,0.5358680057388809
SIDER,fedavg_proto,0.5,0,27,200,16,16,0.1,test,client_3,21,98,45,143,True,0.6485260770975055
SIDER,fedavg_proto,0.5,0,27,200,16,16,0.1,test,client_3,22,14,129,143,True,0.5492801771871539
SIDER,fedavg_proto,0.5,0,27,200,16,16,0.1,test,client_3,23,60,83,143,True,0.5068273092369477
SIDER,fedavg_proto,0.5,0,27,200,16,16,0.1,test,client_3,24,98,45,143,True,0.5179138321995465
SIDER,fedavg_proto,0.5,0,27,200,16,16,0.1,test,client_3,25,132,11,143,True,0.6584022038567493
SIDER,fedavg_proto,0.5,0,27,200,16,16,0.1,test,client_3,26,101,42,143,True,0.5688354549740688
SIDER,fedavg_proto,0.5,0,28,200,16,16,0.1,val,server,0,76,67,143,True,0.6321681068342497
SIDER,fedavg_proto,0.5,0,28,200,16,16,0.1,val,server,1,99,44,143,True,0.6528925619834711
SIDER,fedavg_proto,0.5,0,28,200,16,16,0.1,val,server,2,2,141,143,True,0.6276595744680851
SIDER,fedavg_proto,0.5,0,28,200,16,16,0.1,val,server,3,85,58,143,True,0.6503042596348884
SIDER,fedavg_proto,0.5,0,28,200,16,16,0.1,val,server,4,117,26,143,True,0.6735700197238659
SIDER,fedavg_proto,0.5,0,28,200,16,16,0.1,val,server,5,99,44,143,True,0.6274104683195593
SIDER,fedavg_proto,0.5,0,28,200,16,16,0.1,val,server,6,131,12,143,True,0.7309160305343512
SIDER,fedavg_proto,0.5,0,28,200,16,16,0.1,val,server,7,20,123,143,True,0.6134146341463415
SIDER,fedavg_proto,0.5,0,28,200,16,16,0.1,val,server,8,97,46,143,True,0.6277454056476915
SIDER,fedavg_proto,0.5,0,28,200,16,16,0.1,val,server,9,71,72,143,True,0.6116979655712049
SIDER,fedavg_proto,0.5,0,28,200,16,16,0.1,val,server,10,35,108,143,True,0.6044973544973545
SIDER,fedavg_proto,0.5,0,28,200,16,16,0.1,val,server,11,130,13,143,True,0.6798816568047337
SIDER,fedavg_proto,0.5,0,28,200,16,16,0.1,val,server,12,37,106,143,True,0.6583375828658847
SIDER,fedavg_proto,0.5,0,28,200,16,16,0.1,val,server,13,20,123,143,True,0.5910569105691057
SIDER,fedavg_proto,0.5,0,28,200,16,16,0.1,val,server,14,107,36,143,True,0.5428348909657321
SIDER,fedavg_proto,0.5,0,28,200,16,16,0.1,val,server,15,94,49,143,True,0.6849761181068172
SIDER,fedavg_proto,0.5,0,28,200,16,16,0.1,val,server,16,129,14,143,True,0.6378737541528239
SIDER,fedavg_proto,0.5,0,28,200,16,16,0.1,val,server,17,20,123,143,True,0.49959349593495933
SIDER,fedavg_proto,0.5,0,28,200,16,16,0.1,val,server,18,104,39,143,True,0.5668145956607495
SIDER,fedavg_proto,0.5,0,28,200,16,16,0.1,val,server,19,103,40,143,True,0.6342233009708738
SIDER,fedavg_proto,0.5,0,28,200,16,16,0.1,val,server,20,102,41,143,True,0.5561932089909134
SIDER,fedavg_proto,0.5,0,28,200,16,16,0.1,val,server,21,98,45,143,True,0.6192743764172336
SIDER,fedavg_proto,0.5,0,28,200,16,16,0.1,val,server,22,10,133,143,True,0.7293233082706767
SIDER,fedavg_proto,0.5,0,28,200,16,16,0.1,val,server,23,64,79,143,True,0.5799050632911393
SIDER,fedavg_proto,0.5,0,28,200,16,16,0.1,val,server,24,104,39,143,True,0.5808678500986193
SIDER,fedavg_proto,0.5,0,28,200,16,16,0.1,val,server,25,134,9,143,True,0.7238805970149254
SIDER,fedavg_proto,0.5,0,28,200,16,16,0.1,val,server,26,95,48,143,True,0.6046052631578949
SIDER,fedavg_proto,0.5,0,28,200,16,16,0.1,val,client_0,0,76,67,143,True,0.6578947368421053
SIDER,fedavg_proto,0.5,0,28,200,16,16,0.1,val,client_0,1,99,44,143,True,0.6402662993572085
SIDER,fedavg_proto,0.5,0,28,200,16,16,0.1,val,client_0,2,2,141,143,True,0.7872340425531915
SIDER,fedavg_proto,0.5,0,28,200,16,16,0.1,val,client_0,3,85,58,143,True,0.6012170385395538
SIDER,fedavg_proto,0.5,0,28,200,16,16,0.1,val,client_0,4,117,26,143,True,0.6778435239973701
SIDER,fedavg_proto,0.5,0,28,200,16,16,0.1,val,client_0,5,99,44,143,True,0.6792929292929293
SIDER,fedavg_proto,0.5,0,28,200,16,16,0.1,val,client_0,6,131,12,143,True,0.6870229007633588
SIDER,fedavg_proto,0.5,0,28,200,16,16,0.1,val,client_0,7,20,123,143,True,0.6235772357723577
SIDER,fedavg_proto,0.5,0,28,200,16,16,0.1,val,client_0,8,97,46,143,True,0.6037651277454056
SIDER,fedavg_proto,0.5,0,28,200,16,16,0.1,val,client_0,9,71,72,143,True,0.5316901408450704
SIDER,fedavg_proto,0.5,0,28,200,16,16,0.1,val,client_0,10,35,108,143,True,0.6394179894179894
SIDER,fedavg_proto,0.5,0,28,200,16,16,0.1,val,client_0,11,130,13,143,True,0.6923076923076923
SIDER,fedavg_proto,0.5,0,28,200,16,16,0.1,val,client_0,12,37,106,143,True,0.6211116777154513
SIDER,fedavg_proto,0.5,0,28,200,16,16,0.1,val,client_0,13,20,123,143,True,0.6581300813008131
SIDER,fedavg_proto,0.5,0,28,200,16,16,0.1,val,client_0,14,107,36,143,True,0.5407580477673936
SIDER,fedavg_proto,0.5,0,28,200,16,16,0.1,val,client_0,15,94,49,143,True,0.6895353886235345
SIDER,fedavg_proto,0.5,0,28,200,16,16,0.1,val,client_0,16,129,14,143,True,0.6744186046511629
SIDER,fedavg_proto,0.5,0,28,200,16,16,0.1,val,client_0,17,20,123,143,True,0.552439024390244
SIDER,fedavg_proto,0.5,0,28,200,16,16,0.1,val,client_0,18,104,39,143,True,0.5589250493096647
SIDER,fedavg_proto,0.5,0,28,200,16,16,0.1,val,client_0,19,103,40,143,True,0.6407766990291262
SIDER,fedavg_proto,0.5,0,28,200,16,16,0.1,val,client_0,20,102,41,143,True,0.6494500239120038
SIDER,fedavg_proto,0.5,0,28,200,16,16,0.1,val,client_0,21,98,45,143,True,0.6580498866213152
SIDER,fedavg_proto,0.5,0,28,200,16,16,0.1,val,client_0,22,10,133,143,True,0.6691729323308271
SIDER,fedavg_proto,0.5,0,28,200,16,16,0.1,val,client_0,23,64,79,143,True,0.6200553797468354
SIDER,fedavg_proto,0.5,0,28,200,16,16,0.1,val,client_0,24,104,39,143,True,0.5862919132149902
SIDER,fedavg_proto,0.5,0,28,200,16,16,0.1,val,client_0,25,134,9,143,True,0.7479270315091211
SIDER,fedavg_proto,0.5,0,28,200,16,16,0.1,val,client_0,26,95,48,143,True,0.635964912280702
SIDER,fedavg_proto,0.5,0,28,200,16,16,0.1,val,client_1,0,76,67,143,True,0.589159465828751
SIDER,fedavg_proto,0.5,0,28,200,16,16,0.1,val,client_1,1,99,44,143,True,0.6042240587695134
SIDER,fedavg_proto,0.5,0,28,200,16,16,0.1,val,client_1,2,2,141,143,True,0.7056737588652482
SIDER,fedavg_proto,0.5,0,28,200,16,16,0.1,val,client_1,3,85,58,143,True,0.663894523326572
SIDER,fedavg_proto,0.5,0,28,200,16,16,0.1,val,client_1,4,117,26,143,True,0.5831689677843523
SIDER,fedavg_proto,0.5,0,28,200,16,16,0.1,val,client_1,5,99,44,143,True,0.528236914600551
SIDER,fedavg_proto,0.5,0,28,200,16,16,0.1,val,client_1,6,131,12,143,True,0.6940203562340966
SIDER,fedavg_proto,0.5,0,28,200,16,16,0.1,val,client_1,7,20,123,143,True,0.5081300813008129
SIDER,fedavg_proto,0.5,0,28,200,16,16,0.1,val,client_1,8,97,46,143,True,0.5737337516808606
SIDER,fedavg_proto,0.5,0,28,200,16,16,0.1,val,client_1,9,71,72,143,True,0.6050469483568075
SIDER,fedavg_proto,0.5,0,28,200,16,16,0.1,val,client_1,10,35,108,143,True,0.5252645502645503
SIDER,fedavg_proto,0.5,0,28,200,16,16,0.1,val,client_1,11,130,13,143,True,0.49822485207100586
SIDER,fedavg_proto,0.5,0,28,200,16,16,0.1,val,client_1,12,37,106,143,True,0.6042835288118308
SIDER,fedavg_proto,0.5,0,28,200,16,16,0.1,val,client_1,13,20,123,143,True,0.6069105691056911
SIDER,fedavg_proto,0.5,0,28,200,16,16,0.1,val,client_1,14,107,36,143,True,0.5488058151609554
SIDER,fedavg_proto,0.5,0,28,200,16,16,0.1,val,client_1,15,94,49,143,True,0.6723838471558837
SIDER,fedavg_proto,0.5,0,28,200,16,16,0.1,val,client_1,16,129,14,143,True,0.6090808416389811
SIDER,fedavg_proto,0.5,0,28,200,16,16,0.1,val,client_1,17,20,123,143,True,0.4735772357723577
SIDER,fedavg_proto,0.5,0,28,200,16,16,0.1,val,client_1,18,104,39,143,True,0.47928994082840237
SIDER,fedavg_proto,0.5,0,28,200,16,16,0.1,val,client_1,19,103,40,143,True,0.5842233009708738
SIDER,fedavg_proto,0.5,0,28,200,16,16,0.1,val,client_1,20,102,41,143,True,0.553323768531803
SIDER,fedavg_proto,0.5,0,28,200,16,16,0.1,val,client_1,21,98,45,143,True,0.6163265306122448
SIDER,fedavg_proto,0.5,0,28,200,16,16,0.1,val,client_1,22,10,133,143,True,0.5496240601503759
SIDER,fedavg_proto,0.5,0,28,200,16,16,0.1,val,client_1,23,64,79,143,True,0.5500395569620253
SIDER,fedavg_proto,0.5,0,28,200,16,16,0.1,val,client_1,24,104,39,143,True,0.6055226824457594
SIDER,fedavg_proto,0.5,0,28,200,16,16,0.1,val,client_1,25,134,9,143,True,0.730514096185738
SIDER,fedavg_proto,0.5,0,28,200,16,16,0.1,val,client_1,26,95,48,143,True,0.556359649122807
SIDER,fedavg_proto,0.5,0,28,200,16,16,0.1,val,client_2,0,76,67,143,True,0.5261194029850746
SIDER,fedavg_proto,0.5,0,28,200,16,16,0.1,val,client_2,1,99,44,143,True,0.5961891643709826
SIDER,fedavg_proto,0.5,0,28,200,16,16,0.1,val,client_2,2,2,141,143,True,0.8652482269503545
SIDER,fedavg_proto,0.5,0,28,200,16,16,0.1,val,client_2,3,85,58,143,True,0.6206896551724137
SIDER,fedavg_proto,0.5,0,28,200,16,16,0.1,val,client_2,4,117,26,143,True,0.5358316896778436
SIDER,fedavg_proto,0.5,0,28,200,16,16,0.1,val,client_2,5,99,44,143,True,0.5872359963269055
SIDER,fedavg_proto,0.5,0,28,200,16,16,0.1,val,client_2,6,131,12,143,True,0.7080152671755725
SIDER,fedavg_proto,0.5,0,28,200,16,16,0.1,val,client_2,7,20,123,143,True,0.583739837398374
SIDER,fedavg_proto,0.5,0,28,200,16,16,0.1,val,client_2,8,97,46,143,True,0.5932317346481398
SIDER,fedavg_proto,0.5,0,28,200,16,16,0.1,val,client_2,9,71,72,143,True,0.6351721439749609
SIDER,fedavg_proto,0.5,0,28,200,16,16,0.1,val,client_2,10,35,108,143,True,0.562962962962963
SIDER,fedavg_proto,0.5,0,28,200,16,16,0.1,val,client_2,11,130,13,143,True,0.37988165680473374
SIDER,fedavg_proto,0.5,0,28,200,16,16,0.1,val,client_2,12,37,106,143,True,0.6557878633350331
SIDER,fedavg_proto,0.5,0,28,200,16,16,0.1,val,client_2,13,20,123,143,True,0.6134146341463415
SIDER,fedavg_proto,0.5,0,28,200,16,16,0.1,val,client_2,14,107,36,143,True,0.48598130841121495
SIDER,fedavg_proto,0.5,0,28,200,16,16,0.1,val,client_2,15,94,49,143,True,0.6474164133738602
SIDER,fedavg_proto,0.5,0,28,200,16,16,0.1,val,client_2,16,129,14,143,True,0.5736434108527132
SIDER,fedavg_proto,0.5,0,28,200,16,16,0.1,val,client_2,17,20,123,143,True,0.45365853658536587
SIDER,fedavg_proto,0.5,0,28,200,16,16,0.1,val,client_2,18,104,39,143,True,0.5483234714003944
SIDER,fedavg_proto,0.5,0,28,200,16,16,0.1,val,client_2,19,103,40,143,True,0.5543689320388349
SIDER,fedavg_proto,0.5,0,28,200,16,16,0.1,val,client_2,20,102,41,143,True,0.4794356767097082
SIDER,fedavg_proto,0.5,0,28,200,16,16,0.1,val,client_2,21,98,45,143,True,0.6018140589569162
SIDER,fedavg_proto,0.5,0,28,200,16,16,0.1,val,client_2,22,10,133,143,True,0.6165413533834586
SIDER,fedavg_proto,0.5,0,28,200,16,16,0.1,val,client_2,23,64,79,143,True,0.5892009493670887
SIDER,fedavg_proto,0.5,0,28,200,16,16,0.1,val,client_2,24,104,39,143,True,0.5591715976331361
SIDER,fedavg_proto,0.5,0,28,200,16,16,0.1,val,client_2,25,134,9,143,True,0.5688225538971807
SIDER,fedavg_proto,0.5,0,28,200,16,16,0.1,val,client_2,26,95,48,143,True,0.5743421052631579
SIDER,fedavg_proto,0.5,0,28,200,16,16,0.1,val,client_3,0,76,67,143,True,0.6370777690494894
SIDER,fedavg_proto,0.5,0,28,200,16,16,0.1,val,client_3,1,99,44,143,True,0.6558769513314968
SIDER,fedavg_proto,0.5,0,28,200,16,16,0.1,val,client_3,2,2,141,143,True,0.822695035460993
SIDER,fedavg_proto,0.5,0,28,200,16,16,0.1,val,client_3,3,85,58,143,True,0.5478701825557809
SIDER,fedavg_proto,0.5,0,28,200,16,16,0.1,val,client_3,4,117,26,143,True,0.725180802103879
SIDER,fedavg_proto,0.5,0,28,200,16,16,0.1,val,client_3,5,99,44,143,True,0.6395775941230487
SIDER,fedavg_proto,0.5,0,28,200,16,16,0.1,val,client_3,6,131,12,143,True,0.7760814249363868
SIDER,fedavg_proto,0.5,0,28,200,16,16,0.1,val,client_3,7,20,123,143,True,0.5577235772357724
SIDER,fedavg_proto,0.5,0,28,200,16,16,0.1,val,client_3,8,97,46,143,True,0.6174361272971761
SIDER,fedavg_proto,0.5,0,28,200,16,16,0.1,val,client_3,9,71,72,143,True,0.5905712050078247
SIDER,fedavg_proto,0.5,0,28,200,16,16,0.1,val,client_3,10,35,108,143,True,0.6375661375661376
SIDER,fedavg_proto,0.5,0,28,200,16,16,0.1,val,client_3,11,130,13,143,True,0.6289940828402367
SIDER,fedavg_proto,0.5,0,28,200,16,16,0.1,val,client_3,12,37,106,143,True,0.6937786843447221
SIDER,fedavg_proto,0.5,0,28,200,16,16,0.1,val,client_3,13,20,123,143,True,0.5873983739837398
SIDER,fedavg_proto,0.5,0,28,200,16,16,0.1,val,client_3,14,107,36,143,True,0.5965732087227414
SIDER,fedavg_proto,0.5,0,28,200,16,16,0.1,val,client_3,15,94,49,143,True,0.6754233608336953
SIDER,fedavg_proto,0.5,0,28,200,16,16,0.1,val,client_3,16,129,14,143,True,0.6373200442967883
SIDER,fedavg_proto,0.5,0,28,200,16,16,0.1,val,client_3,17,20,123,143,True,0.5577235772357724
SIDER,fedavg_proto,0.5,0,28,200,16,16,0.1,val,client_3,18,104,39,143,True,0.63732741617357
SIDER,fedavg_proto,0.5,0,28,200,16,16,0.1,val,client_3,19,103,40,143,True,0.6177184466019418
SIDER,fedavg_proto,0.5,0,28,200,16,16,0.1,val,client_3,20,102,41,143,True,0.5344332855093257
SIDER,fedavg_proto,0.5,0,28,200,16,16,0.1,val,client_3,21,98,45,143,True,0.5945578231292517
SIDER,fedavg_proto,0.5,0,28,200,16,16,0.1,val,client_3,22,10,133,143,True,0.6330827067669174
SIDER,fedavg_proto,0.5,0,28,200,16,16,0.1,val,client_3,23,64,79,143,True,0.5652689873417722
SIDER,fedavg_proto,0.5,0,28,200,16,16,0.1,val,client_3,24,104,39,143,True,0.5636094674556213
SIDER,fedavg_proto,0.5,0,28,200,16,16,0.1,val,client_3,25,134,9,143,True,0.6766169154228856
SIDER,fedavg_proto,0.5,0,28,200,16,16,0.1,val,client_3,26,95,48,143,True,0.6026315789473684
SIDER,fedavg_proto,0.5,0,28,200,16,16,0.1,test,server,0,72,71,143,True,0.6615805946791863
SIDER,fedavg_proto,0.5,0,28,200,16,16,0.1,test,server,1,105,38,143,True,0.6631578947368421
SIDER,fedavg_proto,0.5,0,28,200,16,16,0.1,test,server,2,5,138,143,True,0.5507246376811594
SIDER,fedavg_proto,0.5,0,28,200,16,16,0.1,test,server,3,90,53,143,True,0.5075471698113208
SIDER,fedavg_proto,0.5,0,28,200,16,16,0.1,test,server,4,118,25,143,True,0.6003389830508474
SIDER,fedavg_proto,0.5,0,28,200,16,16,0.1,test,server,5,104,39,143,True,0.590483234714004
SIDER,fedavg_proto,0.5,0,28,200,16,16,0.1,test,server,6,134,9,143,True,0.6218905472636816
SIDER,fedavg_proto,0.5,0,28,200,16,16,0.1,test,server,7,24,119,143,True,0.6092436974789917
SIDER,fedavg_proto,0.5,0,28,200,16,16,0.1,test,server,8,91,52,143,True,0.5545224006762468
SIDER,fedavg_proto,0.5,0,28,200,16,16,0.1,test,server,9,74,69,143,True,0.6482569526047787
SIDER,fedavg_proto,0.5,0,28,200,16,16,0.1,test,server,10,39,104,143,True,0.6311637080867851
SIDER,fedavg_proto,0.5,0,28,200,16,16,0.1,test,server,11,130,13,143,True,0.5349112426035503
SIDER,fedavg_proto,0.5,0,28,200,16,16,0.1,test,server,12,33,110,143,True,0.634159779614325
SIDER,fedavg_proto,0.5,0,28,200,16,16,0.1,test,server,13,20,123,143,True,0.6317073170731706
SIDER,fedavg_proto,0.5,0,28,200,16,16,0.1,test,server,14,113,30,143,True,0.5469026548672566
SIDER,fedavg_proto,0.5,0,28,200,16,16,0.1,test,server,15,83,60,143,True,0.6407630522088352
SIDER,fedavg_proto,0.5,0,28,200,16,16,0.1,test,server,16,131,12,143,True,0.6863867684478371
SIDER,fedavg_proto,0.5,0,28,200,16,16,0.1,test,server,17,30,113,143,True,0.6283185840707964
SIDER,fedavg_proto,0.5,0,28,200,16,16,0.1,test,server,18,109,34,143,True,0.5326497571505666
SIDER,fedavg_proto,0.5,0,28,200,16,16,0.1,test,server,19,104,39,143,True,0.4881656804733728
SIDER,fedavg_proto,0.5,0,28,200,16,16,0.1,test,server,20,102,41,143,True,0.49760879961740795
SIDER,fedavg_proto,0.5,0,28,200,16,16,0.1,test,server,21,98,45,143,True,0.5997732426303855
SIDER,fedavg_proto,0.5,0,28,200,16,16,0.1,test,server,22,14,129,143,True,0.6362126245847175
SIDER,fedavg_proto,0.5,0,28,200,16,16,0.1,test,server,23,60,83,143,True,0.48493975903614456
SIDER,fedavg_proto,0.5,0,28,200,16,16,0.1,test,server,24,98,45,143,True,0.47324263038548753
SIDER,fedavg_proto,0.5,0,28,200,16,16,0.1,test,server,25,132,11,143,True,0.6955922865013774
SIDER,fedavg_proto,0.5,0,28,200,16,16,0.1,test,server,26,101,42,143,True,0.6166902404526167
SIDER,fedavg_proto,0.5,0,28,200,16,16,0.1,test,client_0,0,72,71,143,True,0.6688184663536776
SIDER,fedavg_proto,0.5,0,28,200,16,16,0.1,test,client_0,1,105,38,143,True,0.6005012531328322
SIDER,fedavg_proto,0.5,0,28,200,16,16,0.1,test,client_0,2,5,138,143,True,0.8014492753623188
SIDER,fedavg_proto,0.5,0,28,200,16,16,0.1,test,client_0,3,90,53,143,True,0.5232704402515723
SIDER,fedavg_proto,0.5,0,28,200,16,16,0.1,test,client_0,4,118,25,143,True,0.6671186440677965
SIDER,fedavg_proto,0.5,0,28,200,16,16,0.1,test,client_0,5,104,39,143,True,0.5944280078895464
SIDER,fedavg_proto,0.5,0,28,200,16,16,0.1,test,client_0,6,134,9,143,True,0.5630182421227198
SIDER,fedavg_proto,0.5,0,28,200,16,16,0.1,test,client_0,7,24,119,143,True,0.5525210084033613
SIDER,fedavg_proto,0.5,0,28,200,16,16,0.1,test,client_0,8,91,52,143,True,0.5204987320371935
SIDER,fedavg_proto,0.5,0,28,200,16,16,0.1,test,client_0,9,74,69,143,True,0.6032119075597336
SIDER,fedavg_proto,0.5,0,28,200,16,16,0.1,test,client_0,10,39,104,143,True,0.6190828402366864
SIDER,fedavg_proto,0.5,0,28,200,16,16,0.1,test,client_0,11,130,13,143,True,0.6846153846153846
SIDER,fedavg_proto,0.5,0,28,200,16,16,0.1,test,client_0,12,33,110,143,True,0.5831955922865014
SIDER,fedavg_proto,0.5,0,28,200,16,16,0.1,test,client_0,13,20,123,143,True,0.5739837398373984
SIDER,fedavg_proto,0.5,0,28,200,16,16,0.1,test,client_0,14,113,30,143,True,0.5377581120943953
SIDER,fedavg_proto,0.5,0,28,200,16,16,0.1,test,client_0,15,83,60,143,True,0.652008032128514
SIDER,fedavg_proto,0.5,0,28,200,16,16,0.1,test,client_0,16,131,12,143,True,0.7385496183206108
SIDER,fedavg_proto,0.5,0,28,200,16,16,0.1,test,client_0,17,30,113,143,True,0.5666666666666667
SIDER,fedavg_proto,0.5,0,28,200,16,16,0.1,test,client_0,18,109,34,143,True,0.48084187803561795
SIDER,fedavg_proto,0.5,0,28,200,16,16,0.1,test,client_0,19,104,39,143,True,0.493836291913215
SIDER,fedavg_proto,0.5,0,28,200,16,16,0.1,test,client_0,20,102,41,143,True,0.5074127211860354
SIDER,fedavg_proto,0.5,0,28,200,16,16,0.1,test,client_0,21,98,45,143,True,0.5934240362811791
SIDER,fedavg_proto,0.5,0,28,200,16,16,0.1,test,client_0,22,14,129,143,True,0.5991140642303432
SIDER,fedavg_proto,0.5,0,28,200,16,16,0.1,test,client_0,23,60,83,143,True,0.5761044176706827
SIDER,fedavg_proto,0.5,0,28,200,16,16,0.1,test,client_0,24,98,45,143,True,0.4727891156462585
SIDER,fedavg_proto,0.5,0,28,200,16,16,0.1,test,client_0,25,132,11,143,True,0.6590909090909092
SIDER,fedavg_proto,0.5,0,28,200,16,16,0.1,test,client_0,26,101,42,143,True,0.6272984441301273
SIDER,fedavg_proto,0.5,0,28,200,16,16,0.1,test,client_1,0,72,71,143,True,0.6392801251956182
SIDER,fedavg_proto,0.5,0,28,200,16,16,0.1,test,client_1,1,105,38,143,True,0.6323308270676692
SIDER,fedavg_proto,0.5,0,28,200,16,16,0.1,test,client_1,2,5,138,143,True,0.5695652173913044
SIDER,fedavg_proto,0.5,0,28,200,16,16,0.1,test,client_1,3,90,53,143,True,0.539832285115304
SIDER,fedavg_proto,0.5,0,28,200,16,16,0.1,test,client_1,4,118,25,143,True,0.5030508474576272
SIDER,fedavg_proto,0.5,0,28,200,16,16,0.1,test,client_1,5,104,39,143,True,0.5581854043392505
SIDER,fedavg_proto,0.5,0,28,200,16,16,0.1,test,client_1,6,134,9,143,True,0.592039800995025
SIDER,fedavg_proto,0.5,0,28,200,16,16,0.1,test,client_1,7,24,119,143,True,0.7111344537815126
SIDER,fedavg_proto,0.5,0,28,200,16,16,0.1,test,client_1,8,91,52,143,True,0.6155959425190193
SIDER,fedavg_proto,0.5,0,28,200,16,16,0.1,test,client_1,9,74,69,143,True,0.6872307089698395
SIDER,fedavg_proto,0.5,0,28,200,16,16,0.1,test,client_1,10,39,104,143,True,0.6156311637080868
SIDER,fedavg_proto,0.5,0,28,200,16,16,0.1,test,client_1,11,130,13,143,True,0.4662721893491124
SIDER,fedavg_proto,0.5,0,28,200,16,16,0.1,test,client_1,12,33,110,143,True,0.6867768595041324
SIDER,fedavg_proto,0.5,0,28,200,16,16,0.1,test,client_1,13,20,123,143,True,0.6865853658536586
SIDER,fedavg_proto,0.5,0,28,200,16,16,0.1,test,client_1,14,113,30,143,True,0.5274336283185841
SIDER,fedavg_proto,0.5,0,28,200,16,16,0.1,test,client_1,15,83,60,143,True,0.5690763052208835
SIDER,fedavg_proto,0.5,0,28,200,16,16,0.1,test,client_1,16,131,12,143,True,0.5159033078880407
SIDER,fedavg_proto,0.5,0,28,200,16,16,0.1,test,client_1,17,30,113,143,True,0.6463126843657817
SIDER,fedavg_proto,0.5,0,28,200,16,16,0.1,test,client_1,18,109,34,143,True,0.5793308148947651
SIDER,fedavg_proto,0.5,0,28,200,16,16,0.1,test,client_1,19,104,39,143,True,0.5322978303747534
SIDER,fedavg_proto,0.5,0,28,200,16,16,0.1,test,client_1,20,102,41,143,True,0.552367288378766
SIDER,fedavg_proto,0.5,0,28,200,16,16,0.1,test,client_1,21,98,45,143,True,0.5446712018140589
SIDER,fedavg_proto,0.5,0,28,200,16,16,0.1,test,client_1,22,14,129,143,True,0.7541528239202657
SIDER,fedavg_proto,0.5,0,28,200,16,16,0.1,test,client_1,23,60,83,143,True,0.5234939759036145
SIDER,fedavg_proto,0.5,0,28,200,16,16,0.1,test,client_1,24,98,45,143,True,0.5122448979591837
SIDER,fedavg_proto,0.5,0,28,200,16,16,0.1,test,client_1,25,132,11,143,True,0.6721763085399449
SIDER,fedavg_proto,0.5,0,28,200,16,16,0.1,test,client_1,26,101,42,143,True,0.6155115511551155
SIDER,fedavg_proto,0.5,0,28,200,16,16,0.1,test,client_2,0,72,71,143,True,0.5373630672926448
SIDER,fedavg_proto,0.5,0,28,200,16,16,0.1,test,client_2,1,105,38,143,True,0.5117794486215539
SIDER,fedavg_proto,0.5,0,28,200,16,16,0.1,test,client_2,2,5,138,143,True,0.6260869565217392
SIDER,fedavg_proto,0.5,0,28,200,16,16,0.1,test,client_2,3,90,53,143,True,0.47295597484276725
SIDER,fedavg_proto,0.5,0,28,200,16,16,0.1,test,client_2,4,118,25,143,True,0.4864406779661017
SIDER,fedavg_proto,0.5,0,28,200,16,16,0.1,test,client_2,5,104,39,143,True,0.5601577909270217
SIDER,fedavg_proto,0.5,0,28,200,16,16,0.1,test,client_2,6,134,9,143,True,0.6368159203980099
SIDER,fedavg_proto,0.5,0,28,200,16,16,0.1,test,client_2,7,24,119,143,True,0.5630252100840336
SIDER,fedavg_proto,0.5,0,28,200,16,16,0.1,test,client_2,8,91,52,143,True,0.5202874049027895
SIDER,fedavg_proto,0.5,0,28,200,16,16,0.1,test,client_2,9,74,69,143,True,0.572072072072072
SIDER,fedavg_proto,0.5,0,28,200,16,16,0.1,test,client_2,10,39,104,143,True,0.6079881656804734
SIDER,fedavg_proto,0.5,0,28,200,16,16,0.1,test,client_2,11,130,13,143,True,0.3650887573964497
SIDER,fedavg_proto,0.5,0,28,200,16,16,0.1,test,client_2,12,33,110,143,True,0.6347107438016529
SIDER,fedavg_proto,0.5,0,28,200,16,16,0.1,test,client_2,13,20,123,143,True,0.5699186991869919
SIDER,fedavg_proto,0.5,0,28,200,16,16,0.1,test,client_2,14,113,30,143,True,0.45545722713864306
SIDER,fedavg_proto,0.5,0,28,200,16,16,0.1,test,client_2,15,83,60,143,True,0.6020080321285141
SIDER,fedavg_proto,0.5,0,28,200,16,16,0.1,test,client_2,16,131,12,143,True,0.5769720101781171
SIDER,fedavg_proto,0.5,0,28,200,16,16,0.1,test,client_2,17,30,113,143,True,0.5982300884955752
SIDER,fedavg_proto,0.5,0,28,200,16,16,0.1,test,client_2,18,109,34,143,True,0.49703184025903946
SIDER,fedavg_proto,0.5,0,28,200,16,16,0.1,test,client_2,19,104,39,143,True,0.4807692307692308
SIDER,fedavg_proto,0.5,0,28,200,16,16,0.1,test,client_2,20,102,41,143,True,0.47202295552367285
SIDER,fedavg_proto,0.5,0,28,200,16,16,0.1,test,client_2,21,98,45,143,True,0.5866213151927437
SIDER,fedavg_proto,0.5,0,28,200,16,16,0.1,test,client_2,22,14,129,143,True,0.6168327796234773
SIDER,fedavg_proto,0.5,0,28,200,16,16,0.1,test,client_2,23,60,83,143,True,0.4668674698795181
SIDER,fedavg_proto,0.5,0,28,200,16,16,0.1,test,client_2,24,98,45,143,True,0.4464852607709751
SIDER,fedavg_proto,0.5,0,28,200,16,16,0.1,test,client_2,25,132,11,143,True,0.6322314049586777
SIDER,fedavg_proto,0.5,0,28,200,16,16,0.1,test,client_2,26,101,42,143,True,0.5462046204620462
SIDER,fedavg_proto,0.5,0,28,200,16,16,0.1,test,client_3,0,72,71,143,True,0.610133020344288
SIDER,fedavg_proto,0.5,0,28,200,16,16,0.1,test,client_3,1,105,38,143,True,0.6516290726817043
SIDER,fedavg_proto,0.5,0,28,200,16,16,0.1,test,client_3,2,5,138,143,True,0.7376811594202899
SIDER,fedavg_proto,0.5,0,28,200,16,16,0.1,test,client_3,3,90,53,143,True,0.5083857442348008
SIDER,fedavg_proto,0.5,0,28,200,16,16,0.1,test,client_3,4,118,25,143,True,0.6664406779661016
SIDER,fedavg_proto,0.5,0,28,200,16,16,0.1,test,client_3,5,104,39,143,True,0.5747041420118343
SIDER,fedavg_proto,0.5,0,28,200,16,16,0.1,test,client_3,6,134,9,143,True,0.6849087893864013
SIDER,fedavg_proto,0.5,0,28,200,16,16,0.1,test,client_3,7,24,119,143,True,0.5483193277310925
SIDER,fedavg_proto,0.5,0,28,200,16,16,0.1,test,client_3,8,91,52,143,True,0.5405748098055789
SIDER,fedavg_proto,0.5,0,28,200,16,16,0.1,test,client_3,9,74,69,143,True,0.6594202898550725
SIDER,fedavg_proto,0.5,0,28,200,16,16,0.1,test,client_3,10,39,104,143,True,0.6094674556213019
SIDER,fedavg_proto,0.5,0,28,200,16,16,0.1,test,client_3,11,130,13,143,True,0.6514792899408284
SIDER,fedavg_proto,0.5,0,28,200,16,16,0.1,test,client_3,12,33,110,143,True,0.5727272727272728
SIDER,fedavg_proto,0.5,0,28,200,16,16,0.1,test,client_3,13,20,123,143,True,0.551219512195122
SIDER,fedavg_proto,0.5,0,28,200,16,16,0.1,test,client_3,14,113,30,143,True,0.6294985250737464
SIDER,fedavg_proto,0.5,0,28,200,16,16,0.1,test,client_3,15,83,60,143,True,0.6604417670682731
SIDER,fedavg_proto,0.5,0,28,200,16,16,0.1,test,client_3,16,131,12,143,True,0.7639949109414759
SIDER,fedavg_proto,0.5,0,28,200,16,16,0.1,test,client_3,17,30,113,143,True,0.5569321533923304
SIDER,fedavg_proto,0.5,0,28,200,16,16,0.1,test,client_3,18,109,34,143,True,0.5585536967080411
SIDER,fedavg_proto,0.5,0,28,200,16,16,0.1,test,client_3,19,104,39,143,True,0.5221893491124261
SIDER,fedavg_proto,0.5,0,28,200,16,16,0.1,test,client_3,20,102,41,143,True,0.5459110473457676
SIDER,fedavg_proto,0.5,0,28,200,16,16,0.1,test,client_3,21,98,45,143,True,0.6383219954648526
SIDER,fedavg_proto,0.5,0,28,200,16,16,0.1,test,client_3,22,14,129,143,True,0.5681063122923589
SIDER,fedavg_proto,0.5,0,28,200,16,16,0.1,test,client_3,23,60,83,143,True,0.5104417670682732
SIDER,fedavg_proto,0.5,0,28,200,16,16,0.1,test,client_3,24,98,45,143,True,0.5045351473922903
SIDER,fedavg_proto,0.5,0,28,200,16,16,0.1,test,client_3,25,132,11,143,True,0.6342975206611571
SIDER,fedavg_proto,0.5,0,28,200,16,16,0.1,test,client_3,26,101,42,143,True,0.5775577557755776
SIDER,fedavg_proto,0.5,0,29,200,16,16,0.1,val,server,0,76,67,143,True,0.6294186959937156
SIDER,fedavg_proto,0.5,0,29,200,16,16,0.1,val,server,1,99,44,143,True,0.6558769513314968
SIDER,fedavg_proto,0.5,0,29,200,16,16,0.1,val,server,2,2,141,143,True,0.6063829787234043
SIDER,fedavg_proto,0.5,0,29,200,16,16,0.1,val,server,3,85,58,143,True,0.6557809330628803
SIDER,fedavg_proto,0.5,0,29,200,16,16,0.1,val,server,4,117,26,143,True,0.6814595660749507
SIDER,fedavg_proto,0.5,0,29,200,16,16,0.1,val,server,5,99,44,143,True,0.6290174471992654
SIDER,fedavg_proto,0.5,0,29,200,16,16,0.1,val,server,6,131,12,143,True,0.7379134860050891
SIDER,fedavg_proto,0.5,0,29,200,16,16,0.1,val,server,7,20,123,143,True,0.6199186991869918
SIDER,fedavg_proto,0.5,0,29,200,16,16,0.1,val,server,8,97,46,143,True,0.6223666517256836
SIDER,fedavg_proto,0.5,0,29,200,16,16,0.1,val,server,9,71,72,143,True,0.6075899843505478
SIDER,fedavg_proto,0.5,0,29,200,16,16,0.1,val,server,10,35,108,143,True,0.6052910052910053
SIDER,fedavg_proto,0.5,0,29,200,16,16,0.1,val,server,11,130,13,143,True,0.6857988165680473
SIDER,fedavg_proto,0.5,0,29,200,16,16,0.1,val,server,12,37,106,143,True,0.6639469658337583
SIDER,fedavg_proto,0.5,0,29,200,16,16,0.1,val,server,13,20,123,143,True,0.582520325203252
SIDER,fedavg_proto,0.5,0,29,200,16,16,0.1,val,server,14,107,36,143,True,0.5532191069574246
SIDER,fedavg_proto,0.5,0,29,200,16,16,0.1,val,server,15,94,49,143,True,0.6730351715154146
SIDER,fedavg_proto,0.5,0,29,200,16,16,0.1,val,server,16,129,14,143,True,0.632890365448505
SIDER,fedavg_proto,0.5,0,29,200,16,16,0.1,val,server,17,20,123,143,True,0.4930894308943089
SIDER,fedavg_proto,0.5,0,29,200,16,16,0.1,val,server,18,104,39,143,True,0.564595660749507
SIDER,fedavg_proto,0.5,0,29,200,16,16,0.1,val,server,19,103,40,143,True,0.6475728155339806
SIDER,fedavg_proto,0.5,0,29,200,16,16,0.1,val,server,20,102,41,143,True,0.5578670492587279
SIDER,fedavg_proto,0.5,0,29,200,16,16,0.1,val,server,21,98,45,143,True,0.6219954648526077
SIDER,fedavg_proto,0.5,0,29,200,16,16,0.1,val,server,22,10,133,143,True,0.7353383458646616
SIDER,fedavg_proto,0.5,0,29,200,16,16,0.1,val,server,23,64,79,143,True,0.5830696202531646
SIDER,fedavg_proto,0.5,0,29,200,16,16,0.1,val,server,24,104,39,143,True,0.5872781065088757
SIDER,fedavg_proto,0.5,0,29,200,16,16,0.1,val,server,25,134,9,143,True,0.7122719734660032
SIDER,fedavg_proto,0.5,0,29,200,16,16,0.1,val,server,26,95,48,143,True,0.606140350877193
SIDER,fedavg_proto,0.5,0,29,200,16,16,0.1,val,client_0,0,76,67,143,True,0.6535742340926944
SIDER,fedavg_proto,0.5,0,29,200,16,16,0.1,val,client_0,1,99,44,143,True,0.6324609733700642
SIDER,fedavg_proto,0.5,0,29,200,16,16,0.1,val,client_0,2,2,141,143,True,0.7127659574468085
SIDER,fedavg_proto,0.5,0,29,200,16,16,0.1,val,client_0,3,85,58,143,True,0.5969574036511155
SIDER,fedavg_proto,0.5,0,29,200,16,16,0.1,val,client_0,4,117,26,143,True,0.6673241288625903
SIDER,fedavg_proto,0.5,0,29,200,16,16,0.1,val,client_0,5,99,44,143,True,0.6788337924701561
SIDER,fedavg_proto,0.5,0,29,200,16,16,0.1,val,client_0,6,131,12,143,True,0.683206106870229
SIDER,fedavg_proto,0.5,0,29,200,16,16,0.1,val,client_0,7,20,123,143,True,0.6382113821138212
SIDER,fedavg_proto,0.5,0,29,200,16,16,0.1,val,client_0,8,97,46,143,True,0.5878529807261319
SIDER,fedavg_proto,0.5,0,29,200,16,16,0.1,val,client_0,9,71,72,143,True,0.5342331768388107
SIDER,fedavg_proto,0.5,0,29,200,16,16,0.1,val,client_0,10,35,108,143,True,0.6378306878306879
SIDER,fedavg_proto,0.5,0,29,200,16,16,0.1,val,client_0,11,130,13,143,True,0.691715976331361
SIDER,fedavg_proto,0.5,0,29,200,16,16,0.1,val,client_0,12,37,106,143,True,0.6279959204487507
SIDER,fedavg_proto,0.5,0,29,200,16,16,0.1,val,client_0,13,20,123,143,True,0.6467479674796748
SIDER,fedavg_proto,0.5,0,29,200,16,16,0.1,val,client_0,14,107,36,143,True,0.5449117341640706
SIDER,fedavg_proto,0.5,0,29,200,16,16,0.1,val,client_0,15,94,49,143,True,0.6767260095527573
SIDER,fedavg_proto,0.5,0,29,200,16,16,0.1,val,client_0,16,129,14,143,True,0.6926910299003322
SIDER,fedavg_proto,0.5,0,29,200,16,16,0.1,val,client_0,17,20,123,143,True,0.5540650406504064
SIDER,fedavg_proto,0.5,0,29,200,16,16,0.1,val,client_0,18,104,39,143,True,0.5569526627218935
SIDER,fedavg_proto,0.5,0,29,200,16,16,0.1,val,client_0,19,103,40,143,True,0.6368932038834951
SIDER,fedavg_proto,0.5,0,29,200,16,16,0.1,val,client_0,20,102,41,143,True,0.636776661884266
SIDER,fedavg_proto,0.5,0,29,200,16,16,0.1,val,client_0,21,98,45,143,True,0.6632653061224489
SIDER,fedavg_proto,0.5,0,29,200,16,16,0.1,val,client_0,22,10,133,143,True,0.6661654135338346
SIDER,fedavg_proto,0.5,0,29,200,16,16,0.1,val,client_0,23,64,79,143,True,0.6040348101265822
SIDER,fedavg_proto,0.5,0,29,200,16,16,0.1,val,client_0,24,104,39,143,True,0.5724852071005917
SIDER,fedavg_proto,0.5,0,29,200,16,16,0.1,val,client_0,25,134,9,143,True,0.7106135986733002
SIDER,fedavg_proto,0.5,0,29,200,16,16,0.1,val,client_0,26,95,48,143,True,0.6265350877192983
SIDER,fedavg_proto,0.5,0,29,200,16,16,0.1,val,client_1,0,76,67,143,True,0.5803220738413197
SIDER,fedavg_proto,0.5,0,29,200,16,16,0.1,val,client_1,1,99,44,143,True,0.6225895316804407
SIDER,fedavg_proto,0.5,0,29,200,16,16,0.1,val,client_1,2,2,141,143,True,0.7588652482269502
SIDER,fedavg_proto,0.5,0,29,200,16,16,0.1,val,client_1,3,85,58,143,True,0.640973630831643
SIDER,fedavg_proto,0.5,0,29,200,16,16,0.1,val,client_1,4,117,26,143,True,0.6249178172255095
SIDER,fedavg_proto,0.5,0,29,200,16,16,0.1,val,client_1,5,99,44,143,True,0.5204315886134068
SIDER,fedavg_proto,0.5,0,29,200,16,16,0.1,val,client_1,6,131,12,143,True,0.6927480916030534
SIDER,fedavg_proto,0.5,0,29,200,16,16,0.1,val,client_1,7,20,123,143,True,0.5170731707317073
SIDER,fedavg_proto,0.5,0,29,200,16,16,0.1,val,client_1,8,97,46,143,True,0.554011653966831
SIDER,fedavg_proto,0.5,0,29,200,16,16,0.1,val,client_1,9,71,72,143,True,0.5864632237871674
SIDER,fedavg_proto,0.5,0,29,200,16,16,0.1,val,client_1,10,35,108,143,True,0.5407407407407407
SIDER,fedavg_proto,0.5,0,29,200,16,16,0.1,val,client_1,11,130,13,143,True,0.5366863905325444
SIDER,fedavg_proto,0.5,0,29,200,16,16,0.1,val,client_1,12,37,106,143,True,0.5851606323304437
SIDER,fedavg_proto,0.5,0,29,200,16,16,0.1,val,client_1,13,20,123,143,True,0.608130081300813
SIDER,fedavg_proto,0.5,0,29,200,16,16,0.1,val,client_1,14,107,36,143,True,0.57398753894081
SIDER,fedavg_proto,0.5,0,29,200,16,16,0.1,val,client_1,15,94,49,143,True,0.6413373860182371
SIDER,fedavg_proto,0.5,0,29,200,16,16,0.1,val,client_1,16,129,14,143,True,0.5897009966777409
SIDER,fedavg_proto,0.5,0,29,200,16,16,0.1,val,client_1,17,20,123,143,True,0.49959349593495933
SIDER,fedavg_proto,0.5,0,29,200,16,16,0.1,val,client_1,18,104,39,143,True,0.5014792899408285
SIDER,fedavg_proto,0.5,0,29,200,16,16,0.1,val,client_1,19,103,40,143,True,0.5992718446601942
SIDER,fedavg_proto,0.5,0,29,200,16,16,0.1,val,client_1,20,102,41,143,True,0.5619320899091345
SIDER,fedavg_proto,0.5,0,29,200,16,16,0.1,val,client_1,21,98,45,143,True,0.600907029478458
SIDER,fedavg_proto,0.5,0,29,200,16,16,0.1,val,client_1,22,10,133,143,True,0.5714285714285714
SIDER,fedavg_proto,0.5,0,29,200,16,16,0.1,val,client_1,23,64,79,143,True,0.5456882911392406
SIDER,fedavg_proto,0.5,0,29,200,16,16,0.1,val,client_1,24,104,39,143,True,0.6000986193293885
SIDER,fedavg_proto,0.5,0,29,200,16,16,0.1,val,client_1,25,134,9,143,True,0.714759535655058
SIDER,fedavg_proto,0.5,0,29,200,16,16,0.1,val,client_1,26,95,48,143,True,0.5710526315789474
SIDER,fedavg_proto,0.5,0,29,200,16,16,0.1,val,client_2,0,76,67,143,True,0.5555773762765122
SIDER,fedavg_proto,0.5,0,29,200,16,16,0.1,val,client_2,1,99,44,143,True,0.5865472910927456
SIDER,fedavg_proto,0.5,0,29,200,16,16,0.1,val,client_2,2,2,141,143,True,0.8652482269503546
SIDER,fedavg_proto,0.5,0,29,200,16,16,0.1,val,client_2,3,85,58,143,True,0.6302231237322515
SIDER,fedavg_proto,0.5,0,29,200,16,16,0.1,val,client_2,4,117,26,143,True,0.5805391190006575
SIDER,fedavg_proto,0.5,0,29,200,16,16,0.1,val,client_2,5,99,44,143,True,0.5750688705234159
SIDER,fedavg_proto,0.5,0,29,200,16,16,0.1,val,client_2,6,131,12,143,True,0.7417302798982188
SIDER,fedavg_proto,0.5,0,29,200,16,16,0.1,val,client_2,7,20,123,143,True,0.5764227642276424
SIDER,fedavg_proto,0.5,0,29,200,16,16,0.1,val,client_2,8,97,46,143,True,0.5936799641416406
SIDER,fedavg_proto,0.5,0,29,200,16,16,0.1,val,client_2,9,71,72,143,True,0.6122848200312989
SIDER,fedavg_proto,0.5,0,29,200,16,16,0.1,val,client_2,10,35,108,143,True,0.5531746031746032
SIDER,fedavg_proto,0.5,0,29,200,16,16,0.1,val,client_2,11,130,13,143,True,0.41065088757396445
SIDER,fedavg_proto,0.5,0,29,200,16,16,0.1,val,client_2,12,37,106,143,True,0.6557878633350332
SIDER,fedavg_proto,0.5,0,29,200,16,16,0.1,val,client_2,13,20,123,143,True,0.5939024390243902
SIDER,fedavg_proto,0.5,0,29,200,16,16,0.1,val,client_2,14,107,36,143,True,0.5134994807892004
SIDER,fedavg_proto,0.5,0,29,200,16,16,0.1,val,client_2,15,94,49,143,True,0.6760746851932262
SIDER,fedavg_proto,0.5,0,29,200,16,16,0.1,val,client_2,16,129,14,143,True,0.5620155038759691
SIDER,fedavg_proto,0.5,0,29,200,16,16,0.1,val,client_2,17,20,123,143,True,0.4585365853658536
SIDER,fedavg_proto,0.5,0,29,200,16,16,0.1,val,client_2,18,104,39,143,True,0.533284023668639
SIDER,fedavg_proto,0.5,0,29,200,16,16,0.1,val,client_2,19,103,40,143,True,0.550242718446602
SIDER,fedavg_proto,0.5,0,29,200,16,16,0.1,val,client_2,20,102,41,143,True,0.5059780009564803
SIDER,fedavg_proto,0.5,0,29,200,16,16,0.1,val,client_2,21,98,45,143,True,0.5988662131519273
SIDER,fedavg_proto,0.5,0,29,200,16,16,0.1,val,client_2,22,10,133,143,True,0.6353383458646615
SIDER,fedavg_proto,0.5,0,29,200,16,16,0.1,val,client_2,23,64,79,143,True,0.5973101265822784
SIDER,fedavg_proto,0.5,0,29,200,16,16,0.1,val,client_2,24,104,39,143,True,0.5547337278106509
SIDER,fedavg_proto,0.5,0,29,200,16,16,0.1,val,client_2,25,134,9,143,True,0.6517412935323383
SIDER,fedavg_proto,0.5,0,29,200,16,16,0.1,val,client_2,26,95,48,143,True,0.5989035087719299
SIDER,fedavg_proto,0.5,0,29,200,16,16,0.1,val,client_3,0,76,67,143,True,0.6317753338570306
SIDER,fedavg_proto,0.5,0,29,200,16,16,0.1,val,client_3,1,99,44,143,True,0.6430211202938475
SIDER,fedavg_proto,0.5,0,29,200,16,16,0.1,val,client_3,2,2,141,143,True,0.8049645390070922
SIDER,fedavg_proto,0.5,0,29,200,16,16,0.1,val,client_3,3,85,58,143,True,0.5726166328600405
SIDER,fedavg_proto,0.5,0,29,200,16,16,0.1,val,client_3,4,117,26,143,True,0.6834319526627218
SIDER,fedavg_proto,0.5,0,29,200,16,16,0.1,val,client_3,5,99,44,143,True,0.6522038567493111
SIDER,fedavg_proto,0.5,0,29,200,16,16,0.1,val,client_3,6,131,12,143,True,0.7366412213740459
SIDER,fedavg_proto,0.5,0,29,200,16,16,0.1,val,client_3,7,20,123,143,True,0.5865853658536586
SIDER,fedavg_proto,0.5,0,29,200,16,16,0.1,val,client_3,8,97,46,143,True,0.6192290452711788
SIDER,fedavg_proto,0.5,0,29,200,16,16,0.1,val,client_3,9,71,72,143,True,0.598982785602504
SIDER,fedavg_proto,0.5,0,29,200,16,16,0.1,val,client_3,10,35,108,143,True,0.6185185185185185
SIDER,fedavg_proto,0.5,0,29,200,16,16,0.1,val,client_3,11,130,13,143,True,0.6236686390532544
SIDER,fedavg_proto,0.5,0,29,200,16,16,0.1,val,client_3,12,37,106,143,True,0.6894441611422744
SIDER,fedavg_proto,0.5,0,29,200,16,16,0.1,val,client_3,13,20,123,143,True,0.5902439024390244
SIDER,fedavg_proto,0.5,0,29,200,16,16,0.1,val,client_3,14,107,36,143,True,0.5649013499480788
SIDER,fedavg_proto,0.5,0,29,200,16,16,0.1,val,client_3,15,94,49,143,True,0.641337386018237
SIDER,fedavg_proto,0.5,0,29,200,16,16,0.1,val,client_3,16,129,14,143,True,0.6323366555924694
SIDER,fedavg_proto,0.5,0,29,200,16,16,0.1,val,client_3,17,20,123,143,True,0.5430894308943089
SIDER,fedavg_proto,0.5,0,29,200,16,16,0.1,val,client_3,18,104,39,143,True,0.6555719921104536
SIDER,fedavg_proto,0.5,0,29,200,16,16,0.1,val,client_3,19,103,40,143,True,0.6264563106796116
SIDER,fedavg_proto,0.5,0,29,200,16,16,0.1,val,client_3,20,102,41,143,True,0.4892395982783357
SIDER,fedavg_proto,0.5,0,29,200,16,16,0.1,val,client_3,21,98,45,143,True,0.5986394557823129
SIDER,fedavg_proto,0.5,0,29,200,16,16,0.1,val,client_3,22,10,133,143,True,0.6383458646616542
SIDER,fedavg_proto,0.5,0,29,200,16,16,0.1,val,client_3,23,64,79,143,True,0.5690268987341772
SIDER,fedavg_proto,0.5,0,29,200,16,16,0.1,val,client_3,24,104,39,143,True,0.5520216962524656
SIDER,fedavg_proto,0.5,0,29,200,16,16,0.1,val,client_3,25,134,9,143,True,0.6359867330016584
SIDER,fedavg_proto,0.5,0,29,200,16,16,0.1,val,client_3,26,95,48,143,True,0.5699561403508773
SIDER,fedavg_proto,0.5,0,29,200,16,16,0.1,test,server,0,72,71,143,True,0.6598200312989045
SIDER,fedavg_proto,0.5,0,29,200,16,16,0.1,test,server,1,105,38,143,True,0.6606516290726817
SIDER,fedavg_proto,0.5,0,29,200,16,16,0.1,test,server,2,5,138,143,True,0.5594202898550725
SIDER,fedavg_proto,0.5,0,29,200,16,16,0.1,test,server,3,90,53,143,True,0.5029350104821804
SIDER,fedavg_proto,0.5,0,29,200,16,16,0.1,test,server,4,118,25,143,True,0.5983050847457627
SIDER,fedavg_proto,0.5,0,29,200,16,16,0.1,test,server,5,104,39,143,True,0.5821005917159764
SIDER,fedavg_proto,0.5,0,29,200,16,16,0.1,test,server,6,134,9,143,True,0.6160862354892206
SIDER,fedavg_proto,0.5,0,29,200,16,16,0.1,test,server,7,24,119,143,True,0.6165966386554622
SIDER,fedavg_proto,0.5,0,29,200,16,16,0.1,test,server,8,91,52,143,True,0.5576923076923077
SIDER,fedavg_proto,0.5,0,29,200,16,16,0.1,test,server,9,74,69,143,True,0.6490403446925186
SIDER,fedavg_proto,0.5,0,29,200,16,16,0.1,test,server,10,39,104,143,True,0.634861932938856
SIDER,fedavg_proto,0.5,0,29,200,16,16,0.1,test,server,11,130,13,143,True,0.5467455621301776
SIDER,fedavg_proto,0.5,0,29,200,16,16,0.1,test,server,12,33,110,143,True,0.6393939393939395
SIDER,fedavg_proto,0.5,0,29,200,16,16,0.1,test,server,13,20,123,143,True,0.633739837398374
SIDER,fedavg_proto,0.5,0,29,200,16,16,0.1,test,server,14,113,30,143,True,0.5510324483775811
SIDER,fedavg_proto,0.5,0,29,200,16,16,0.1,test,server,15,83,60,143,True,0.6393574297188755
SIDER,fedavg_proto,0.5,0,29,200,16,16,0.1,test,server,16,131,12,143,True,0.685114503816794
SIDER,fedavg_proto,0.5,0,29,200,16,16,0.1,test,server,17,30,113,143,True,0.6215339233038347
SIDER,fedavg_proto,0.5,0,29,200,16,16,0.1,test,server,18,109,34,143,True,0.5326497571505666
SIDER,fedavg_proto,0.5,0,29,200,16,16,0.1,test,server,19,104,39,143,True,0.48200197238658776
SIDER,fedavg_proto,0.5,0,29,200,16,16,0.1,test,server,20,102,41,143,True,0.49306551889048306
SIDER,fedavg_proto,0.5,0,29,200,16,16,0.1,test,server,21,98,45,143,True,0.5929705215419501
SIDER,fedavg_proto,0.5,0,29,200,16,16,0.1,test,server,22,14,129,143,True,0.6483942414174972
SIDER,fedavg_proto,0.5,0,29,200,16,16,0.1,test,server,23,60,83,143,True,0.4825301204819277
SIDER,fedavg_proto,0.5,0,29,200,16,16,0.1,test,server,24,98,45,143,True,0.4702947845804989
SIDER,fedavg_proto,0.5,0,29,200,16,16,0.1,test,server,25,132,11,143,True,0.6818181818181819
SIDER,fedavg_proto,0.5,0,29,200,16,16,0.1,test,server,26,101,42,143,True,0.6129184347006129
SIDER,fedavg_proto,0.5,0,29,200,16,16,0.1,test,client_0,0,72,71,143,True,0.6715571205007824
SIDER,fedavg_proto,0.5,0,29,200,16,16,0.1,test,client_0,1,105,38,143,True,0.5919799498746867
SIDER,fedavg_proto,0.5,0,29,200,16,16,0.1,test,client_0,2,5,138,143,True,0.7927536231884058
SIDER,fedavg_proto,0.5,0,29,200,16,16,0.1,test,client_0,3,90,53,143,True,0.5287211740041928
SIDER,fedavg_proto,0.5,0,29,200,16,16,0.1,test,client_0,4,118,25,143,True,0.6671186440677965
SIDER,fedavg_proto,0.5,0,29,200,16,16,0.1,test,client_0,5,104,39,143,True,0.6109467455621302
SIDER,fedavg_proto,0.5,0,29,200,16,16,0.1,test,client_0,6,134,9,143,True,0.5688225538971808
SIDER,fedavg_proto,0.5,0,29,200,16,16,0.1,test,client_0,7,24,119,143,True,0.5609243697478992
SIDER,fedavg_proto,0.5,0,29,200,16,16,0.1,test,client_0,8,91,52,143,True,0.5204987320371937
SIDER,fedavg_proto,0.5,0,29,200,16,16,0.1,test,client_0,9,74,69,143,True,0.6139835487661575
SIDER,fedavg_proto,0.5,0,29,200,16,16,0.1,test,client_0,10,39,104,143,True,0.6104536489151874
SIDER,fedavg_proto,0.5,0,29,200,16,16,0.1,test,client_0,11,130,13,143,True,0.6994082840236686
SIDER,fedavg_proto,0.5,0,29,200,16,16,0.1,test,client_0,12,33,110,143,True,0.565564738292011
SIDER,fedavg_proto,0.5,0,29,200,16,16,0.1,test,client_0,13,20,123,143,True,0.5686991869918698
SIDER,fedavg_proto,0.5,0,29,200,16,16,0.1,test,client_0,14,113,30,143,True,0.5519174041297935
SIDER,fedavg_proto,0.5,0,29,200,16,16,0.1,test,client_0,15,83,60,143,True,0.6596385542168675
SIDER,fedavg_proto,0.5,0,29,200,16,16,0.1,test,client_0,16,131,12,143,True,0.7321882951653944
SIDER,fedavg_proto,0.5,0,29,200,16,16,0.1,test,client_0,17,30,113,143,True,0.5678466076696165
SIDER,fedavg_proto,0.5,0,29,200,16,16,0.1,test,client_0,18,109,34,143,True,0.46384241770102536
SIDER,fedavg_proto,0.5,0,29,200,16,16,0.1,test,client_0,19,104,39,143,True,0.49309664694280075
SIDER,fedavg_proto,0.5,0,29,200,16,16,0.1,test,client_0,20,102,41,143,True,0.516260162601626
SIDER,fedavg_proto,0.5,0,29,200,16,16,0.1,test,client_0,21,98,45,143,True,0.5965986394557823
SIDER,fedavg_proto,0.5,0,29,200,16,16,0.1,test,client_0,22,14,129,143,True,0.6201550387596899
SIDER,fedavg_proto,0.5,0,29,200,16,16,0.1,test,client_0,23,60,83,143,True,0.5781124497991968
SIDER,fedavg_proto,0.5,0,29,200,16,16,0.1,test,client_0,24,98,45,143,True,0.4827664399092971
SIDER,fedavg_proto,0.5,0,29,200,16,16,0.1,test,client_0,25,132,11,143,True,0.6487603305785125
SIDER,fedavg_proto,0.5,0,29,200,16,16,0.1,test,client_0,26,101,42,143,True,0.6270627062706271
SIDER,fedavg_proto,0.5,0,29,200,16,16,0.1,test,client_1,0,72,71,143,True,0.6416275430359938
SIDER,fedavg_proto,0.5,0,29,200,16,16,0.1,test,client_1,1,105,38,143,True,0.6303258145363407
SIDER,fedavg_proto,0.5,0,29,200,16,16,0.1,test,client_1,2,5,138,143,True,0.5811594202898551
SIDER,fedavg_proto,0.5,0,29,200,16,16,0.1,test,client_1,3,90,53,143,True,0.5358490566037736
SIDER,fedavg_proto,0.5,0,29,200,16,16,0.1,test,client_1,4,118,25,143,True,0.5159322033898305
SIDER,fedavg_proto,0.5,0,29,200,16,16,0.1,test,client_1,5,104,39,143,True,0.5401873767258382
SIDER,fedavg_proto,0.5,0,29,200,16,16,0.1,test,client_1,6,134,9,143,True,0.5588723051409619
SIDER,fedavg_proto,0.5,0,29,200,16,16,0.1,test,client_1,7,24,119,143,True,0.7167366946778712
SIDER,fedavg_proto,0.5,0,29,200,16,16,0.1,test,client_1,8,91,52,143,True,0.6096787827557059
SIDER,fedavg_proto,0.5,0,29,200,16,16,0.1,test,client_1,9,74,69,143,True,0.6925186055620838
SIDER,fedavg_proto,0.5,0,29,200,16,16,0.1,test,client_1,10,39,104,143,True,0.6326429980276134
SIDER,fedavg_proto,0.5,0,29,200,16,16,0.1,test,client_1,11,130,13,143,True,0.5071005917159763
SIDER,fedavg_proto,0.5,0,29,200,16,16,0.1,test,client_1,12,33,110,143,True,0.6798898071625346
SIDER,fedavg_proto,0.5,0,29,200,16,16,0.1,test,client_1,13,20,123,143,True,0.691869918699187
SIDER,fedavg_proto,0.5,0,29,200,16,16,0.1,test,client_1,14,113,30,143,True,0.5359882005899705
SIDER,fedavg_proto,0.5,0,29,200,16,16,0.1,test,client_1,15,83,60,143,True,0.5823293172690762
SIDER,fedavg_proto,0.5,0,29,200,16,16,0.1,test,client_1,16,131,12,143,True,0.5445292620865141
SIDER,fedavg_proto,0.5,0,29,200,16,16,0.1,test,client_1,17,30,113,143,True,0.6474926253687315
SIDER,fedavg_proto,0.5,0,29,200,16,16,0.1,test,client_1,18,109,34,143,True,0.5766324878575283
SIDER,fedavg_proto,0.5,0,29,200,16,16,0.1,test,client_1,19,104,39,143,True,0.5288461538461539
SIDER,fedavg_proto,0.5,0,29,200,16,16,0.1,test,client_1,20,102,41,143,True,0.540650406504065
SIDER,fedavg_proto,0.5,0,29,200,16,16,0.1,test,client_1,21,98,45,143,True,0.5342403628117913
SIDER,fedavg_proto,0.5,0,29,200,16,16,0.1,test,client_1,22,14,129,143,True,0.7702104097452934
SIDER,fedavg_proto,0.5,0,29,200,16,16,0.1,test,client_1,23,60,83,143,True,0.5234939759036145
SIDER,fedavg_proto,0.5,0,29,200,16,16,0.1,test,client_1,24,98,45,143,True,0.5092970521541951
SIDER,fedavg_proto,0.5,0,29,200,16,16,0.1,test,client_1,25,132,11,143,True,0.6349862258953168
SIDER,fedavg_proto,0.5,0,29,200,16,16,0.1,test,client_1,26,101,42,143,True,0.6374351720886374
SIDER,fedavg_proto,0.5,0,29,200,16,16,0.1,test,client_2,0,72,71,143,True,0.5469483568075116
SIDER,fedavg_proto,0.5,0,29,200,16,16,0.1,test,client_2,1,105,38,143,True,0.531578947368421
SIDER,fedavg_proto,0.5,0,29,200,16,16,0.1,test,client_2,2,5,138,143,True,0.6231884057971014
SIDER,fedavg_proto,0.5,0,29,200,16,16,0.1,test,client_2,3,90,53,143,True,0.41991614255765203
SIDER,fedavg_proto,0.5,0,29,200,16,16,0.1,test,client_2,4,118,25,143,True,0.5091525423728813
SIDER,fedavg_proto,0.5,0,29,200,16,16,0.1,test,client_2,5,104,39,143,True,0.5465976331360947
SIDER,fedavg_proto,0.5,0,29,200,16,16,0.1,test,client_2,6,134,9,143,True,0.6185737976782753
SIDER,fedavg_proto,0.5,0,29,200,16,16,0.1,test,client_2,7,24,119,143,True,0.5609243697478992
SIDER,fedavg_proto,0.5,0,29,200,16,16,0.1,test,client_2,8,91,52,143,True,0.5502958579881657
SIDER,fedavg_proto,0.5,0,29,200,16,16,0.1,test,client_2,9,74,69,143,True,0.5855855855855856
SIDER,fedavg_proto,0.5,0,29,200,16,16,0.1,test,client_2,10,39,104,143,True,0.6259861932938855
SIDER,fedavg_proto,0.5,0,29,200,16,16,0.1,test,client_2,11,130,13,143,True,0.4041420118343195
SIDER,fedavg_proto,0.5,0,29,200,16,16,0.1,test,client_2,12,33,110,143,True,0.6085399449035813
SIDER,fedavg_proto,0.5,0,29,200,16,16,0.1,test,client_2,13,20,123,143,True,0.55
SIDER,fedavg_proto,0.5,0,29,200,16,16,0.1,test,client_2,14,113,30,143,True,0.4342182890855457
SIDER,fedavg_proto,0.5,0,29,200,16,16,0.1,test,client_2,15,83,60,143,True,0.6052208835341365
SIDER,fedavg_proto,0.5,0,29,200,16,16,0.1,test,client_2,16,131,12,143,True,0.5604325699745547
SIDER,fedavg_proto,0.5,0,29,200,16,16,0.1,test,client_2,17,30,113,143,True,0.587905604719764
SIDER,fedavg_proto,0.5,0,29,200,16,16,0.1,test,client_2,18,109,34,143,True,0.49919050188882896
SIDER,fedavg_proto,0.5,0,29,200,16,16,0.1,test,client_2,19,104,39,143,True,0.45241617357001973
SIDER,fedavg_proto,0.5,0,29,200,16,16,0.1,test,client_2,20,102,41,143,True,0.47560975609756095
SIDER,fedavg_proto,0.5,0,29,200,16,16,0.1,test,client_2,21,98,45,143,True,0.5507936507936508
SIDER,fedavg_proto,0.5,0,29,200,16,16,0.1,test,client_2,22,14,129,143,True,0.5941306755260243
SIDER,fedavg_proto,0.5,0,29,200,16,16,0.1,test,client_2,23,60,83,143,True,0.4363453815261044
SIDER,fedavg_proto,0.5,0,29,200,16,16,0.1,test,client_2,24,98,45,143,True,0.4276643990929705
SIDER,fedavg_proto,0.5,0,29,200,16,16,0.1,test,client_2,25,132,11,143,True,0.6322314049586777
SIDER,fedavg_proto,0.5,0,29,200,16,16,0.1,test,client_2,26,101,42,143,True,0.5565770862800566
SIDER,fedavg_proto,0.5,0,29,200,16,16,0.1,test,client_3,0,72,71,143,True,0.613849765258216
SIDER,fedavg_proto,0.5,0,29,200,16,16,0.1,test,client_3,1,105,38,143,True,0.6466165413533833
SIDER,fedavg_proto,0.5,0,29,200,16,16,0.1,test,client_3,2,5,138,143,True,0.6623188405797101
SIDER,fedavg_proto,0.5,0,29,200,16,16,0.1,test,client_3,3,90,53,143,True,0.5419287211740043
SIDER,fedavg_proto,0.5,0,29,200,16,16,0.1,test,client_3,4,118,25,143,True,0.6535593220338983
SIDER,fedavg_proto,0.5,0,29,200,16,16,0.1,test,client_3,5,104,39,143,True,0.5838264299802761
SIDER,fedavg_proto,0.5,0,29,200,16,16,0.1,test,client_3,6,134,9,143,True,0.6915422885572139
SIDER,fedavg_proto,0.5,0,29,200,16,16,0.1,test,client_3,7,24,119,143,True,0.5500700280112044
SIDER,fedavg_proto,0.5,0,29,200,16,16,0.1,test,client_3,8,91,52,143,True,0.547971259509721
SIDER,fedavg_proto,0.5,0,29,200,16,16,0.1,test,client_3,9,74,69,143,True,0.6666666666666667
SIDER,fedavg_proto,0.5,0,29,200,16,16,0.1,test,client_3,10,39,104,143,True,0.5867850098619329
SIDER,fedavg_proto,0.5,0,29,200,16,16,0.1,test,client_3,11,130,13,143,True,0.6402366863905327
SIDER,fedavg_proto,0.5,0,29,200,16,16,0.1,test,client_3,12,33,110,143,True,0.6005509641873279
SIDER,fedavg_proto,0.5,0,29,200,16,16,0.1,test,client_3,13,20,123,143,True,0.558130081300813
SIDER,fedavg_proto,0.5,0,29,200,16,16,0.1,test,client_3,14,113,30,143,True,0.6474926253687316
SIDER,fedavg_proto,0.5,0,29,200,16,16,0.1,test,client_3,15,83,60,143,True,0.6612449799196787
SIDER,fedavg_proto,0.5,0,29,200,16,16,0.1,test,client_3,16,131,12,143,True,0.7296437659033079
SIDER,fedavg_proto,0.5,0,29,200,16,16,0.1,test,client_3,17,30,113,143,True,0.5731563421828908
SIDER,fedavg_proto,0.5,0,29,200,16,16,0.1,test,client_3,18,109,34,143,True,0.5779816513761468
SIDER,fedavg_proto,0.5,0,29,200,16,16,0.1,test,client_3,19,104,39,143,True,0.5303254437869822
SIDER,fedavg_proto,0.5,0,29,200,16,16,0.1,test,client_3,20,102,41,143,True,0.5459110473457676
SIDER,fedavg_proto,0.5,0,29,200,16,16,0.1,test,client_3,21,98,45,143,True,0.6571428571428571
SIDER,fedavg_proto,0.5,0,29,200,16,16,0.1,test,client_3,22,14,129,143,True,0.574750830564784
SIDER,fedavg_proto,0.5,0,29,200,16,16,0.1,test,client_3,23,60,83,143,True,0.5162650602409637
SIDER,fedavg_proto,0.5,0,29,200,16,16,0.1,test,client_3,24,98,45,143,True,0.5294784580498866
SIDER,fedavg_proto,0.5,0,29,200,16,16,0.1,test,client_3,25,132,11,143,True,0.6556473829201103
SIDER,fedavg_proto,0.5,0,29,200,16,16,0.1,test,client_3,26,101,42,143,True,0.5803866100895804
SIDER,fedavg_proto,0.5,0,30,200,16,16,0.1,val,server,0,76,67,143,True,0.6168499607227023
SIDER,fedavg_proto,0.5,0,30,200,16,16,0.1,val,server,1,99,44,143,True,0.6363636363636364
SIDER,fedavg_proto,0.5,0,30,200,16,16,0.1,val,server,2,2,141,143,True,0.6382978723404256
SIDER,fedavg_proto,0.5,0,30,200,16,16,0.1,val,server,3,85,58,143,True,0.6582150101419878
SIDER,fedavg_proto,0.5,0,30,200,16,16,0.1,val,server,4,117,26,143,True,0.6597633136094675
SIDER,fedavg_proto,0.5,0,30,200,16,16,0.1,val,server,5,99,44,143,True,0.6538108356290174
SIDER,fedavg_proto,0.5,0,30,200,16,16,0.1,val,server,6,131,12,143,True,0.732824427480916
SIDER,fedavg_proto,0.5,0,30,200,16,16,0.1,val,server,7,20,123,143,True,0.633739837398374
SIDER,fedavg_proto,0.5,0,30,200,16,16,0.1,val,server,8,97,46,143,True,0.632675930076199
SIDER,fedavg_proto,0.5,0,30,200,16,16,0.1,val,server,9,71,72,143,True,0.6187402190923318
SIDER,fedavg_proto,0.5,0,30,200,16,16,0.1,val,server,10,35,108,143,True,0.5981481481481482
SIDER,fedavg_proto,0.5,0,30,200,16,16,0.1,val,server,11,130,13,143,True,0.6757396449704143
SIDER,fedavg_proto,0.5,0,30,200,16,16,0.1,val,server,12,37,106,143,True,0.6698113207547169
SIDER,fedavg_proto,0.5,0,30,200,16,16,0.1,val,server,13,20,123,143,True,0.5975609756097561
SIDER,fedavg_proto,0.5,0,30,200,16,16,0.1,val,server,14,107,36,143,True,0.520508826583593
SIDER,fedavg_proto,0.5,0,30,200,16,16,0.1,val,server,15,94,49,143,True,0.6788970907511941
SIDER,fedavg_proto,0.5,0,30,200,16,16,0.1,val,server,16,129,14,143,True,0.6583610188261352
SIDER,fedavg_proto,0.5,0,30,200,16,16,0.1,val,server,17,20,123,143,True,0.49959349593495933
SIDER,fedavg_proto,0.5,0,30,200,16,16,0.1,val,server,18,104,39,143,True,0.5574457593688362
SIDER,fedavg_proto,0.5,0,30,200,16,16,0.1,val,server,19,103,40,143,True,0.6283980582524271
SIDER,fedavg_proto,0.5,0,30,200,16,16,0.1,val,server,20,102,41,143,True,0.5471066475370636
SIDER,fedavg_proto,0.5,0,30,200,16,16,0.1,val,server,21,98,45,143,True,0.6555555555555556
SIDER,fedavg_proto,0.5,0,30,200,16,16,0.1,val,server,22,10,133,143,True,0.6804511278195489
SIDER,fedavg_proto,0.5,0,30,200,16,16,0.1,val,server,23,64,79,143,True,0.5925632911392406
SIDER,fedavg_proto,0.5,0,30,200,16,16,0.1,val,server,24,104,39,143,True,0.5983727810650887
SIDER,fedavg_proto,0.5,0,30,200,16,16,0.1,val,server,25,134,9,143,True,0.7247097844112769
SIDER,fedavg_proto,0.5,0,30,200,16,16,0.1,val,server,26,95,48,143,True,0.5984649122807018
SIDER,fedavg_proto,0.5,0,30,200,16,16,0.1,val,client_0,0,76,67,143,True,0.6472898664571878
SIDER,fedavg_proto,0.5,0,30,200,16,16,0.1,val,client_0,1,99,44,143,True,0.617998163452709
SIDER,fedavg_proto,0.5,0,30,200,16,16,0.1,val,client_0,2,2,141,143,True,0.7127659574468085
SIDER,fedavg_proto,0.5,0,30,200,16,16,0.1,val,client_0,3,85,58,143,True,0.6235294117647059
SIDER,fedavg_proto,0.5,0,30,200,16,16,0.1,val,client_0,4,117,26,143,True,0.6574621959237344
SIDER,fedavg_proto,0.5,0,30,200,16,16,0.1,val,client_0,5,99,44,143,True,0.6737832874196511
SIDER,fedavg_proto,0.5,0,30,200,16,16,0.1,val,client_0,6,131,12,143,True,0.6717557251908397
SIDER,fedavg_proto,0.5,0,30,200,16,16,0.1,val,client_0,7,20,123,143,True,0.6353658536585367
SIDER,fedavg_proto,0.5,0,30,200,16,16,0.1,val,client_0,8,97,46,143,True,0.6021963245181534
SIDER,fedavg_proto,0.5,0,30,200,16,16,0.1,val,client_0,9,71,72,143,True,0.5379499217527387
SIDER,fedavg_proto,0.5,0,30,200,16,16,0.1,val,client_0,10,35,108,143,True,0.6338624338624339
SIDER,fedavg_proto,0.5,0,30,200,16,16,0.1,val,client_0,11,130,13,143,True,0.7047337278106509
SIDER,fedavg_proto,0.5,0,30,200,16,16,0.1,val,client_0,12,37,106,143,True,0.6328403875573687
SIDER,fedavg_proto,0.5,0,30,200,16,16,0.1,val,client_0,13,20,123,143,True,0.6646341463414634
SIDER,fedavg_proto,0.5,0,30,200,16,16,0.1,val,client_0,14,107,36,143,True,0.5293354101765316
SIDER,fedavg_proto,0.5,0,30,200,16,16,0.1,val,client_0,15,94,49,143,True,0.6760746851932262
SIDER,fedavg_proto,0.5,0,30,200,16,16,0.1,val,client_0,16,129,14,143,True,0.6954595791805094
SIDER,fedavg_proto,0.5,0,30,200,16,16,0.1,val,client_0,17,20,123,143,True,0.5727642276422764
SIDER,fedavg_proto,0.5,0,30,200,16,16,0.1,val,client_0,18,104,39,143,True,0.5401873767258383
SIDER,fedavg_proto,0.5,0,30,200,16,16,0.1,val,client_0,19,103,40,143,True,0.6242718446601941
SIDER,fedavg_proto,0.5,0,30,200,16,16,0.1,val,client_0,20,102,41,143,True,0.6336681013868962
SIDER,fedavg_proto,0.5,0,30,200,16,16,0.1,val,client_0,21,98,45,143,True,0.6557823129251701
SIDER,fedavg_proto,0.5,0,30,200,16,16,0.1,val,client_0,22,10,133,143,True,0.6842105263157895
SIDER,fedavg_proto,0.5,0,30,200,16,16,0.1,val,client_0,23,64,79,143,True,0.6075949367088608
SIDER,fedavg_proto,0.5,0,30,200,16,16,0.1,val,client_0,24,104,39,143,True,0.5742110453648914
SIDER,fedavg_proto,0.5,0,30,200,16,16,0.1,val,client_0,25,134,9,143,True,0.7247097844112769
SIDER,fedavg_proto,0.5,0,30,200,16,16,0.1,val,client_0,26,95,48,143,True,0.6208333333333333
SIDER,fedavg_proto,0.5,0,30,200,16,16,0.1,val,client_1,0,76,67,143,True,0.5828750981932443
SIDER,fedavg_proto,0.5,0,30,200,16,16,0.1,val,client_1,1,99,44,143,True,0.5968778696051423
SIDER,fedavg_proto,0.5,0,30,200,16,16,0.1,val,client_1,2,2,141,143,True,0.7021276595744681
SIDER,fedavg_proto,0.5,0,30,200,16,16,0.1,val,client_1,3,85,58,143,True,0.6699797160243407
SIDER,fedavg_proto,0.5,0,30,200,16,16,0.1,val,client_1,4,117,26,143,True,0.5867850098619329
SIDER,fedavg_proto,0.5,0,30,200,16,16,0.1,val,client_1,5,99,44,143,True,0.5348943985307621
SIDER,fedavg_proto,0.5,0,30,200,16,16,0.1,val,client_1,6,131,12,143,True,0.734732824427481
SIDER,fedavg_proto,0.5,0,30,200,16,16,0.1,val,client_1,7,20,123,143,True,0.5378048780487805
SIDER,fedavg_proto,0.5,0,30,200,16,16,0.1,val,client_1,8,97,46,143,True,0.5856118332586284
SIDER,fedavg_proto,0.5,0,30,200,16,16,0.1,val,client_1,9,71,72,143,True,0.6115023474178404
SIDER,fedavg_proto,0.5,0,30,200,16,16,0.1,val,client_1,10,35,108,143,True,0.5166666666666666
SIDER,fedavg_proto,0.5,0,30,200,16,16,0.1,val,client_1,11,130,13,143,True,0.493491124260355
SIDER,fedavg_proto,0.5,0,30,200,16,16,0.1,val,client_1,12,37,106,143,True,0.5910249872514024
SIDER,fedavg_proto,0.5,0,30,200,16,16,0.1,val,client_1,13,20,123,143,True,0.6020325203252033
SIDER,fedavg_proto,0.5,0,30,200,16,16,0.1,val,client_1,14,107,36,143,True,0.5259605399792315
SIDER,fedavg_proto,0.5,0,30,200,16,16,0.1,val,client_1,15,94,49,143,True,0.684324793747286
SIDER,fedavg_proto,0.5,0,30,200,16,16,0.1,val,client_1,16,129,14,143,True,0.6223698781838317
SIDER,fedavg_proto,0.5,0,30,200,16,16,0.1,val,client_1,17,20,123,143,True,0.48658536585365847
SIDER,fedavg_proto,0.5,0,30,200,16,16,0.1,val,client_1,18,104,39,143,True,0.4561143984220908
SIDER,fedavg_proto,0.5,0,30,200,16,16,0.1,val,client_1,19,103,40,143,True,0.5805825242718448
SIDER,fedavg_proto,0.5,0,30,200,16,16,0.1,val,client_1,20,102,41,143,True,0.5636059301769488
SIDER,fedavg_proto,0.5,0,30,200,16,16,0.1,val,client_1,21,98,45,143,True,0.6505668934240363
SIDER,fedavg_proto,0.5,0,30,200,16,16,0.1,val,client_1,22,10,133,143,True,0.5669172932330827
SIDER,fedavg_proto,0.5,0,30,200,16,16,0.1,val,client_1,23,64,79,143,True,0.5595332278481012
SIDER,fedavg_proto,0.5,0,30,200,16,16,0.1,val,client_1,24,104,39,143,True,0.6163708086785009
SIDER,fedavg_proto,0.5,0,30,200,16,16,0.1,val,client_1,25,134,9,143,True,0.7504145936981759
SIDER,fedavg_proto,0.5,0,30,200,16,16,0.1,val,client_1,26,95,48,143,True,0.5416666666666667
SIDER,fedavg_proto,0.5,0,30,200,16,16,0.1,val,client_2,0,76,67,143,True,0.5233699921445405
SIDER,fedavg_proto,0.5,0,30,200,16,16,0.1,val,client_2,1,99,44,143,True,0.5849403122130394
SIDER,fedavg_proto,0.5,0,30,200,16,16,0.1,val,client_2,2,2,141,143,True,0.8617021276595745
SIDER,fedavg_proto,0.5,0,30,200,16,16,0.1,val,client_2,3,85,58,143,True,0.6135902636916836
SIDER,fedavg_proto,0.5,0,30,200,16,16,0.1,val,client_2,4,117,26,143,True,0.5565417488494412
SIDER,fedavg_proto,0.5,0,30,200,16,16,0.1,val,client_2,5,99,44,143,True,0.5867768595041323
SIDER,fedavg_proto,0.5,0,30,200,16,16,0.1,val,client_2,6,131,12,143,True,0.6991094147582697
SIDER,fedavg_proto,0.5,0,30,200,16,16,0.1,val,client_2,7,20,123,143,True,0.5853658536585367
SIDER,fedavg_proto,0.5,0,30,200,16,16,0.1,val,client_2,8,97,46,143,True,0.5903182429403855
SIDER,fedavg_proto,0.5,0,30,200,16,16,0.1,val,client_2,9,71,72,143,True,0.6097417840375587
SIDER,fedavg_proto,0.5,0,30,200,16,16,0.1,val,client_2,10,35,108,143,True,0.55
SIDER,fedavg_proto,0.5,0,30,200,16,16,0.1,val,client_2,11,130,13,143,True,0.41420118343195267
SIDER,fedavg_proto,0.5,0,30,200,16,16,0.1,val,client_2,12,37,106,143,True,0.644569097399286
SIDER,fedavg_proto,0.5,0,30,200,16,16,0.1,val,client_2,13,20,123,143,True,0.566260162601626
SIDER,fedavg_proto,0.5,0,30,200,16,16,0.1,val,client_2,14,107,36,143,True,0.5067497403946002
SIDER,fedavg_proto,0.5,0,30,200,16,16,0.1,val,client_2,15,94,49,143,True,0.6645679548415111
SIDER,fedavg_proto,0.5,0,30,200,16,16,0.1,val,client_2,16,129,14,143,True,0.5609080841638981
SIDER,fedavg_proto,0.5,0,30,200,16,16,0.1,val,client_2,17,20,123,143,True,0.4707317073170732
SIDER,fedavg_proto,0.5,0,30,200,16,16,0.1,val,client_2,18,104,39,143,True,0.49827416173570016
SIDER,fedavg_proto,0.5,0,30,200,16,16,0.1,val,client_2,19,103,40,143,True,0.5174757281553398
SIDER,fedavg_proto,0.5,0,30,200,16,16,0.1,val,client_2,20,102,41,143,True,0.4811095169775227
SIDER,fedavg_proto,0.5,0,30,200,16,16,0.1,val,client_2,21,98,45,143,True,0.618140589569161
SIDER,fedavg_proto,0.5,0,30,200,16,16,0.1,val,client_2,22,10,133,143,True,0.5488721804511278
SIDER,fedavg_proto,0.5,0,30,200,16,16,0.1,val,client_2,23,64,79,143,True,0.5599287974683544
SIDER,fedavg_proto,0.5,0,30,200,16,16,0.1,val,client_2,24,104,39,143,True,0.5562130177514792
SIDER,fedavg_proto,0.5,0,30,200,16,16,0.1,val,client_2,25,134,9,143,True,0.6243781094527363
SIDER,fedavg_proto,0.5,0,30,200,16,16,0.1,val,client_2,26,95,48,143,True,0.5440789473684211
SIDER,fedavg_proto,0.5,0,30,200,16,16,0.1,val,client_3,0,76,67,143,True,0.6402199528672428
SIDER,fedavg_proto,0.5,0,30,200,16,16,0.1,val,client_3,1,99,44,143,True,0.6581726354453628
SIDER,fedavg_proto,0.5,0,30,200,16,16,0.1,val,client_3,2,2,141,143,True,0.8262411347517731
SIDER,fedavg_proto,0.5,0,30,200,16,16,0.1,val,client_3,3,85,58,143,True,0.5503042596348885
SIDER,fedavg_proto,0.5,0,30,200,16,16,0.1,val,client_3,4,117,26,143,True,0.7186061801446416
SIDER,fedavg_proto,0.5,0,30,200,16,16,0.1,val,client_3,5,99,44,143,True,0.6671258034894398
SIDER,fedavg_proto,0.5,0,30,200,16,16,0.1,val,client_3,6,131,12,143,True,0.7589058524173029
SIDER,fedavg_proto,0.5,0,30,200,16,16,0.1,val,client_3,7,20,123,143,True,0.591869918699187
SIDER,fedavg_proto,0.5,0,30,200,16,16,0.1,val,client_3,8,97,46,143,True,0.6194531600179292
SIDER,fedavg_proto,0.5,0,30,200,16,16,0.1,val,client_3,9,71,72,143,True,0.6071987480438183
SIDER,fedavg_proto,0.5,0,30,200,16,16,0.1,val,client_3,10,35,108,143,True,0.6370370370370372
SIDER,fedavg_proto,0.5,0,30,200,16,16,0.1,val,client_3,11,130,13,143,True,0.6502958579881656
SIDER,fedavg_proto,0.5,0,30,200,16,16,0.1,val,client_3,12,37,106,143,True,0.7024477307496175
SIDER,fedavg_proto,0.5,0,30,200,16,16,0.1,val,client_3,13,20,123,143,True,0.5963414634146341
SIDER,fedavg_proto,0.5,0,30,200,16,16,0.1,val,client_3,14,107,36,143,True,0.5830737279335411
SIDER,fedavg_proto,0.5,0,30,200,16,16,0.1,val,client_3,15,94,49,143,True,0.6597915762049502
SIDER,fedavg_proto,0.5,0,30,200,16,16,0.1,val,client_3,16,129,14,143,True,0.6655592469545958
SIDER,fedavg_proto,0.5,0,30,200,16,16,0.1,val,client_3,17,20,123,143,True,0.5577235772357724
SIDER,fedavg_proto,0.5,0,30,200,16,16,0.1,val,client_3,18,104,39,143,True,0.6437376725838263
SIDER,fedavg_proto,0.5,0,30,200,16,16,0.1,val,client_3,19,103,40,143,True,0.6228155339805825
SIDER,fedavg_proto,0.5,0,30,200,16,16,0.1,val,client_3,20,102,41,143,True,0.5200860832137733
SIDER,fedavg_proto,0.5,0,30,200,16,16,0.1,val,client_3,21,98,45,143,True,0.6199546485260771
SIDER,fedavg_proto,0.5,0,30,200,16,16,0.1,val,client_3,22,10,133,143,True,0.618796992481203
SIDER,fedavg_proto,0.5,0,30,200,16,16,0.1,val,client_3,23,64,79,143,True,0.5656645569620253
SIDER,fedavg_proto,0.5,0,30,200,16,16,0.1,val,client_3,24,104,39,143,True,0.5618836291913215
SIDER,fedavg_proto,0.5,0,30,200,16,16,0.1,val,client_3,25,134,9,143,True,0.6517412935323383
SIDER,fedavg_proto,0.5,0,30,200,16,16,0.1,val,client_3,26,95,48,143,True,0.5699561403508773
SIDER,fedavg_proto,0.5,0,30,200,16,16,0.1,test,server,0,72,71,143,True,0.668622848200313
SIDER,fedavg_proto,0.5,0,30,200,16,16,0.1,test,server,1,105,38,143,True,0.6498746867167919
SIDER,fedavg_proto,0.5,0,30,200,16,16,0.1,test,server,2,5,138,143,True,0.4869565217391305
SIDER,fedavg_proto,0.5,0,30,200,16,16,0.1,test,server,3,90,53,143,True,0.5052410901467506
SIDER,fedavg_proto,0.5,0,30,200,16,16,0.1,test,server,4,118,25,143,True,0.5776271186440678
SIDER,fedavg_proto,0.5,0,30,200,16,16,0.1,test,server,5,104,39,143,True,0.5825936883629191
SIDER,fedavg_proto,0.5,0,30,200,16,16,0.1,test,server,6,134,9,143,True,0.6218905472636818
SIDER,fedavg_proto,0.5,0,30,200,16,16,0.1,test,server,7,24,119,143,True,0.5843837535014005
SIDER,fedavg_proto,0.5,0,30,200,16,16,0.1,test,server,8,91,52,143,True,0.540574809805579
SIDER,fedavg_proto,0.5,0,30,200,16,16,0.1,test,server,9,74,69,143,True,0.6067371719545632
SIDER,fedavg_proto,0.5,0,30,200,16,16,0.1,test,server,10,39,104,143,True,0.6203155818540433
SIDER,fedavg_proto,0.5,0,30,200,16,16,0.1,test,server,11,130,13,143,True,0.501775147928994
SIDER,fedavg_proto,0.5,0,30,200,16,16,0.1,test,server,12,33,110,143,True,0.6066115702479339
SIDER,fedavg_proto,0.5,0,30,200,16,16,0.1,test,server,13,20,123,143,True,0.6
SIDER,fedavg_proto,0.5,0,30,200,16,16,0.1,test,server,14,113,30,143,True,0.511504424778761
SIDER,fedavg_proto,0.5,0,30,200,16,16,0.1,test,server,15,83,60,143,True,0.6403614457831326
SIDER,fedavg_proto,0.5,0,30,200,16,16,0.1,test,server,16,131,12,143,True,0.6568066157760813
SIDER,fedavg_proto,0.5,0,30,200,16,16,0.1,test,server,17,30,113,143,True,0.6185840707964602
SIDER,fedavg_proto,0.5,0,30,200,16,16,0.1,test,server,18,109,34,143,True,0.5223961144090664
SIDER,fedavg_proto,0.5,0,30,200,16,16,0.1,test,server,19,104,39,143,True,0.49112426035502965
SIDER,fedavg_proto,0.5,0,30,200,16,16,0.1,test,server,20,102,41,143,True,0.4878048780487805
SIDER,fedavg_proto,0.5,0,30,200,16,16,0.1,test,server,21,98,45,143,True,0.6011337868480725
SIDER,fedavg_proto,0.5,0,30,200,16,16,0.1,test,server,22,14,129,143,True,0.6007751937984496
SIDER,fedavg_proto,0.5,0,30,200,16,16,0.1,test,server,23,60,83,143,True,0.4825301204819277
SIDER,fedavg_proto,0.5,0,30,200,16,16,0.1,test,server,24,98,45,143,True,0.472108843537415
SIDER,fedavg_proto,0.5,0,30,200,16,16,0.1,test,server,25,132,11,143,True,0.6804407713498623
SIDER,fedavg_proto,0.5,0,30,200,16,16,0.1,test,server,26,101,42,143,True,0.6016030174446017
SIDER,fedavg_proto,0.5,0,30,200,16,16,0.1,test,client_0,0,72,71,143,True,0.6643192488262911
SIDER,fedavg_proto,0.5,0,30,200,16,16,0.1,test,client_0,1,105,38,143,True,0.593483709273183
SIDER,fedavg_proto,0.5,0,30,200,16,16,0.1,test,client_0,2,5,138,143,True,0.7521739130434782
SIDER,fedavg_proto,0.5,0,30,200,16,16,0.1,test,client_0,3,90,53,143,True,0.550314465408805
SIDER,fedavg_proto,0.5,0,30,200,16,16,0.1,test,client_0,4,118,25,143,True,0.6610169491525424
SIDER,fedavg_proto,0.5,0,30,200,16,16,0.1,test,client_0,5,104,39,143,True,0.6158777120315582
SIDER,fedavg_proto,0.5,0,30,200,16,16,0.1,test,client_0,6,134,9,143,True,0.5746268656716418
SIDER,fedavg_proto,0.5,0,30,200,16,16,0.1,test,client_0,7,24,119,143,True,0.5815826330532213
SIDER,fedavg_proto,0.5,0,30,200,16,16,0.1,test,client_0,8,91,52,143,True,0.51458157227388
SIDER,fedavg_proto,0.5,0,30,200,16,16,0.1,test,client_0,9,74,69,143,True,0.6063454759106933
SIDER,fedavg_proto,0.5,0,30,200,16,16,0.1,test,client_0,10,39,104,143,True,0.6220414201183432
SIDER,fedavg_proto,0.5,0,30,200,16,16,0.1,test,client_0,11,130,13,143,True,0.670414201183432
SIDER,fedavg_proto,0.5,0,30,200,16,16,0.1,test,client_0,12,33,110,143,True,0.577961432506887
SIDER,fedavg_proto,0.5,0,30,200,16,16,0.1,test,client_0,13,20,123,143,True,0.5914634146341463
SIDER,fedavg_proto,0.5,0,30,200,16,16,0.1,test,client_0,14,113,30,143,True,0.5430678466076696
SIDER,fedavg_proto,0.5,0,30,200,16,16,0.1,test,client_0,15,83,60,143,True,0.6510040160642571
SIDER,fedavg_proto,0.5,0,30,200,16,16,0.1,test,client_0,16,131,12,143,True,0.720737913486005
SIDER,fedavg_proto,0.5,0,30,200,16,16,0.1,test,client_0,17,30,113,143,True,0.5882005899705015
SIDER,fedavg_proto,0.5,0,30,200,16,16,0.1,test,client_0,18,109,34,143,True,0.4603345925526173
SIDER,fedavg_proto,0.5,0,30,200,16,16,0.1,test,client_0,19,104,39,143,True,0.5086291913214991
SIDER,fedavg_proto,0.5,0,30,200,16,16,0.1,test,client_0,20,102,41,143,True,0.5248684839789574
SIDER,fedavg_proto,0.5,0,30,200,16,16,0.1,test,client_0,21,98,45,143,True,0.6072562358276644
SIDER,fedavg_proto,0.5,0,30,200,16,16,0.1,test,client_0,22,14,129,143,True,0.5996677740863787
SIDER,fedavg_proto,0.5,0,30,200,16,16,0.1,test,client_0,23,60,83,143,True,0.5813253012048193
SIDER,fedavg_proto,0.5,0,30,200,16,16,0.1,test,client_0,24,98,45,143,True,0.4845804988662131
SIDER,fedavg_proto,0.5,0,30,200,16,16,0.1,test,client_0,25,132,11,143,True,0.6597796143250689
SIDER,fedavg_proto,0.5,0,30,200,16,16,0.1,test,client_0,26,101,42,143,True,0.6265912305516266
SIDER,fedavg_proto,0.5,0,30,200,16,16,0.1,test,client_1,0,72,71,143,True,0.6690140845070421
SIDER,fedavg_proto,0.5,0,30,200,16,16,0.1,test,client_1,1,105,38,143,True,0.6483709273182957
SIDER,fedavg_proto,0.5,0,30,200,16,16,0.1,test,client_1,2,5,138,143,True,0.5217391304347826
SIDER,fedavg_proto,0.5,0,30,200,16,16,0.1,test,client_1,3,90,53,143,True,0.5461215932914046
SIDER,fedavg_proto,0.5,0,30,200,16,16,0.1,test,client_1,4,118,25,143,True,0.5162711864406779
SIDER,fedavg_proto,0.5,0,30,200,16,16,0.1,test,client_1,5,104,39,143,True,0.5673076923076924
SIDER,fedavg_proto,0.5,0,30,200,16,16,0.1,test,client_1,6,134,9,143,True,0.5903814262023217
SIDER,fedavg_proto,0.5,0,30,200,16,16,0.1,test,client_1,7,24,119,143,True,0.7118347338935574
SIDER,fedavg_proto,0.5,0,30,200,16,16,0.1,test,client_1,8,91,52,143,True,0.6081994928148774
SIDER,fedavg_proto,0.5,0,30,200,16,16,0.1,test,client_1,9,74,69,143,True,0.672346259302781
SIDER,fedavg_proto,0.5,0,30,200,16,16,0.1,test,client_1,10,39,104,143,True,0.607741617357002
SIDER,fedavg_proto,0.5,0,30,200,16,16,0.1,test,client_1,11,130,13,143,True,0.45680473372781066
SIDER,fedavg_proto,0.5,0,30,200,16,16,0.1,test,client_1,12,33,110,143,True,0.6685950413223141
SIDER,fedavg_proto,0.5,0,30,200,16,16,0.1,test,client_1,13,20,123,143,True,0.697560975609756
SIDER,fedavg_proto,0.5,0,30,200,16,16,0.1,test,client_1,14,113,30,143,True,0.5076696165191741
SIDER,fedavg_proto,0.5,0,30,200,16,16,0.1,test,client_1,15,83,60,143,True,0.5909638554216868
SIDER,fedavg_proto,0.5,0,30,200,16,16,0.1,test,client_1,16,131,12,143,True,0.5069974554707379
SIDER,fedavg_proto,0.5,0,30,200,16,16,0.1,test,client_1,17,30,113,143,True,0.651622418879056
SIDER,fedavg_proto,0.5,0,30,200,16,16,0.1,test,client_1,18,109,34,143,True,0.561252023745278
SIDER,fedavg_proto,0.5,0,30,200,16,16,0.1,test,client_1,19,104,39,143,True,0.5293392504930967
SIDER,fedavg_proto,0.5,0,30,200,16,16,0.1,test,client_1,20,102,41,143,True,0.559301769488283
SIDER,fedavg_proto,0.5,0,30,200,16,16,0.1,test,client_1,21,98,45,143,True,0.5700680272108843
SIDER,fedavg_proto,0.5,0,30,200,16,16,0.1,test,client_1,22,14,129,143,True,0.7270210409745294
SIDER,fedavg_proto,0.5,0,30,200,16,16,0.1,test,client_1,23,60,83,143,True,0.5347389558232931
SIDER,fedavg_proto,0.5,0,30,200,16,16,0.1,test,client_1,24,98,45,143,True,0.5077097505668934
SIDER,fedavg_proto,0.5,0,30,200,16,16,0.1,test,client_1,25,132,11,143,True,0.6763085399449036
SIDER,fedavg_proto,0.5,0,30,200,16,16,0.1,test,client_1,26,101,42,143,True,0.6039603960396039
SIDER,fedavg_proto,0.5,0,30,200,16,16,0.1,test,client_2,0,72,71,143,True,0.5385367762128326
SIDER,fedavg_proto,0.5,0,30,200,16,16,0.1,test,client_2,1,105,38,143,True,0.5325814536340853
SIDER,fedavg_proto,0.5,0,30,200,16,16,0.1,test,client_2,2,5,138,143,True,0.6246376811594203
SIDER,fedavg_proto,0.5,0,30,200,16,16,0.1,test,client_2,3,90,53,143,True,0.4714884696016771
SIDER,fedavg_proto,0.5,0,30,200,16,16,0.1,test,client_2,4,118,25,143,True,0.5
SIDER,fedavg_proto,0.5,0,30,200,16,16,0.1,test,client_2,5,104,39,143,True,0.5618836291913214
SIDER,fedavg_proto,0.5,0,30,200,16,16,0.1,test,client_2,6,134,9,143,True,0.5829187396351575
SIDER,fedavg_proto,0.5,0,30,200,16,16,0.1,test,client_2,7,24,119,143,True,0.5759803921568627
SIDER,fedavg_proto,0.5,0,30,200,16,16,0.1,test,client_2,8,91,52,143,True,0.5323330515638208
SIDER,fedavg_proto,0.5,0,30,200,16,16,0.1,test,client_2,9,74,69,143,True,0.5513121817469644
SIDER,fedavg_proto,0.5,0,30,200,16,16,0.1,test,client_2,10,39,104,143,True,0.6156311637080868
SIDER,fedavg_proto,0.5,0,30,200,16,16,0.1,test,client_2,11,130,13,143,True,0.33017751479289936
SIDER,fedavg_proto,0.5,0,30,200,16,16,0.1,test,client_2,12,33,110,143,True,0.6173553719008265
SIDER,fedavg_proto,0.5,0,30,200,16,16,0.1,test,client_2,13,20,123,143,True,0.532520325203252
SIDER,fedavg_proto,0.5,0,30,200,16,16,0.1,test,client_2,14,113,30,143,True,0.4663716814159292
SIDER,fedavg_proto,0.5,0,30,200,16,16,0.1,test,client_2,15,83,60,143,True,0.6116465863453816
SIDER,fedavg_proto,0.5,0,30,200,16,16,0.1,test,client_2,16,131,12,143,True,0.5865139949109415
SIDER,fedavg_proto,0.5,0,30,200,16,16,0.1,test,client_2,17,30,113,143,True,0.6162241887905605
SIDER,fedavg_proto,0.5,0,30,200,16,16,0.1,test,client_2,18,109,34,143,True,0.496492174851592
SIDER,fedavg_proto,0.5,0,30,200,16,16,0.1,test,client_2,19,104,39,143,True,0.4566074950690336
SIDER,fedavg_proto,0.5,0,30,200,16,16,0.1,test,client_2,20,102,41,143,True,0.45671927307508364
SIDER,fedavg_proto,0.5,0,30,200,16,16,0.1,test,client_2,21,98,45,143,True,0.601360544217687
SIDER,fedavg_proto,0.5,0,30,200,16,16,0.1,test,client_2,22,14,129,143,True,0.5930232558139534
SIDER,fedavg_proto,0.5,0,30,200,16,16,0.1,test,client_2,23,60,83,143,True,0.4544176706827309
SIDER,fedavg_proto,0.5,0,30,200,16,16,0.1,test,client_2,24,98,45,143,True,0.43197278911564624
SIDER,fedavg_proto,0.5,0,30,200,16,16,0.1,test,client_2,25,132,11,143,True,0.6108815426997245
SIDER,fedavg_proto,0.5,0,30,200,16,16,0.1,test,client_2,26,101,42,143,True,0.5367751060820368
SIDER,fedavg_proto,0.5,0,30,200,16,16,0.1,test,client_3,0,72,71,143,True,0.6222613458528952
SIDER,fedavg_proto,0.5,0,30,200,16,16,0.1,test,client_3,1,105,38,143,True,0.6345864661654136
SIDER,fedavg_proto,0.5,0,30,200,16,16,0.1,test,client_3,2,5,138,143,True,0.6985507246376812
SIDER,fedavg_proto,0.5,0,30,200,16,16,0.1,test,client_3,3,90,53,143,True,0.519916142557652
SIDER,fedavg_proto,0.5,0,30,200,16,16,0.1,test,client_3,4,118,25,143,True,0.6440677966101696
SIDER,fedavg_proto,0.5,0,30,200,16,16,0.1,test,client_3,5,104,39,143,True,0.5601577909270217
SIDER,fedavg_proto,0.5,0,30,200,16,16,0.1,test,client_3,6,134,9,143,True,0.6948590381426203
SIDER,fedavg_proto,0.5,0,30,200,16,16,0.1,test,client_3,7,24,119,143,True,0.4961484593837535
SIDER,fedavg_proto,0.5,0,30,200,16,16,0.1,test,client_3,8,91,52,143,True,0.5448013524936602
SIDER,fedavg_proto,0.5,0,30,200,16,16,0.1,test,client_3,9,74,69,143,True,0.6415981198589894
SIDER,fedavg_proto,0.5,0,30,200,16,16,0.1,test,client_3,10,39,104,143,True,0.5835798816568047
SIDER,fedavg_proto,0.5,0,30,200,16,16,0.1,test,client_3,11,130,13,143,True,0.6437869822485207
SIDER,fedavg_proto,0.5,0,30,200,16,16,0.1,test,client_3,12,33,110,143,True,0.5608815426997245
SIDER,fedavg_proto,0.5,0,30,200,16,16,0.1,test,client_3,13,20,123,143,True,0.5345528455284553
SIDER,fedavg_proto,0.5,0,30,200,16,16,0.1,test,client_3,14,113,30,143,True,0.6407079646017699
SIDER,fedavg_proto,0.5,0,30,200,16,16,0.1,test,client_3,15,83,60,143,True,0.6546184738955823
SIDER,fedavg_proto,0.5,0,30,200,16,16,0.1,test,client_3,16,131,12,143,True,0.7595419847328243
SIDER,fedavg_proto,0.5,0,30,200,16,16,0.1,test,client_3,17,30,113,143,True,0.5463126843657817
SIDER,fedavg_proto,0.5,0,30,200,16,16,0.1,test,client_3,18,109,34,143,True,0.5628710199676201
SIDER,fedavg_proto,0.5,0,30,200,16,16,0.1,test,client_3,19,104,39,143,True,0.5128205128205129
SIDER,fedavg_proto,0.5,0,30,200,16,16,0.1,test,client_3,20,102,41,143,True,0.5346724055475849
SIDER,fedavg_proto,0.5,0,30,200,16,16,0.1,test,client_3,21,98,45,143,True,0.6403628117913832
SIDER,fedavg_proto,0.5,0,30,200,16,16,0.1,test,client_3,22,14,129,143,True,0.5492801771871538
SIDER,fedavg_proto,0.5,0,30,200,16,16,0.1,test,client_3,23,60,83,143,True,0.5022088353413655
SIDER,fedavg_proto,0.5,0,30,200,16,16,0.1,test,client_3,24,98,45,143,True,0.508843537414966
SIDER,fedavg_proto,0.5,0,30,200,16,16,0.1,test,client_3,25,132,11,143,True,0.6460055096418733
SIDER,fedavg_proto,0.5,0,30,200,16,16,0.1,test,client_3,26,101,42,143,True,0.5763790664780764
SIDER,fedavg_proto,0.5,0,31,200,16,16,0.1,val,server,0,76,67,143,True,0.6219560094265515
SIDER,fedavg_proto,0.5,0,31,200,16,16,0.1,val,server,1,99,44,143,True,0.6437098255280074
SIDER,fedavg_proto,0.5,0,31,200,16,16,0.1,val,server,2,2,141,143,True,0.6170212765957447
SIDER,fedavg_proto,0.5,0,31,200,16,16,0.1,val,server,3,85,58,143,True,0.6602434077079107
SIDER,fedavg_proto,0.5,0,31,200,16,16,0.1,val,server,4,117,26,143,True,0.6735700197238659
SIDER,fedavg_proto,0.5,0,31,200,16,16,0.1,val,server,5,99,44,143,True,0.6342975206611571
SIDER,fedavg_proto,0.5,0,31,200,16,16,0.1,val,server,6,131,12,143,True,0.737913486005089
SIDER,fedavg_proto,0.5,0,31,200,16,16,0.1,val,server,7,20,123,143,True,0.6260162601626016
SIDER,fedavg_proto,0.5,0,31,200,16,16,0.1,val,server,8,97,46,143,True,0.6530703720304797
SIDER,fedavg_proto,0.5,0,31,200,16,16,0.1,val,server,9,71,72,143,True,0.6298904538341158
SIDER,fedavg_proto,0.5,0,31,200,16,16,0.1,val,server,10,35,108,143,True,0.5933862433862434
SIDER,fedavg_proto,0.5,0,31,200,16,16,0.1,val,server,11,130,13,143,True,0.6881656804733727
SIDER,fedavg_proto,0.5,0,31,200,16,16,0.1,val,server,12,37,106,143,True,0.6738908720040795
SIDER,fedavg_proto,0.5,0,31,200,16,16,0.1,val,server,13,20,123,143,True,0.6024390243902439
SIDER,fedavg_proto,0.5,0,31,200,16,16,0.1,val,server,14,107,36,143,True,0.5358255451713396
SIDER,fedavg_proto,0.5,0,31,200,16,16,0.1,val,server,15,94,49,143,True,0.678245766391663
SIDER,fedavg_proto,0.5,0,31,200,16,16,0.1,val,server,16,129,14,143,True,0.6578073089700998
SIDER,fedavg_proto,0.5,0,31,200,16,16,0.1,val,server,17,20,123,143,True,0.5093495934959349
SIDER,fedavg_proto,0.5,0,31,200,16,16,0.1,val,server,18,104,39,143,True,0.5599112426035503
SIDER,fedavg_proto,0.5,0,31,200,16,16,0.1,val,server,19,103,40,143,True,0.6310679611650484
SIDER,fedavg_proto,0.5,0,31,200,16,16,0.1,val,server,20,102,41,143,True,0.5523672883787661
SIDER,fedavg_proto,0.5,0,31,200,16,16,0.1,val,server,21,98,45,143,True,0.6478458049886622
SIDER,fedavg_proto,0.5,0,31,200,16,16,0.1,val,server,22,10,133,143,True,0.6992481203007519
SIDER,fedavg_proto,0.5,0,31,200,16,16,0.1,val,server,23,64,79,143,True,0.6060126582278481
SIDER,fedavg_proto,0.5,0,31,200,16,16,0.1,val,server,24,104,39,143,True,0.6015779092702169
SIDER,fedavg_proto,0.5,0,31,200,16,16,0.1,val,server,25,134,9,143,True,0.7454394693200663
SIDER,fedavg_proto,0.5,0,31,200,16,16,0.1,val,server,26,95,48,143,True,0.5971491228070175
SIDER,fedavg_proto,0.5,0,31,200,16,16,0.1,val,client_0,0,76,67,143,True,0.6553417124901807
SIDER,fedavg_proto,0.5,0,31,200,16,16,0.1,val,client_0,1,99,44,143,True,0.6310835629017447
SIDER,fedavg_proto,0.5,0,31,200,16,16,0.1,val,client_0,2,2,141,143,True,0.7446808510638299
SIDER,fedavg_proto,0.5,0,31,200,16,16,0.1,val,client_0,3,85,58,143,True,0.603448275862069
SIDER,fedavg_proto,0.5,0,31,200,16,16,0.1,val,client_0,4,117,26,143,True,0.6860618014464169
SIDER,fedavg_proto,0.5,0,31,200,16,16,0.1,val,client_0,5,99,44,143,True,0.6939853076216713
SIDER,fedavg_proto,0.5,0,31,200,16,16,0.1,val,client_0,6,131,12,143,True,0.6590330788804071
SIDER,fedavg_proto,0.5,0,31,200,16,16,0.1,val,client_0,7,20,123,143,True,0.6516260162601626
SIDER,fedavg_proto,0.5,0,31,200,16,16,0.1,val,client_0,8,97,46,143,True,0.65329448677723
SIDER,fedavg_proto,0.5,0,31,200,16,16,0.1,val,client_0,9,71,72,143,True,0.5406885758998434
SIDER,fedavg_proto,0.5,0,31,200,16,16,0.1,val,client_0,10,35,108,143,True,0.6412698412698412
SIDER,fedavg_proto,0.5,0,31,200,16,16,0.1,val,client_0,11,130,13,143,True,0.7485207100591716
SIDER,fedavg_proto,0.5,0,31,200,16,16,0.1,val,client_0,12,37,106,143,True,0.6262111167771545
SIDER,fedavg_proto,0.5,0,31,200,16,16,0.1,val,client_0,13,20,123,143,True,0.6394308943089431
SIDER,fedavg_proto,0.5,0,31,200,16,16,0.1,val,client_0,14,107,36,143,True,0.54932502596054
SIDER,fedavg_proto,0.5,0,31,200,16,16,0.1,val,client_0,15,94,49,143,True,0.696048632218845
SIDER,fedavg_proto,0.5,0,31,200,16,16,0.1,val,client_0,16,129,14,143,True,0.6982281284606865
SIDER,fedavg_proto,0.5,0,31,200,16,16,0.1,val,client_0,17,20,123,143,True,0.5626016260162601
SIDER,fedavg_proto,0.5,0,31,200,16,16,0.1,val,client_0,18,104,39,143,True,0.5419132149901381
SIDER,fedavg_proto,0.5,0,31,200,16,16,0.1,val,client_0,19,103,40,143,True,0.6242718446601943
SIDER,fedavg_proto,0.5,0,31,200,16,16,0.1,val,client_0,20,102,41,143,True,0.6518412242945959
SIDER,fedavg_proto,0.5,0,31,200,16,16,0.1,val,client_0,21,98,45,143,True,0.6578231292517007
SIDER,fedavg_proto,0.5,0,31,200,16,16,0.1,val,client_0,22,10,133,143,True,0.6601503759398496
SIDER,fedavg_proto,0.5,0,31,200,16,16,0.1,val,client_0,23,64,79,143,True,0.6157041139240507
SIDER,fedavg_proto,0.5,0,31,200,16,16,0.1,val,client_0,24,104,39,143,True,0.5766765285996056
SIDER,fedavg_proto,0.5,0,31,200,16,16,0.1,val,client_0,25,134,9,143,True,0.7545605306799337
SIDER,fedavg_proto,0.5,0,31,200,16,16,0.1,val,client_0,26,95,48,143,True,0.6517543859649123
SIDER,fedavg_proto,0.5,0,31,200,16,16,0.1,val,client_1,0,76,67,143,True,0.5875883739198743
SIDER,fedavg_proto,0.5,0,31,200,16,16,0.1,val,client_1,1,99,44,143,True,0.5955004591368228
SIDER,fedavg_proto,0.5,0,31,200,16,16,0.1,val,client_1,2,2,141,143,True,0.6631205673758865
SIDER,fedavg_proto,0.5,0,31,200,16,16,0.1,val,client_1,3,85,58,143,True,0.6614604462474645
SIDER,fedavg_proto,0.5,0,31,200,16,16,0.1,val,client_1,4,117,26,143,True,0.5838264299802762
SIDER,fedavg_proto,0.5,0,31,200,16,16,0.1,val,client_1,5,99,44,143,True,0.5316804407713498
SIDER,fedavg_proto,0.5,0,31,200,16,16,0.1,val,client_1,6,131,12,143,True,0.7410941475826972
SIDER,fedavg_proto,0.5,0,31,200,16,16,0.1,val,client_1,7,20,123,143,True,0.5223577235772359
SIDER,fedavg_proto,0.5,0,31,200,16,16,0.1,val,client_1,8,97,46,143,True,0.5889735544598835
SIDER,fedavg_proto,0.5,0,31,200,16,16,0.1,val,client_1,9,71,72,143,True,0.616001564945227
SIDER,fedavg_proto,0.5,0,31,200,16,16,0.1,val,client_1,10,35,108,143,True,0.5291005291005291
SIDER,fedavg_proto,0.5,0,31,200,16,16,0.1,val,client_1,11,130,13,143,True,0.4928994082840237
SIDER,fedavg_proto,0.5,0,31,200,16,16,0.1,val,client_1,12,37,106,143,True,0.6035186129525753
SIDER,fedavg_proto,0.5,0,31,200,16,16,0.1,val,client_1,13,20,123,143,True,0.5910569105691057
SIDER,fedavg_proto,0.5,0,31,200,16,16,0.1,val,client_1,14,107,36,143,True,0.5308930425752856
SIDER,fedavg_proto,0.5,0,31,200,16,16,0.1,val,client_1,15,94,49,143,True,0.6712983065566653
SIDER,fedavg_proto,0.5,0,31,200,16,16,0.1,val,client_1,16,129,14,143,True,0.6090808416389812
SIDER,fedavg_proto,0.5,0,31,200,16,16,0.1,val,client_1,17,20,123,143,True,0.4735772357723577
SIDER,fedavg_proto,0.5,0,31,200,16,16,0.1,val,client_1,18,104,39,143,True,0.46425049309664695
SIDER,fedavg_proto,0.5,0,31,200,16,16,0.1,val,client_1,19,103,40,143,True,0.5805825242718446
SIDER,fedavg_proto,0.5,0,31,200,16,16,0.1,val,client_1,20,102,41,143,True,0.5655188904830225
SIDER,fedavg_proto,0.5,0,31,200,16,16,0.1,val,client_1,21,98,45,143,True,0.645578231292517
SIDER,fedavg_proto,0.5,0,31,200,16,16,0.1,val,client_1,22,10,133,143,True,0.5654135338345865
SIDER,fedavg_proto,0.5,0,31,200,16,16,0.1,val,client_1,23,64,79,143,True,0.5571598101265822
SIDER,fedavg_proto,0.5,0,31,200,16,16,0.1,val,client_1,24,104,39,143,True,0.6257396449704141
SIDER,fedavg_proto,0.5,0,31,200,16,16,0.1,val,client_1,25,134,9,143,True,0.7520729684908789
SIDER,fedavg_proto,0.5,0,31,200,16,16,0.1,val,client_1,26,95,48,143,True,0.5447368421052632
SIDER,fedavg_proto,0.5,0,31,200,16,16,0.1,val,client_2,0,76,67,143,True,0.5345640219952866
SIDER,fedavg_proto,0.5,0,31,200,16,16,0.1,val,client_2,1,99,44,143,True,0.5932047750229569
SIDER,fedavg_proto,0.5,0,31,200,16,16,0.1,val,client_2,2,2,141,143,True,0.8723404255319148
SIDER,fedavg_proto,0.5,0,31,200,16,16,0.1,val,client_2,3,85,58,143,True,0.6127789046653144
SIDER,fedavg_proto,0.5,0,31,200,16,16,0.1,val,client_2,4,117,26,143,True,0.5756081525312294
SIDER,fedavg_proto,0.5,0,31,200,16,16,0.1,val,client_2,5,99,44,143,True,0.578512396694215
SIDER,fedavg_proto,0.5,0,31,200,16,16,0.1,val,client_2,6,131,12,143,True,0.7150127226463104
SIDER,fedavg_proto,0.5,0,31,200,16,16,0.1,val,client_2,7,20,123,143,True,0.6158536585365854
SIDER,fedavg_proto,0.5,0,31,200,16,16,0.1,val,client_2,8,97,46,143,True,0.6145226355894218
SIDER,fedavg_proto,0.5,0,31,200,16,16,0.1,val,client_2,9,71,72,143,True,0.5893974960876369
SIDER,fedavg_proto,0.5,0,31,200,16,16,0.1,val,client_2,10,35,108,143,True,0.5555555555555556
SIDER,fedavg_proto,0.5,0,31,200,16,16,0.1,val,client_2,11,130,13,143,True,0.4467455621301775
SIDER,fedavg_proto,0.5,0,31,200,16,16,0.1,val,client_2,12,37,106,143,True,0.6450790413054563
SIDER,fedavg_proto,0.5,0,31,200,16,16,0.1,val,client_2,13,20,123,143,True,0.5804878048780487
SIDER,fedavg_proto,0.5,0,31,200,16,16,0.1,val,client_2,14,107,36,143,True,0.5301142263759087
SIDER,fedavg_proto,0.5,0,31,200,16,16,0.1,val,client_2,15,94,49,143,True,0.6684759009986974
SIDER,fedavg_proto,0.5,0,31,200,16,16,0.1,val,client_2,16,129,14,143,True,0.5764119601328904
SIDER,fedavg_proto,0.5,0,31,200,16,16,0.1,val,client_2,17,20,123,143,True,0.4565040650406504
SIDER,fedavg_proto,0.5,0,31,200,16,16,0.1,val,client_2,18,104,39,143,True,0.5165187376725839
SIDER,fedavg_proto,0.5,0,31,200,16,16,0.1,val,client_2,19,103,40,143,True,0.5240291262135922
SIDER,fedavg_proto,0.5,0,31,200,16,16,0.1,val,client_2,20,102,41,143,True,0.4959349593495934
SIDER,fedavg_proto,0.5,0,31,200,16,16,0.1,val,client_2,21,98,45,143,True,0.6115646258503402
SIDER,fedavg_proto,0.5,0,31,200,16,16,0.1,val,client_2,22,10,133,143,True,0.6263157894736843
SIDER,fedavg_proto,0.5,0,31,200,16,16,0.1,val,client_2,23,64,79,143,True,0.5712025316455696
SIDER,fedavg_proto,0.5,0,31,200,16,16,0.1,val,client_2,24,104,39,143,True,0.5702662721893492
SIDER,fedavg_proto,0.5,0,31,200,16,16,0.1,val,client_2,25,134,9,143,True,0.6359867330016583
SIDER,fedavg_proto,0.5,0,31,200,16,16,0.1,val,client_2,26,95,48,143,True,0.544078947368421
SIDER,fedavg_proto,0.5,0,31,200,16,16,0.1,val,client_3,0,76,67,143,True,0.6413982717989002
SIDER,fedavg_proto,0.5,0,31,200,16,16,0.1,val,client_3,1,99,44,143,True,0.6375114784205693
SIDER,fedavg_proto,0.5,0,31,200,16,16,0.1,val,client_3,2,2,141,143,True,0.74822695035461
SIDER,fedavg_proto,0.5,0,31,200,16,16,0.1,val,client_3,3,85,58,143,True,0.5713995943204868
SIDER,fedavg_proto,0.5,0,31,200,16,16,0.1,val,client_3,4,117,26,143,True,0.6939513477975017
SIDER,fedavg_proto,0.5,0,31,200,16,16,0.1,val,client_3,5,99,44,143,True,0.6611570247933884
SIDER,fedavg_proto,0.5,0,31,200,16,16,0.1,val,client_3,6,131,12,143,True,0.7569974554707379
SIDER,fedavg_proto,0.5,0,31,200,16,16,0.1,val,client_3,7,20,123,143,True,0.5544715447154471
SIDER,fedavg_proto,0.5,0,31,200,16,16,0.1,val,client_3,8,97,46,143,True,0.6270730614074407
SIDER,fedavg_proto,0.5,0,31,200,16,16,0.1,val,client_3,9,71,72,143,True,0.5997652582159625
SIDER,fedavg_proto,0.5,0,31,200,16,16,0.1,val,client_3,10,35,108,143,True,0.6063492063492063
SIDER,fedavg_proto,0.5,0,31,200,16,16,0.1,val,client_3,11,130,13,143,True,0.6307692307692307
SIDER,fedavg_proto,0.5,0,31,200,16,16,0.1,val,client_3,12,37,106,143,True,0.6807751147373788
SIDER,fedavg_proto,0.5,0,31,200,16,16,0.1,val,client_3,13,20,123,143,True,0.5829268292682926
SIDER,fedavg_proto,0.5,0,31,200,16,16,0.1,val,client_3,14,107,36,143,True,0.5695742471443406
SIDER,fedavg_proto,0.5,0,31,200,16,16,0.1,val,client_3,15,94,49,143,True,0.6506730351715154
SIDER,fedavg_proto,0.5,0,31,200,16,16,0.1,val,client_3,16,129,14,143,True,0.6301218161683277
SIDER,fedavg_proto,0.5,0,31,200,16,16,0.1,val,client_3,17,20,123,143,True,0.5471544715447155
SIDER,fedavg_proto,0.5,0,31,200,16,16,0.1,val,client_3,18,104,39,143,True,0.6585305719921105
SIDER,fedavg_proto,0.5,0,31,200,16,16,0.1,val,client_3,19,103,40,143,True,0.6456310679611651
SIDER,fedavg_proto,0.5,0,31,200,16,16,0.1,val,client_3,20,102,41,143,True,0.48900047824007653
SIDER,fedavg_proto,0.5,0,31,200,16,16,0.1,val,client_3,21,98,45,143,True,0.5934240362811791
SIDER,fedavg_proto,0.5,0,31,200,16,16,0.1,val,client_3,22,10,133,143,True,0.6015037593984962
SIDER,fedavg_proto,0.5,0,31,200,16,16,0.1,val,client_3,23,64,79,143,True,0.5721914556962026
SIDER,fedavg_proto,0.5,0,31,200,16,16,0.1,val,client_3,24,104,39,143,True,0.5687869822485208
SIDER,fedavg_proto,0.5,0,31,200,16,16,0.1,val,client_3,25,134,9,143,True,0.6923714759535655
SIDER,fedavg_proto,0.5,0,31,200,16,16,0.1,val,client_3,26,95,48,143,True,0.5824561403508771
SIDER,fedavg_proto,0.5,0,31,200,16,16,0.1,test,server,0,72,71,143,True,0.6705790297339593
SIDER,fedavg_proto,0.5,0,31,200,16,16,0.1,test,server,1,105,38,143,True,0.6563909774436091
SIDER,fedavg_proto,0.5,0,31,200,16,16,0.1,test,server,2,5,138,143,True,0.4971014492753624
SIDER,fedavg_proto,0.5,0,31,200,16,16,0.1,test,server,3,90,53,143,True,0.5052410901467506
SIDER,fedavg_proto,0.5,0,31,200,16,16,0.1,test,server,4,118,25,143,True,0.5813559322033899
SIDER,fedavg_proto,0.5,0,31,200,16,16,0.1,test,server,5,104,39,143,True,0.5756903353057199
SIDER,fedavg_proto,0.5,0,31,200,16,16,0.1,test,server,6,134,9,143,True,0.6069651741293532
SIDER,fedavg_proto,0.5,0,31,200,16,16,0.1,test,server,7,24,119,143,True,0.6088935574229692
SIDER,fedavg_proto,0.5,0,31,200,16,16,0.1,test,server,8,91,52,143,True,0.5458579881656804
SIDER,fedavg_proto,0.5,0,31,200,16,16,0.1,test,server,9,74,69,143,True,0.6198589894242068
SIDER,fedavg_proto,0.5,0,31,200,16,16,0.1,test,server,10,39,104,143,True,0.6323964497041421
SIDER,fedavg_proto,0.5,0,31,200,16,16,0.1,test,server,11,130,13,143,True,0.5053254437869823
SIDER,fedavg_proto,0.5,0,31,200,16,16,0.1,test,server,12,33,110,143,True,0.627823691460055
SIDER,fedavg_proto,0.5,0,31,200,16,16,0.1,test,server,13,20,123,143,True,0.6252032520325203
SIDER,fedavg_proto,0.5,0,31,200,16,16,0.1,test,server,14,113,30,143,True,0.5094395280235988
SIDER,fedavg_proto,0.5,0,31,200,16,16,0.1,test,server,15,83,60,143,True,0.6395582329317269
SIDER,fedavg_proto,0.5,0,31,200,16,16,0.1,test,server,16,131,12,143,True,0.6615776081424937
SIDER,fedavg_proto,0.5,0,31,200,16,16,0.1,test,server,17,30,113,143,True,0.628023598820059
SIDER,fedavg_proto,0.5,0,31,200,16,16,0.1,test,server,18,109,34,143,True,0.5337290879654614
SIDER,fedavg_proto,0.5,0,31,200,16,16,0.1,test,server,19,104,39,143,True,0.492603550295858
SIDER,fedavg_proto,0.5,0,31,200,16,16,0.1,test,server,20,102,41,143,True,0.49545671927307505
SIDER,fedavg_proto,0.5,0,31,200,16,16,0.1,test,server,21,98,45,143,True,0.599092970521542
SIDER,fedavg_proto,0.5,0,31,200,16,16,0.1,test,server,22,14,129,143,True,0.6140642303433002
SIDER,fedavg_proto,0.5,0,31,200,16,16,0.1,test,server,23,60,83,143,True,0.4893574297188755
SIDER,fedavg_proto,0.5,0,31,200,16,16,0.1,test,server,24,98,45,143,True,0.4662131519274377
SIDER,fedavg_proto,0.5,0,31,200,16,16,0.1,test,server,25,132,11,143,True,0.6776859504132231
SIDER,fedavg_proto,0.5,0,31,200,16,16,0.1,test,server,26,101,42,143,True,0.6020744931636022
SIDER,fedavg_proto,0.5,0,31,200,16,16,0.1,test,client_0,0,72,71,143,True,0.6606025039123631
SIDER,fedavg_proto,0.5,0,31,200,16,16,0.1,test,client_0,1,105,38,143,True,0.6010025062656641
SIDER,fedavg_proto,0.5,0,31,200,16,16,0.1,test,client_0,2,5,138,143,True,0.7086956521739131
SIDER,fedavg_proto,0.5,0,31,200,16,16,0.1,test,client_0,3,90,53,143,True,0.5360587002096435
SIDER,fedavg_proto,0.5,0,31,200,16,16,0.1,test,client_0,4,118,25,143,True,0.6494915254237288
SIDER,fedavg_proto,0.5,0,31,200,16,16,0.1,test,client_0,5,104,39,143,True,0.6107001972386589
SIDER,fedavg_proto,0.5,0,31,200,16,16,0.1,test,client_0,6,134,9,143,True,0.6019900497512437
SIDER,fedavg_proto,0.5,0,31,200,16,16,0.1,test,client_0,7,24,119,143,True,0.5815826330532212
SIDER,fedavg_proto,0.5,0,31,200,16,16,0.1,test,client_0,8,91,52,143,True,0.5272612003381234
SIDER,fedavg_proto,0.5,0,31,200,16,16,0.1,test,client_0,9,74,69,143,True,0.609479044261653
SIDER,fedavg_proto,0.5,0,31,200,16,16,0.1,test,client_0,10,39,104,143,True,0.605276134122288
SIDER,fedavg_proto,0.5,0,31,200,16,16,0.1,test,client_0,11,130,13,143,True,0.6502958579881657
SIDER,fedavg_proto,0.5,0,31,200,16,16,0.1,test,client_0,12,33,110,143,True,0.5457300275482093
SIDER,fedavg_proto,0.5,0,31,200,16,16,0.1,test,client_0,13,20,123,143,True,0.6028455284552845
SIDER,fedavg_proto,0.5,0,31,200,16,16,0.1,test,client_0,14,113,30,143,True,0.5339233038348083
SIDER,fedavg_proto,0.5,0,31,200,16,16,0.1,test,client_0,15,83,60,143,True,0.6504016064257028
SIDER,fedavg_proto,0.5,0,31,200,16,16,0.1,test,client_0,16,131,12,143,True,0.6921119592875319
SIDER,fedavg_proto,0.5,0,31,200,16,16,0.1,test,client_0,17,30,113,143,True,0.600589970501475
SIDER,fedavg_proto,0.5,0,31,200,16,16,0.1,test,client_0,18,109,34,143,True,0.45628710199676203
SIDER,fedavg_proto,0.5,0,31,200,16,16,0.1,test,client_0,19,104,39,143,True,0.5059171597633136
SIDER,fedavg_proto,0.5,0,31,200,16,16,0.1,test,client_0,20,102,41,143,True,0.5341941654710665
SIDER,fedavg_proto,0.5,0,31,200,16,16,0.1,test,client_0,21,98,45,143,True,0.5945578231292517
SIDER,fedavg_proto,0.5,0,31,200,16,16,0.1,test,client_0,22,14,129,143,True,0.6057585825027686
SIDER,fedavg_proto,0.5,0,31,200,16,16,0.1,test,client_0,23,60,83,143,True,0.5927710843373494
SIDER,fedavg_proto,0.5,0,31,200,16,16,0.1,test,client_0,24,98,45,143,True,0.5077097505668935
SIDER,fedavg_proto,0.5,0,31,200,16,16,0.1,test,client_0,25,132,11,143,True,0.712121212121212
SIDER,fedavg_proto,0.5,0,31,200,16,16,0.1,test,client_0,26,101,42,143,True,0.5961810466760961
SIDER,fedavg_proto,0.5,0,31,200,16,16,0.1,test,client_1,0,72,71,143,True,0.6471048513302035
SIDER,fedavg_proto,0.5,0,31,200,16,16,0.1,test,client_1,1,105,38,143,True,0.624812030075188
SIDER,fedavg_proto,0.5,0,31,200,16,16,0.1,test,client_1,2,5,138,143,True,0.5956521739130435
SIDER,fedavg_proto,0.5,0,31,200,16,16,0.1,test,client_1,3,90,53,143,True,0.5350104821802935
SIDER,fedavg_proto,0.5,0,31,200,16,16,0.1,test,client_1,4,118,25,143,True,0.5054237288135593
SIDER,fedavg_proto,0.5,0,31,200,16,16,0.1,test,client_1,5,104,39,143,True,0.553007889546351
SIDER,fedavg_proto,0.5,0,31,200,16,16,0.1,test,client_1,6,134,9,143,True,0.5688225538971808
SIDER,fedavg_proto,0.5,0,31,200,16,16,0.1,test,client_1,7,24,119,143,True,0.6967787114845938
SIDER,fedavg_proto,0.5,0,31,200,16,16,0.1,test,client_1,8,91,52,143,True,0.6039729501267963
SIDER,fedavg_proto,0.5,0,31,200,16,16,0.1,test,client_1,9,74,69,143,True,0.6725421073247161
SIDER,fedavg_proto,0.5,0,31,200,16,16,0.1,test,client_1,10,39,104,143,True,0.6139053254437871
SIDER,fedavg_proto,0.5,0,31,200,16,16,0.1,test,client_1,11,130,13,143,True,0.47455621301775147
SIDER,fedavg_proto,0.5,0,31,200,16,16,0.1,test,client_1,12,33,110,143,True,0.6807162534435262
SIDER,fedavg_proto,0.5,0,31,200,16,16,0.1,test,client_1,13,20,123,143,True,0.6894308943089431
SIDER,fedavg_proto,0.5,0,31,200,16,16,0.1,test,client_1,14,113,30,143,True,0.5106194690265486
SIDER,fedavg_proto,0.5,0,31,200,16,16,0.1,test,client_1,15,83,60,143,True,0.5831325301204819
SIDER,fedavg_proto,0.5,0,31,200,16,16,0.1,test,client_1,16,131,12,143,True,0.5044529262086513
SIDER,fedavg_proto,0.5,0,31,200,16,16,0.1,test,client_1,17,30,113,143,True,0.6404129793510325
SIDER,fedavg_proto,0.5,0,31,200,16,16,0.1,test,client_1,18,109,34,143,True,0.562061521856449
SIDER,fedavg_proto,0.5,0,31,200,16,16,0.1,test,client_1,19,104,39,143,True,0.528846153846154
SIDER,fedavg_proto,0.5,0,31,200,16,16,0.1,test,client_1,20,102,41,143,True,0.5480631276901005
SIDER,fedavg_proto,0.5,0,31,200,16,16,0.1,test,client_1,21,98,45,143,True,0.5451247165532881
SIDER,fedavg_proto,0.5,0,31,200,16,16,0.1,test,client_1,22,14,129,143,True,0.7524916943521595
SIDER,fedavg_proto,0.5,0,31,200,16,16,0.1,test,client_1,23,60,83,143,True,0.5162650602409639
SIDER,fedavg_proto,0.5,0,31,200,16,16,0.1,test,client_1,24,98,45,143,True,0.5068027210884354
SIDER,fedavg_proto,0.5,0,31,200,16,16,0.1,test,client_1,25,132,11,143,True,0.6590909090909092
SIDER,fedavg_proto,0.5,0,31,200,16,16,0.1,test,client_1,26,101,42,143,True,0.6093823668081094
SIDER,fedavg_proto,0.5,0,31,200,16,16,0.1,test,client_2,0,72,71,143,True,0.5414710485133021
SIDER,fedavg_proto,0.5,0,31,200,16,16,0.1,test,client_2,1,105,38,143,True,0.5343358395989974
SIDER,fedavg_proto,0.5,0,31,200,16,16,0.1,test,client_2,2,5,138,143,True,0.6362318840579709
SIDER,fedavg_proto,0.5,0,31,200,16,16,0.1,test,client_2,3,90,53,143,True,0.45387840670859536
SIDER,fedavg_proto,0.5,0,31,200,16,16,0.1,test,client_2,4,118,25,143,True,0.5389830508474577
SIDER,fedavg_proto,0.5,0,31,200,16,16,0.1,test,client_2,5,104,39,143,True,0.5828402366863905
SIDER,fedavg_proto,0.5,0,31,200,16,16,0.1,test,client_2,6,134,9,143,True,0.6053067993366501
SIDER,fedavg_proto,0.5,0,31,200,16,16,0.1,test,client_2,7,24,119,143,True,0.5773809523809524
SIDER,fedavg_proto,0.5,0,31,200,16,16,0.1,test,client_2,8,91,52,143,True,0.529585798816568
SIDER,fedavg_proto,0.5,0,31,200,16,16,0.1,test,client_2,9,74,69,143,True,0.5656090873482178
SIDER,fedavg_proto,0.5,0,31,200,16,16,0.1,test,client_2,10,39,104,143,True,0.6240138067061145
SIDER,fedavg_proto,0.5,0,31,200,16,16,0.1,test,client_2,11,130,13,143,True,0.39112426035502956
SIDER,fedavg_proto,0.5,0,31,200,16,16,0.1,test,client_2,12,33,110,143,True,0.6195592286501378
SIDER,fedavg_proto,0.5,0,31,200,16,16,0.1,test,client_2,13,20,123,143,True,0.5540650406504064
SIDER,fedavg_proto,0.5,0,31,200,16,16,0.1,test,client_2,14,113,30,143,True,0.4846607669616519
SIDER,fedavg_proto,0.5,0,31,200,16,16,0.1,test,client_2,15,83,60,143,True,0.6230923694779116
SIDER,fedavg_proto,0.5,0,31,200,16,16,0.1,test,client_2,16,131,12,143,True,0.6297709923664123
SIDER,fedavg_proto,0.5,0,31,200,16,16,0.1,test,client_2,17,30,113,143,True,0.6141592920353982
SIDER,fedavg_proto,0.5,0,31,200,16,16,0.1,test,client_2,18,109,34,143,True,0.5010793308148948
SIDER,fedavg_proto,0.5,0,31,200,16,16,0.1,test,client_2,19,104,39,143,True,0.4694280078895464
SIDER,fedavg_proto,0.5,0,31,200,16,16,0.1,test,client_2,20,102,41,143,True,0.4610234337637494
SIDER,fedavg_proto,0.5,0,31,200,16,16,0.1,test,client_2,21,98,45,143,True,0.591156462585034
SIDER,fedavg_proto,0.5,0,31,200,16,16,0.1,test,client_2,22,14,129,143,True,0.5808416389811739
SIDER,fedavg_proto,0.5,0,31,200,16,16,0.1,test,client_2,23,60,83,143,True,0.46345381526104423
SIDER,fedavg_proto,0.5,0,31,200,16,16,0.1,test,client_2,24,98,45,143,True,0.44852607709750564
SIDER,fedavg_proto,0.5,0,31,200,16,16,0.1,test,client_2,25,132,11,143,True,0.6411845730027548
SIDER,fedavg_proto,0.5,0,31,200,16,16,0.1,test,client_2,26,101,42,143,True,0.5652993870815652
SIDER,fedavg_proto,0.5,0,31,200,16,16,0.1,test,client_3,0,72,71,143,True,0.610133020344288
SIDER,fedavg_proto,0.5,0,31,200,16,16,0.1,test,client_3,1,105,38,143,True,0.6395989974937343
SIDER,fedavg_proto,0.5,0,31,200,16,16,0.1,test,client_3,2,5,138,143,True,0.6710144927536232
SIDER,fedavg_proto,0.5,0,31,200,16,16,0.1,test,client_3,3,90,53,143,True,0.5442348008385745
SIDER,fedavg_proto,0.5,0,31,200,16,16,0.1,test,client_3,4,118,25,143,True,0.6616949152542373
SIDER,fedavg_proto,0.5,0,31,200,16,16,0.1,test,client_3,5,104,39,143,True,0.5781558185404339
SIDER,fedavg_proto,0.5,0,31,200,16,16,0.1,test,client_3,6,134,9,143,True,0.7048092868988391
SIDER,fedavg_proto,0.5,0,31,200,16,16,0.1,test,client_3,7,24,119,143,True,0.5535714285714286
SIDER,fedavg_proto,0.5,0,31,200,16,16,0.1,test,client_3,8,91,52,143,True,0.5475486052409129
SIDER,fedavg_proto,0.5,0,31,200,16,16,0.1,test,client_3,9,74,69,143,True,0.6625538582060321
SIDER,fedavg_proto,0.5,0,31,200,16,16,0.1,test,client_3,10,39,104,143,True,0.5840729783037476
SIDER,fedavg_proto,0.5,0,31,200,16,16,0.1,test,client_3,11,130,13,143,True,0.6349112426035504
SIDER,fedavg_proto,0.5,0,31,200,16,16,0.1,test,client_3,12,33,110,143,True,0.5997245179063361
SIDER,fedavg_proto,0.5,0,31,200,16,16,0.1,test,client_3,13,20,123,143,True,0.5747967479674796
SIDER,fedavg_proto,0.5,0,31,200,16,16,0.1,test,client_3,14,113,30,143,True,0.6442477876106195
SIDER,fedavg_proto,0.5,0,31,200,16,16,0.1,test,client_3,15,83,60,143,True,0.6491967871485944
SIDER,fedavg_proto,0.5,0,31,200,16,16,0.1,test,client_3,16,131,12,143,True,0.7506361323155216
SIDER,fedavg_proto,0.5,0,31,200,16,16,0.1,test,client_3,17,30,113,143,True,0.5740412979351033
SIDER,fedavg_proto,0.5,0,31,200,16,16,0.1,test,client_3,18,109,34,143,True,0.5849973016729628
SIDER,fedavg_proto,0.5,0,31,200,16,16,0.1,test,client_3,19,104,39,143,True,0.5404339250493098
SIDER,fedavg_proto,0.5,0,31,200,16,16,0.1,test,client_3,20,102,41,143,True,0.5318029650884744
SIDER,fedavg_proto,0.5,0,31,200,16,16,0.1,test,client_3,21,98,45,143,True,0.63718820861678
SIDER,fedavg_proto,0.5,0,31,200,16,16,0.1,test,client_3,22,14,129,143,True,0.5658914728682171
SIDER,fedavg_proto,0.5,0,31,200,16,16,0.1,test,client_3,23,60,83,143,True,0.5028112449799197
SIDER,fedavg_proto,0.5,0,31,200,16,16,0.1,test,client_3,24,98,45,143,True,0.5505668934240363
SIDER,fedavg_proto,0.5,0,31,200,16,16,0.1,test,client_3,25,132,11,143,True,0.6432506887052342
SIDER,fedavg_proto,0.5,0,31,200,16,16,0.1,test,client_3,26,101,42,143,True,0.5754361150400755
SIDER,fedavg_proto,0.5,0,32,200,16,16,0.1,val,server,0,76,67,143,True,0.6176355066771406
SIDER,fedavg_proto,0.5,0,32,200,16,16,0.1,val,server,1,99,44,143,True,0.63544536271809
SIDER,fedavg_proto,0.5,0,32,200,16,16,0.1,val,server,2,2,141,143,True,0.6453900709219857
SIDER,fedavg_proto,0.5,0,32,200,16,16,0.1,val,server,3,85,58,143,True,0.6669371196754563
SIDER,fedavg_proto,0.5,0,32,200,16,16,0.1,val,server,4,117,26,143,True,0.6863905325443787
SIDER,fedavg_proto,0.5,0,32,200,16,16,0.1,val,server,5,99,44,143,True,0.6469237832874196
SIDER,fedavg_proto,0.5,0,32,200,16,16,0.1,val,server,6,131,12,143,True,0.7430025445292621
SIDER,fedavg_proto,0.5,0,32,200,16,16,0.1,val,server,7,20,123,143,True,0.6235772357723577
SIDER,fedavg_proto,0.5,0,32,200,16,16,0.1,val,server,8,97,46,143,True,0.6481398476019723
SIDER,fedavg_proto,0.5,0,32,200,16,16,0.1,val,server,9,71,72,143,True,0.6289123630672926
SIDER,fedavg_proto,0.5,0,32,200,16,16,0.1,val,server,10,35,108,143,True,0.596031746031746
SIDER,fedavg_proto,0.5,0,32,200,16,16,0.1,val,server,11,130,13,143,True,0.6988165680473373
SIDER,fedavg_proto,0.5,0,32,200,16,16,0.1,val,server,12,37,106,143,True,0.6815400305966344
SIDER,fedavg_proto,0.5,0,32,200,16,16,0.1,val,server,13,20,123,143,True,0.6060975609756097
SIDER,fedavg_proto,0.5,0,32,200,16,16,0.1,val,server,14,107,36,143,True,0.5355659397715472
SIDER,fedavg_proto,0.5,0,32,200,16,16,0.1,val,server,15,94,49,143,True,0.6743378202344767
SIDER,fedavg_proto,0.5,0,32,200,16,16,0.1,val,server,16,129,14,143,True,0.6666666666666667
SIDER,fedavg_proto,0.5,0,32,200,16,16,0.1,val,server,17,20,123,143,True,0.5154471544715447
SIDER,fedavg_proto,0.5,0,32,200,16,16,0.1,val,server,18,104,39,143,True,0.5542406311637081
SIDER,fedavg_proto,0.5,0,32,200,16,16,0.1,val,server,19,103,40,143,True,0.6463592233009708
SIDER,fedavg_proto,0.5,0,32,200,16,16,0.1,val,server,20,102,41,143,True,0.5526064084170255
SIDER,fedavg_proto,0.5,0,32,200,16,16,0.1,val,server,21,98,45,143,True,0.6569160997732426
SIDER,fedavg_proto,0.5,0,32,200,16,16,0.1,val,server,22,10,133,143,True,0.6969924812030075
SIDER,fedavg_proto,0.5,0,32,200,16,16,0.1,val,server,23,64,79,143,True,0.5979034810126582
SIDER,fedavg_proto,0.5,0,32,200,16,16,0.1,val,server,24,104,39,143,True,0.5973865877712032
SIDER,fedavg_proto,0.5,0,32,200,16,16,0.1,val,server,25,134,9,143,True,0.7321724709784411
SIDER,fedavg_proto,0.5,0,32,200,16,16,0.1,val,server,26,95,48,143,True,0.6096491228070176
SIDER,fedavg_proto,0.5,0,32,200,16,16,0.1,val,client_0,0,76,67,143,True,0.6555380989787903
SIDER,fedavg_proto,0.5,0,32,200,16,16,0.1,val,client_0,1,99,44,143,True,0.6113406795224977
SIDER,fedavg_proto,0.5,0,32,200,16,16,0.1,val,client_0,2,2,141,143,True,0.624113475177305
SIDER,fedavg_proto,0.5,0,32,200,16,16,0.1,val,client_0,3,85,58,143,True,0.6200811359026368
SIDER,fedavg_proto,0.5,0,32,200,16,16,0.1,val,client_0,4,117,26,143,True,0.6669953977646286
SIDER,fedavg_proto,0.5,0,32,200,16,16,0.1,val,client_0,5,99,44,143,True,0.7027089072543617
SIDER,fedavg_proto,0.5,0,32,200,16,16,0.1,val,client_0,6,131,12,143,True,0.6545801526717557
SIDER,fedavg_proto,0.5,0,32,200,16,16,0.1,val,client_0,7,20,123,143,True,0.6353658536585366
SIDER,fedavg_proto,0.5,0,32,200,16,16,0.1,val,client_0,8,97,46,143,True,0.6203496190049306
SIDER,fedavg_proto,0.5,0,32,200,16,16,0.1,val,client_0,9,71,72,143,True,0.5545774647887324
SIDER,fedavg_proto,0.5,0,32,200,16,16,0.1,val,client_0,10,35,108,143,True,0.6465608465608464
SIDER,fedavg_proto,0.5,0,32,200,16,16,0.1,val,client_0,11,130,13,143,True,0.7420118343195267
SIDER,fedavg_proto,0.5,0,32,200,16,16,0.1,val,client_0,12,37,106,143,True,0.6407445181030088
SIDER,fedavg_proto,0.5,0,32,200,16,16,0.1,val,client_0,13,20,123,143,True,0.659349593495935
SIDER,fedavg_proto,0.5,0,32,200,16,16,0.1,val,client_0,14,107,36,143,True,0.5337487019730011
SIDER,fedavg_proto,0.5,0,32,200,16,16,0.1,val,client_0,15,94,49,143,True,0.67216673903604
SIDER,fedavg_proto,0.5,0,32,200,16,16,0.1,val,client_0,16,129,14,143,True,0.7109634551495017
SIDER,fedavg_proto,0.5,0,32,200,16,16,0.1,val,client_0,17,20,123,143,True,0.5630081300813008
SIDER,fedavg_proto,0.5,0,32,200,16,16,0.1,val,client_0,18,104,39,143,True,0.5377218934911242
SIDER,fedavg_proto,0.5,0,32,200,16,16,0.1,val,client_0,19,103,40,143,True,0.6400485436893204
SIDER,fedavg_proto,0.5,0,32,200,16,16,0.1,val,client_0,20,102,41,143,True,0.6341463414634146
SIDER,fedavg_proto,0.5,0,32,200,16,16,0.1,val,client_0,21,98,45,143,True,0.6564625850340136
SIDER,fedavg_proto,0.5,0,32,200,16,16,0.1,val,client_0,22,10,133,143,True,0.6781954887218045
SIDER,fedavg_proto,0.5,0,32,200,16,16,0.1,val,client_0,23,64,79,143,True,0.6194620253164557
SIDER,fedavg_proto,0.5,0,32,200,16,16,0.1,val,client_0,24,104,39,143,True,0.5798816568047337
SIDER,fedavg_proto,0.5,0,32,200,16,16,0.1,val,client_0,25,134,9,143,True,0.7238805970149254
SIDER,fedavg_proto,0.5,0,32,200,16,16,0.1,val,client_0,26,95,48,143,True,0.637061403508772
SIDER,fedavg_proto,0.5,0,32,200,16,16,0.1,val,client_1,0,76,67,143,True,0.5942655145326001
SIDER,fedavg_proto,0.5,0,32,200,16,16,0.1,val,client_1,1,99,44,143,True,0.615702479338843
SIDER,fedavg_proto,0.5,0,32,200,16,16,0.1,val,client_1,2,2,141,143,True,0.75177304964539
SIDER,fedavg_proto,0.5,0,32,200,16,16,0.1,val,client_1,3,85,58,143,True,0.6667342799188641
SIDER,fedavg_proto,0.5,0,32,200,16,16,0.1,val,client_1,4,117,26,143,True,0.6397107166337935
SIDER,fedavg_proto,0.5,0,32,200,16,16,0.1,val,client_1,5,99,44,143,True,0.5291551882460974
SIDER,fedavg_proto,0.5,0,32,200,16,16,0.1,val,client_1,6,131,12,143,True,0.7404580152671756
SIDER,fedavg_proto,0.5,0,32,200,16,16,0.1,val,client_1,7,20,123,143,True,0.5121951219512195
SIDER,fedavg_proto,0.5,0,32,200,16,16,0.1,val,client_1,8,97,46,143,True,0.5820259973106231
SIDER,fedavg_proto,0.5,0,32,200,16,16,0.1,val,client_1,9,71,72,143,True,0.6097417840375587
SIDER,fedavg_proto,0.5,0,32,200,16,16,0.1,val,client_1,10,35,108,143,True,0.5325396825396825
SIDER,fedavg_proto,0.5,0,32,200,16,16,0.1,val,client_1,11,130,13,143,True,0.5544378698224852
SIDER,fedavg_proto,0.5,0,32,200,16,16,0.1,val,client_1,12,37,106,143,True,0.5966343702192759
SIDER,fedavg_proto,0.5,0,32,200,16,16,0.1,val,client_1,13,20,123,143,True,0.6048780487804878
SIDER,fedavg_proto,0.5,0,32,200,16,16,0.1,val,client_1,14,107,36,143,True,0.564122533748702
SIDER,fedavg_proto,0.5,0,32,200,16,16,0.1,val,client_1,15,94,49,143,True,0.6686930091185411
SIDER,fedavg_proto,0.5,0,32,200,16,16,0.1,val,client_1,16,129,14,143,True,0.6196013289036545
SIDER,fedavg_proto,0.5,0,32,200,16,16,0.1,val,client_1,17,20,123,143,True,0.5113821138211382
SIDER,fedavg_proto,0.5,0,32,200,16,16,0.1,val,client_1,18,104,39,143,True,0.4908777120315582
SIDER,fedavg_proto,0.5,0,32,200,16,16,0.1,val,client_1,19,103,40,143,True,0.6048543689320388
SIDER,fedavg_proto,0.5,0,32,200,16,16,0.1,val,client_1,20,102,41,143,True,0.5724533715925395
SIDER,fedavg_proto,0.5,0,32,200,16,16,0.1,val,client_1,21,98,45,143,True,0.6258503401360543
SIDER,fedavg_proto,0.5,0,32,200,16,16,0.1,val,client_1,22,10,133,143,True,0.5526315789473685
SIDER,fedavg_proto,0.5,0,32,200,16,16,0.1,val,client_1,23,64,79,143,True,0.568235759493671
SIDER,fedavg_proto,0.5,0,32,200,16,16,0.1,val,client_1,24,104,39,143,True,0.6018244575936883
SIDER,fedavg_proto,0.5,0,32,200,16,16,0.1,val,client_1,25,134,9,143,True,0.7512437810945273
SIDER,fedavg_proto,0.5,0,32,200,16,16,0.1,val,client_1,26,95,48,143,True,0.5679824561403508
SIDER,fedavg_proto,0.5,0,32,200,16,16,0.1,val,client_2,0,76,67,143,True,0.5498821681068342
SIDER,fedavg_proto,0.5,0,32,200,16,16,0.1,val,client_2,1,99,44,143,True,0.5899908172635446
SIDER,fedavg_proto,0.5,0,32,200,16,16,0.1,val,client_2,2,2,141,143,True,0.8546099290780141
SIDER,fedavg_proto,0.5,0,32,200,16,16,0.1,val,client_2,3,85,58,143,True,0.6176470588235293
SIDER,fedavg_proto,0.5,0,32,200,16,16,0.1,val,client_2,4,117,26,143,True,0.5834976988823143
SIDER,fedavg_proto,0.5,0,32,200,16,16,0.1,val,client_2,5,99,44,143,True,0.5787419651056015
SIDER,fedavg_proto,0.5,0,32,200,16,16,0.1,val,client_2,6,131,12,143,True,0.7334605597964376
SIDER,fedavg_proto,0.5,0,32,200,16,16,0.1,val,client_2,7,20,123,143,True,0.5979674796747968
SIDER,fedavg_proto,0.5,0,32,200,16,16,0.1,val,client_2,8,97,46,143,True,0.6207978484984311
SIDER,fedavg_proto,0.5,0,32,200,16,16,0.1,val,client_2,9,71,72,143,True,0.6124804381846636
SIDER,fedavg_proto,0.5,0,32,200,16,16,0.1,val,client_2,10,35,108,143,True,0.5875661375661376
SIDER,fedavg_proto,0.5,0,32,200,16,16,0.1,val,client_2,11,130,13,143,True,0.4165680473372781
SIDER,fedavg_proto,0.5,0,32,200,16,16,0.1,val,client_2,12,37,106,143,True,0.6565527791942887
SIDER,fedavg_proto,0.5,0,32,200,16,16,0.1,val,client_2,13,20,123,143,True,0.5658536585365853
SIDER,fedavg_proto,0.5,0,32,200,16,16,0.1,val,client_2,14,107,36,143,True,0.5090861889927311
SIDER,fedavg_proto,0.5,0,32,200,16,16,0.1,val,client_2,15,94,49,143,True,0.6999565783760313
SIDER,fedavg_proto,0.5,0,32,200,16,16,0.1,val,client_2,16,129,14,143,True,0.5957918050941307
SIDER,fedavg_proto,0.5,0,32,200,16,16,0.1,val,client_2,17,20,123,143,True,0.46382113821138204
SIDER,fedavg_proto,0.5,0,32,200,16,16,0.1,val,client_2,18,104,39,143,True,0.5170118343195267
SIDER,fedavg_proto,0.5,0,32,200,16,16,0.1,val,client_2,19,103,40,143,True,0.528883495145631
SIDER,fedavg_proto,0.5,0,32,200,16,16,0.1,val,client_2,20,102,41,143,True,0.5
SIDER,fedavg_proto,0.5,0,32,200,16,16,0.1,val,client_2,21,98,45,143,True,0.6414965986394557
SIDER,fedavg_proto,0.5,0,32,200,16,16,0.1,val,client_2,22,10,133,143,True,0.6135338345864662
SIDER,fedavg_proto,0.5,0,32,200,16,16,0.1,val,client_2,23,64,79,143,True,0.5893987341772151
SIDER,fedavg_proto,0.5,0,32,200,16,16,0.1,val,client_2,24,104,39,143,True,0.5648422090729783
SIDER,fedavg_proto,0.5,0,32,200,16,16,0.1,val,client_2,25,134,9,143,True,0.6791044776119404
SIDER,fedavg_proto,0.5,0,32,200,16,16,0.1,val,client_2,26,95,48,143,True,0.5866228070175438
SIDER,fedavg_proto,0.5,0,32,200,16,16,0.1,val,client_3,0,76,67,143,True,0.6406127258444619
SIDER,fedavg_proto,0.5,0,32,200,16,16,0.1,val,client_3,1,99,44,143,True,0.6437098255280073
SIDER,fedavg_proto,0.5,0,32,200,16,16,0.1,val,client_3,2,2,141,143,True,0.8049645390070921
SIDER,fedavg_proto,0.5,0,32,200,16,16,0.1,val,client_3,3,85,58,143,True,0.572210953346856
SIDER,fedavg_proto,0.5,0,32,200,16,16,0.1,val,client_3,4,117,26,143,True,0.7090729783037475
SIDER,fedavg_proto,0.5,0,32,200,16,16,0.1,val,client_3,5,99,44,143,True,0.6756198347107439
SIDER,fedavg_proto,0.5,0,32,200,16,16,0.1,val,client_3,6,131,12,143,True,0.7544529262086515
SIDER,fedavg_proto,0.5,0,32,200,16,16,0.1,val,client_3,7,20,123,143,True,0.5678861788617886
SIDER,fedavg_proto,0.5,0,32,200,16,16,0.1,val,client_3,8,97,46,143,True,0.6109367996414165
SIDER,fedavg_proto,0.5,0,32,200,16,16,0.1,val,client_3,9,71,72,143,True,0.609546165884194
SIDER,fedavg_proto,0.5,0,32,200,16,16,0.1,val,client_3,10,35,108,143,True,0.6195767195767194
SIDER,fedavg_proto,0.5,0,32,200,16,16,0.1,val,client_3,11,130,13,143,True,0.650887573964497
SIDER,fedavg_proto,0.5,0,32,200,16,16,0.1,val,client_3,12,37,106,143,True,0.6884242733299337
SIDER,fedavg_proto,0.5,0,32,200,16,16,0.1,val,client_3,13,20,123,143,True,0.5894308943089431
SIDER,fedavg_proto,0.5,0,32,200,16,16,0.1,val,client_3,14,107,36,143,True,0.5812564901349948
SIDER,fedavg_proto,0.5,0,32,200,16,16,0.1,val,client_3,15,94,49,143,True,0.6480677377333913
SIDER,fedavg_proto,0.5,0,32,200,16,16,0.1,val,client_3,16,129,14,143,True,0.6539313399778517
SIDER,fedavg_proto,0.5,0,32,200,16,16,0.1,val,client_3,17,20,123,143,True,0.55
SIDER,fedavg_proto,0.5,0,32,200,16,16,0.1,val,client_3,18,104,39,143,True,0.645956607495069
SIDER,fedavg_proto,0.5,0,32,200,16,16,0.1,val,client_3,19,103,40,143,True,0.6560679611650486
SIDER,fedavg_proto,0.5,0,32,200,16,16,0.1,val,client_3,20,102,41,143,True,0.5
SIDER,fedavg_proto,0.5,0,32,200,16,16,0.1,val,client_3,21,98,45,143,True,0.6002267573696145
SIDER,fedavg_proto,0.5,0,32,200,16,16,0.1,val,client_3,22,10,133,143,True,0.6045112781954887
SIDER,fedavg_proto,0.5,0,32,200,16,16,0.1,val,client_3,23,64,79,143,True,0.5739715189873418
SIDER,fedavg_proto,0.5,0,32,200,16,16,0.1,val,client_3,24,104,39,143,True,0.5796351084812624
SIDER,fedavg_proto,0.5,0,32,200,16,16,0.1,val,client_3,25,134,9,143,True,0.6683250414593699
SIDER,fedavg_proto,0.5,0,32,200,16,16,0.1,val,client_3,26,95,48,143,True,0.5782894736842106
SIDER,fedavg_proto,0.5,0,32,200,16,16,0.1,test,server,0,72,71,143,True,0.6617762128325508
SIDER,fedavg_proto,0.5,0,32,200,16,16,0.1,test,server,1,105,38,143,True,0.655889724310777
SIDER,fedavg_proto,0.5,0,32,200,16,16,0.1,test,server,2,5,138,143,True,0.5
SIDER,fedavg_proto,0.5,0,32,200,16,16,0.1,test,server,3,90,53,143,True,0.49748427672955975
SIDER,fedavg_proto,0.5,0,32,200,16,16,0.1,test,server,4,118,25,143,True,0.5772881355932203
SIDER,fedavg_proto,0.5,0,32,200,16,16,0.1,test,server,5,104,39,143,True,0.5766765285996055
SIDER,fedavg_proto,0.5,0,32,200,16,16,0.1,test,server,6,134,9,143,True,0.6011608623548923
SIDER,fedavg_proto,0.5,0,32,200,16,16,0.1,test,server,7,24,119,143,True,0.5955882352941176
SIDER,fedavg_proto,0.5,0,32,200,16,16,0.1,test,server,8,91,52,143,True,0.5399408284023669
SIDER,fedavg_proto,0.5,0,32,200,16,16,0.1,test,server,9,74,69,143,True,0.618488053270662
SIDER,fedavg_proto,0.5,0,32,200,16,16,0.1,test,server,10,39,104,143,True,0.6247534516765286
SIDER,fedavg_proto,0.5,0,32,200,16,16,0.1,test,server,11,130,13,143,True,0.5118343195266273
SIDER,fedavg_proto,0.5,0,32,200,16,16,0.1,test,server,12,33,110,143,True,0.6223140495867768
SIDER,fedavg_proto,0.5,0,32,200,16,16,0.1,test,server,13,20,123,143,True,0.6069105691056911
SIDER,fedavg_proto,0.5,0,32,200,16,16,0.1,test,server,14,113,30,143,True,0.5041297935103245
SIDER,fedavg_proto,0.5,0,32,200,16,16,0.1,test,server,15,83,60,143,True,0.6381526104417671
SIDER,fedavg_proto,0.5,0,32,200,16,16,0.1,test,server,16,131,12,143,True,0.6603053435114504
SIDER,fedavg_proto,0.5,0,32,200,16,16,0.1,test,server,17,30,113,143,True,0.6185840707964602
SIDER,fedavg_proto,0.5,0,32,200,16,16,0.1,test,server,18,109,34,143,True,0.5310307609282245
SIDER,fedavg_proto,0.5,0,32,200,16,16,0.1,test,server,19,104,39,143,True,0.4940828402366864
SIDER,fedavg_proto,0.5,0,32,200,16,16,0.1,test,server,20,102,41,143,True,0.48923959827833574
SIDER,fedavg_proto,0.5,0,32,200,16,16,0.1,test,server,21,98,45,143,True,0.5938775510204081
SIDER,fedavg_proto,0.5,0,32,200,16,16,0.1,test,server,22,14,129,143,True,0.6179401993355482
SIDER,fedavg_proto,0.5,0,32,200,16,16,0.1,test,server,23,60,83,143,True,0.4771084337349398
SIDER,fedavg_proto,0.5,0,32,200,16,16,0.1,test,server,24,98,45,143,True,0.4687074829931973
SIDER,fedavg_proto,0.5,0,32,200,16,16,0.1,test,server,25,132,11,143,True,0.6694214876033059
SIDER,fedavg_proto,0.5,0,32,200,16,16,0.1,test,server,26,101,42,143,True,0.5966525223950967
SIDER,fedavg_proto,0.5,0,32,200,16,16,0.1,test,client_0,0,72,71,143,True,0.6598200312989044
SIDER,fedavg_proto,0.5,0,32,200,16,16,0.1,test,client_0,1,105,38,143,True,0.5839598997493735
SIDER,fedavg_proto,0.5,0,32,200,16,16,0.1,test,client_0,2,5,138,143,True,0.7434782608695653
SIDER,fedavg_proto,0.5,0,32,200,16,16,0.1,test,client_0,3,90,53,143,True,0.549475890985325
SIDER,fedavg_proto,0.5,0,32,200,16,16,0.1,test,client_0,4,118,25,143,True,0.6627118644067796
SIDER,fedavg_proto,0.5,0,32,200,16,16,0.1,test,client_0,5,104,39,143,True,0.6277120315581856
SIDER,fedavg_proto,0.5,0,32,200,16,16,0.1,test,client_0,6,134,9,143,True,0.582089552238806
SIDER,fedavg_proto,0.5,0,32,200,16,16,0.1,test,client_0,7,24,119,143,True,0.5857843137254902
SIDER,fedavg_proto,0.5,0,32,200,16,16,0.1,test,client_0,8,91,52,143,True,0.5152155536770922
SIDER,fedavg_proto,0.5,0,32,200,16,16,0.1,test,client_0,9,74,69,143,True,0.6102624363493929
SIDER,fedavg_proto,0.5,0,32,200,16,16,0.1,test,client_0,10,39,104,143,True,0.6257396449704141
SIDER,fedavg_proto,0.5,0,32,200,16,16,0.1,test,client_0,11,130,13,143,True,0.6798816568047338
SIDER,fedavg_proto,0.5,0,32,200,16,16,0.1,test,client_0,12,33,110,143,True,0.5688705234159779
SIDER,fedavg_proto,0.5,0,32,200,16,16,0.1,test,client_0,13,20,123,143,True,0.5833333333333334
SIDER,fedavg_proto,0.5,0,32,200,16,16,0.1,test,client_0,14,113,30,143,True,0.55929203539823
SIDER,fedavg_proto,0.5,0,32,200,16,16,0.1,test,client_0,15,83,60,143,True,0.6610441767068272
SIDER,fedavg_proto,0.5,0,32,200,16,16,0.1,test,client_0,16,131,12,143,True,0.6984732824427481
SIDER,fedavg_proto,0.5,0,32,200,16,16,0.1,test,client_0,17,30,113,143,True,0.5890855457227139
SIDER,fedavg_proto,0.5,0,32,200,16,16,0.1,test,client_0,18,109,34,143,True,0.45277927684835406
SIDER,fedavg_proto,0.5,0,32,200,16,16,0.1,test,client_0,19,104,39,143,True,0.5064102564102564
SIDER,fedavg_proto,0.5,0,32,200,16,16,0.1,test,client_0,20,102,41,143,True,0.5308464849354375
SIDER,fedavg_proto,0.5,0,32,200,16,16,0.1,test,client_0,21,98,45,143,True,0.6072562358276644
SIDER,fedavg_proto,0.5,0,32,200,16,16,0.1,test,client_0,22,14,129,143,True,0.6157253599114064
SIDER,fedavg_proto,0.5,0,32,200,16,16,0.1,test,client_0,23,60,83,143,True,0.5825301204819276
SIDER,fedavg_proto,0.5,0,32,200,16,16,0.1,test,client_0,24,98,45,143,True,0.5034013605442177
SIDER,fedavg_proto,0.5,0,32,200,16,16,0.1,test,client_0,25,132,11,143,True,0.6632231404958677
SIDER,fedavg_proto,0.5,0,32,200,16,16,0.1,test,client_0,26,101,42,143,True,0.6133899104196134
SIDER,fedavg_proto,0.5,0,32,200,16,16,0.1,test,client_1,0,72,71,143,True,0.6390845070422536
SIDER,fedavg_proto,0.5,0,32,200,16,16,0.1,test,client_1,1,105,38,143,True,0.6293233082706766
SIDER,fedavg_proto,0.5,0,32,200,16,16,0.1,test,client_1,2,5,138,143,True,0.553623188405797
SIDER,fedavg_proto,0.5,0,32,200,16,16,0.1,test,client_1,3,90,53,143,True,0.5356394129979036
SIDER,fedavg_proto,0.5,0,32,200,16,16,0.1,test,client_1,4,118,25,143,True,0.5257627118644068
SIDER,fedavg_proto,0.5,0,32,200,16,16,0.1,test,client_1,5,104,39,143,True,0.5470907297830374
SIDER,fedavg_proto,0.5,0,32,200,16,16,0.1,test,client_1,6,134,9,143,True,0.5621890547263682
SIDER,fedavg_proto,0.5,0,32,200,16,16,0.1,test,client_1,7,24,119,143,True,0.6974789915966387
SIDER,fedavg_proto,0.5,0,32,200,16,16,0.1,test,client_1,8,91,52,143,True,0.610312764158918
SIDER,fedavg_proto,0.5,0,32,200,16,16,0.1,test,client_1,9,74,69,143,True,0.6825303564433999
SIDER,fedavg_proto,0.5,0,32,200,16,16,0.1,test,client_1,10,39,104,143,True,0.6282051282051282
SIDER,fedavg_proto,0.5,0,32,200,16,16,0.1,test,client_1,11,130,13,143,True,0.4769230769230769
SIDER,fedavg_proto,0.5,0,32,200,16,16,0.1,test,client_1,12,33,110,143,True,0.6754820936639119
SIDER,fedavg_proto,0.5,0,32,200,16,16,0.1,test,client_1,13,20,123,143,True,0.6914634146341463
SIDER,fedavg_proto,0.5,0,32,200,16,16,0.1,test,client_1,14,113,30,143,True,0.5017699115044248
SIDER,fedavg_proto,0.5,0,32,200,16,16,0.1,test,client_1,15,83,60,143,True,0.5829317269076305
SIDER,fedavg_proto,0.5,0,32,200,16,16,0.1,test,client_1,16,131,12,143,True,0.5286259541984732
SIDER,fedavg_proto,0.5,0,32,200,16,16,0.1,test,client_1,17,30,113,143,True,0.6563421828908554
SIDER,fedavg_proto,0.5,0,32,200,16,16,0.1,test,client_1,18,109,34,143,True,0.5752833243389098
SIDER,fedavg_proto,0.5,0,32,200,16,16,0.1,test,client_1,19,104,39,143,True,0.5229289940828403
SIDER,fedavg_proto,0.5,0,32,200,16,16,0.1,test,client_1,20,102,41,143,True,0.5494978479196557
SIDER,fedavg_proto,0.5,0,32,200,16,16,0.1,test,client_1,21,98,45,143,True,0.5303854875283447
SIDER,fedavg_proto,0.5,0,32,200,16,16,0.1,test,client_1,22,14,129,143,True,0.7242524916943522
SIDER,fedavg_proto,0.5,0,32,200,16,16,0.1,test,client_1,23,60,83,143,True,0.5126506024096386
SIDER,fedavg_proto,0.5,0,32,200,16,16,0.1,test,client_1,24,98,45,143,True,0.507482993197279
SIDER,fedavg_proto,0.5,0,32,200,16,16,0.1,test,client_1,25,132,11,143,True,0.6460055096418733
SIDER,fedavg_proto,0.5,0,32,200,16,16,0.1,test,client_1,26,101,42,143,True,0.6129184347006129
SIDER,fedavg_proto,0.5,0,32,200,16,16,0.1,test,client_2,0,72,71,143,True,0.5508607198748043
SIDER,fedavg_proto,0.5,0,32,200,16,16,0.1,test,client_2,1,105,38,143,True,0.5335839598997494
SIDER,fedavg_proto,0.5,0,32,200,16,16,0.1,test,client_2,2,5,138,143,True,0.6231884057971014
SIDER,fedavg_proto,0.5,0,32,200,16,16,0.1,test,client_2,3,90,53,143,True,0.45094339622641505
SIDER,fedavg_proto,0.5,0,32,200,16,16,0.1,test,client_2,4,118,25,143,True,0.5074576271186441
SIDER,fedavg_proto,0.5,0,32,200,16,16,0.1,test,client_2,5,104,39,143,True,0.5645956607495068
SIDER,fedavg_proto,0.5,0,32,200,16,16,0.1,test,client_2,6,134,9,143,True,0.6293532338308458
SIDER,fedavg_proto,0.5,0,32,200,16,16,0.1,test,client_2,7,24,119,143,True,0.5679271708683473
SIDER,fedavg_proto,0.5,0,32,200,16,16,0.1,test,client_2,8,91,52,143,True,0.5333896872358411
SIDER,fedavg_proto,0.5,0,32,200,16,16,0.1,test,client_2,9,74,69,143,True,0.5787309048178613
SIDER,fedavg_proto,0.5,0,32,200,16,16,0.1,test,client_2,10,39,104,143,True,0.6230276134122288
SIDER,fedavg_proto,0.5,0,32,200,16,16,0.1,test,client_2,11,130,13,143,True,0.3757396449704141
SIDER,fedavg_proto,0.5,0,32,200,16,16,0.1,test,client_2,12,33,110,143,True,0.6258953168044077
SIDER,fedavg_proto,0.5,0,32,200,16,16,0.1,test,client_2,13,20,123,143,True,0.5605691056910568
SIDER,fedavg_proto,0.5,0,32,200,16,16,0.1,test,client_2,14,113,30,143,True,0.45840707964601773
SIDER,fedavg_proto,0.5,0,32,200,16,16,0.1,test,client_2,15,83,60,143,True,0.615863453815261
SIDER,fedavg_proto,0.5,0,32,200,16,16,0.1,test,client_2,16,131,12,143,True,0.5954198473282443
SIDER,fedavg_proto,0.5,0,32,200,16,16,0.1,test,client_2,17,30,113,143,True,0.6162241887905605
SIDER,fedavg_proto,0.5,0,32,200,16,16,0.1,test,client_2,18,109,34,143,True,0.4975715056664868
SIDER,fedavg_proto,0.5,0,32,200,16,16,0.1,test,client_2,19,104,39,143,True,0.4640039447731756
SIDER,fedavg_proto,0.5,0,32,200,16,16,0.1,test,client_2,20,102,41,143,True,0.45863223338115733
SIDER,fedavg_proto,0.5,0,32,200,16,16,0.1,test,client_2,21,98,45,143,True,0.5798185941043085
SIDER,fedavg_proto,0.5,0,32,200,16,16,0.1,test,client_2,22,14,129,143,True,0.6074197120708749
SIDER,fedavg_proto,0.5,0,32,200,16,16,0.1,test,client_2,23,60,83,143,True,0.4449799196787149
SIDER,fedavg_proto,0.5,0,32,200,16,16,0.1,test,client_2,24,98,45,143,True,0.44807256235827664
SIDER,fedavg_proto,0.5,0,32,200,16,16,0.1,test,client_2,25,132,11,143,True,0.6294765840220385
SIDER,fedavg_proto,0.5,0,32,200,16,16,0.1,test,client_2,26,101,42,143,True,0.5464403583215465
SIDER,fedavg_proto,0.5,0,32,200,16,16,0.1,test,client_3,0,72,71,143,True,0.6109154929577465
SIDER,fedavg_proto,0.5,0,32,200,16,16,0.1,test,client_3,1,105,38,143,True,0.6383458646616542
SIDER,fedavg_proto,0.5,0,32,200,16,16,0.1,test,client_3,2,5,138,143,True,0.7014492753623188
SIDER,fedavg_proto,0.5,0,32,200,16,16,0.1,test,client_3,3,90,53,143,True,0.529350104821803
SIDER,fedavg_proto,0.5,0,32,200,16,16,0.1,test,client_3,4,118,25,143,True,0.663728813559322
SIDER,fedavg_proto,0.5,0,32,200,16,16,0.1,test,client_3,5,104,39,143,True,0.5803747534516766
SIDER,fedavg_proto,0.5,0,32,200,16,16,0.1,test,client_3,6,134,9,143,True,0.7106135986733002
SIDER,fedavg_proto,0.5,0,32,200,16,16,0.1,test,client_3,7,24,119,143,True,0.5276610644257703
SIDER,fedavg_proto,0.5,0,32,200,16,16,0.1,test,client_3,8,91,52,143,True,0.5428994082840236
SIDER,fedavg_proto,0.5,0,32,200,16,16,0.1,test,client_3,9,74,69,143,True,0.6419898159028594
SIDER,fedavg_proto,0.5,0,32,200,16,16,0.1,test,client_3,10,39,104,143,True,0.5929487179487181
SIDER,fedavg_proto,0.5,0,32,200,16,16,0.1,test,client_3,11,130,13,143,True,0.649112426035503
SIDER,fedavg_proto,0.5,0,32,200,16,16,0.1,test,client_3,12,33,110,143,True,0.5666666666666667
SIDER,fedavg_proto,0.5,0,32,200,16,16,0.1,test,client_3,13,20,123,143,True,0.5451219512195122
SIDER,fedavg_proto,0.5,0,32,200,16,16,0.1,test,client_3,14,113,30,143,True,0.6578171091445427
SIDER,fedavg_proto,0.5,0,32,200,16,16,0.1,test,client_3,15,83,60,143,True,0.6369477911646586
SIDER,fedavg_proto,0.5,0,32,200,16,16,0.1,test,client_3,16,131,12,143,True,0.7569974554707379
SIDER,fedavg_proto,0.5,0,32,200,16,16,0.1,test,client_3,17,30,113,143,True,0.5483775811209439
SIDER,fedavg_proto,0.5,0,32,200,16,16,0.1,test,client_3,18,109,34,143,True,0.5758229897463573
SIDER,fedavg_proto,0.5,0,32,200,16,16,0.1,test,client_3,19,104,39,143,True,0.5290927021696252
SIDER,fedavg_proto,0.5,0,32,200,16,16,0.1,test,client_3,20,102,41,143,True,0.5334768053562888
SIDER,fedavg_proto,0.5,0,32,200,16,16,0.1,test,client_3,21,98,45,143,True,0.6399092970521542
SIDER,fedavg_proto,0.5,0,32,200,16,16,0.1,test,client_3,22,14,129,143,True,0.5409745293466224
SIDER,fedavg_proto,0.5,0,32,200,16,16,0.1,test,client_3,23,60,83,143,True,0.48875502008032135
SIDER,fedavg_proto,0.5,0,32,200,16,16,0.1,test,client_3,24,98,45,143,True,0.5419501133786848
SIDER,fedavg_proto,0.5,0,32,200,16,16,0.1,test,client_3,25,132,11,143,True,0.6508264462809916
SIDER,fedavg_proto,0.5,0,32,200,16,16,0.1,test,client_3,26,101,42,143,True,0.5843941537010844
SIDER,fedavg_proto,0.5,0,33,200,16,16,0.1,val,server,0,76,67,143,True,0.613707776904949
SIDER,fedavg_proto,0.5,0,33,200,16,16,0.1,val,server,1,99,44,143,True,0.6395775941230487
SIDER,fedavg_proto,0.5,0,33,200,16,16,0.1,val,server,2,2,141,143,True,0.6737588652482269
SIDER,fedavg_proto,0.5,0,33,200,16,16,0.1,val,server,3,85,58,143,True,0.662474645030426
SIDER,fedavg_proto,0.5,0,33,200,16,16,0.1,val,server,4,117,26,143,True,0.6962524654832347
SIDER,fedavg_proto,0.5,0,33,200,16,16,0.1,val,server,5,99,44,143,True,0.6542699724517905
SIDER,fedavg_proto,0.5,0,33,200,16,16,0.1,val,server,6,131,12,143,True,0.7690839694656488
SIDER,fedavg_proto,0.5,0,33,200,16,16,0.1,val,server,7,20,123,143,True,0.6467479674796748
SIDER,fedavg_proto,0.5,0,33,200,16,16,0.1,val,server,8,97,46,143,True,0.6636037651277454
SIDER,fedavg_proto,0.5,0,33,200,16,16,0.1,val,server,9,71,72,143,True,0.6336071987480438
SIDER,fedavg_proto,0.5,0,33,200,16,16,0.1,val,server,10,35,108,143,True,0.6058201058201058
SIDER,fedavg_proto,0.5,0,33,200,16,16,0.1,val,server,11,130,13,143,True,0.6781065088757396
SIDER,fedavg_proto,0.5,0,33,200,16,16,0.1,val,server,12,37,106,143,True,0.6858745537990821
SIDER,fedavg_proto,0.5,0,33,200,16,16,0.1,val,server,13,20,123,143,True,0.6052845528455284
SIDER,fedavg_proto,0.5,0,33,200,16,16,0.1,val,server,14,107,36,143,True,0.5334890965732086
SIDER,fedavg_proto,0.5,0,33,200,16,16,0.1,val,server,15,94,49,143,True,0.6838905775075987
SIDER,fedavg_proto,0.5,0,33,200,16,16,0.1,val,server,16,129,14,143,True,0.6710963455149502
SIDER,fedavg_proto,0.5,0,33,200,16,16,0.1,val,server,17,20,123,143,True,0.5349593495934959
SIDER,fedavg_proto,0.5,0,33,200,16,16,0.1,val,server,18,104,39,143,True,0.5613905325443788
SIDER,fedavg_proto,0.5,0,33,200,16,16,0.1,val,server,19,103,40,143,True,0.6410194174757281
SIDER,fedavg_proto,0.5,0,33,200,16,16,0.1,val,server,20,102,41,143,True,0.5593017694882831
SIDER,fedavg_proto,0.5,0,33,200,16,16,0.1,val,server,21,98,45,143,True,0.6904761904761905
SIDER,fedavg_proto,0.5,0,33,200,16,16,0.1,val,server,22,10,133,143,True,0.6766917293233083
SIDER,fedavg_proto,0.5,0,33,200,16,16,0.1,val,server,23,64,79,143,True,0.6125395569620253
SIDER,fedavg_proto,0.5,0,33,200,16,16,0.1,val,server,24,104,39,143,True,0.5998520710059171
SIDER,fedavg_proto,0.5,0,33,200,16,16,0.1,val,server,25,134,9,143,True,0.7321724709784412
SIDER,fedavg_proto,0.5,0,33,200,16,16,0.1,val,server,26,95,48,143,True,0.6046052631578946
SIDER,fedavg_proto,0.5,0,33,200,16,16,0.1,val,client_0,0,76,67,143,True,0.6372741555380991
SIDER,fedavg_proto,0.5,0,33,200,16,16,0.1,val,client_0,1,99,44,143,True,0.6262626262626263
SIDER,fedavg_proto,0.5,0,33,200,16,16,0.1,val,client_0,2,2,141,143,True,0.677304964539007
SIDER,fedavg_proto,0.5,0,33,200,16,16,0.1,val,client_0,3,85,58,143,True,0.6283975659229208
SIDER,fedavg_proto,0.5,0,33,200,16,16,0.1,val,client_0,4,117,26,143,True,0.6906640368178828
SIDER,fedavg_proto,0.5,0,33,200,16,16,0.1,val,client_0,5,99,44,143,True,0.7079889807162535
SIDER,fedavg_proto,0.5,0,33,200,16,16,0.1,val,client_0,6,131,12,143,True,0.6711195928753181
SIDER,fedavg_proto,0.5,0,33,200,16,16,0.1,val,client_0,7,20,123,143,True,0.6707317073170732
SIDER,fedavg_proto,0.5,0,33,200,16,16,0.1,val,client_0,8,97,46,143,True,0.6304347826086957
SIDER,fedavg_proto,0.5,0,33,200,16,16,0.1,val,client_0,9,71,72,143,True,0.5504694835680751
SIDER,fedavg_proto,0.5,0,33,200,16,16,0.1,val,client_0,10,35,108,143,True,0.6595238095238095
SIDER,fedavg_proto,0.5,0,33,200,16,16,0.1,val,client_0,11,130,13,143,True,0.7284023668639054
SIDER,fedavg_proto,0.5,0,33,200,16,16,0.1,val,client_0,12,37,106,143,True,0.657062723100459
SIDER,fedavg_proto,0.5,0,33,200,16,16,0.1,val,client_0,13,20,123,143,True,0.6731707317073171
SIDER,fedavg_proto,0.5,0,33,200,16,16,0.1,val,client_0,14,107,36,143,True,0.5501038421599169
SIDER,fedavg_proto,0.5,0,33,200,16,16,0.1,val,client_0,15,94,49,143,True,0.6734693877551021
SIDER,fedavg_proto,0.5,0,33,200,16,16,0.1,val,client_0,16,129,14,143,True,0.70874861572536
SIDER,fedavg_proto,0.5,0,33,200,16,16,0.1,val,client_0,17,20,123,143,True,0.5890243902439024
SIDER,fedavg_proto,0.5,0,33,200,16,16,0.1,val,client_0,18,104,39,143,True,0.5389546351084812
SIDER,fedavg_proto,0.5,0,33,200,16,16,0.1,val,client_0,19,103,40,143,True,0.629126213592233
SIDER,fedavg_proto,0.5,0,33,200,16,16,0.1,val,client_0,20,102,41,143,True,0.6382113821138211
SIDER,fedavg_proto,0.5,0,33,200,16,16,0.1,val,client_0,21,98,45,143,True,0.6548752834467121
SIDER,fedavg_proto,0.5,0,33,200,16,16,0.1,val,client_0,22,10,133,143,True,0.6631578947368422
SIDER,fedavg_proto,0.5,0,33,200,16,16,0.1,val,client_0,23,64,79,143,True,0.6123417721518988
SIDER,fedavg_proto,0.5,0,33,200,16,16,0.1,val,client_0,24,104,39,143,True,0.5857988165680474
SIDER,fedavg_proto,0.5,0,33,200,16,16,0.1,val,client_0,25,134,9,143,True,0.7271973466003316
SIDER,fedavg_proto,0.5,0,33,200,16,16,0.1,val,client_0,26,95,48,143,True,0.6581140350877194
SIDER,fedavg_proto,0.5,0,33,200,16,16,0.1,val,client_1,0,76,67,143,True,0.5675569520816968
SIDER,fedavg_proto,0.5,0,33,200,16,16,0.1,val,client_1,1,99,44,143,True,0.5934343434343434
SIDER,fedavg_proto,0.5,0,33,200,16,16,0.1,val,client_1,2,2,141,143,True,0.7092198581560284
SIDER,fedavg_proto,0.5,0,33,200,16,16,0.1,val,client_1,3,85,58,143,True,0.6557809330628803
SIDER,fedavg_proto,0.5,0,33,200,16,16,0.1,val,client_1,4,117,26,143,True,0.6071663379355686
SIDER,fedavg_proto,0.5,0,33,200,16,16,0.1,val,client_1,5,99,44,143,True,0.5181359044995408
SIDER,fedavg_proto,0.5,0,33,200,16,16,0.1,val,client_1,6,131,12,143,True,0.7442748091603053
SIDER,fedavg_proto,0.5,0,33,200,16,16,0.1,val,client_1,7,20,123,143,True,0.5085365853658537
SIDER,fedavg_proto,0.5,0,33,200,16,16,0.1,val,client_1,8,97,46,143,True,0.5770954728821156
SIDER,fedavg_proto,0.5,0,33,200,16,16,0.1,val,client_1,9,71,72,143,True,0.5944835680751174
SIDER,fedavg_proto,0.5,0,33,200,16,16,0.1,val,client_1,10,35,108,143,True,0.5187830687830688
SIDER,fedavg_proto,0.5,0,33,200,16,16,0.1,val,client_1,11,130,13,143,True,0.5307692307692309
SIDER,fedavg_proto,0.5,0,33,200,16,16,0.1,val,client_1,12,37,106,143,True,0.5928097909229985
SIDER,fedavg_proto,0.5,0,33,200,16,16,0.1,val,client_1,13,20,123,143,True,0.6048780487804878
SIDER,fedavg_proto,0.5,0,33,200,16,16,0.1,val,client_1,14,107,36,143,True,0.5539979231568017
SIDER,fedavg_proto,0.5,0,33,200,16,16,0.1,val,client_1,15,94,49,143,True,0.6621797655232305
SIDER,fedavg_proto,0.5,0,33,200,16,16,0.1,val,client_1,16,129,14,143,True,0.5996677740863788
SIDER,fedavg_proto,0.5,0,33,200,16,16,0.1,val,client_1,17,20,123,143,True,0.4947154471544715
SIDER,fedavg_proto,0.5,0,33,200,16,16,0.1,val,client_1,18,104,39,143,True,0.4743589743589744
SIDER,fedavg_proto,0.5,0,33,200,16,16,0.1,val,client_1,19,103,40,143,True,0.5941747572815534
SIDER,fedavg_proto,0.5,0,33,200,16,16,0.1,val,client_1,20,102,41,143,True,0.5619320899091345
SIDER,fedavg_proto,0.5,0,33,200,16,16,0.1,val,client_1,21,98,45,143,True,0.6315192743764173
SIDER,fedavg_proto,0.5,0,33,200,16,16,0.1,val,client_1,22,10,133,143,True,0.5503759398496241
SIDER,fedavg_proto,0.5,0,33,200,16,16,0.1,val,client_1,23,64,79,143,True,0.553995253164557
SIDER,fedavg_proto,0.5,0,33,200,16,16,0.1,val,client_1,24,104,39,143,True,0.6084812623274161
SIDER,fedavg_proto,0.5,0,33,200,16,16,0.1,val,client_1,25,134,9,143,True,0.7330016583747927
SIDER,fedavg_proto,0.5,0,33,200,16,16,0.1,val,client_1,26,95,48,143,True,0.5489035087719298
SIDER,fedavg_proto,0.5,0,33,200,16,16,0.1,val,client_2,0,76,67,143,True,0.5534171249018067
SIDER,fedavg_proto,0.5,0,33,200,16,16,0.1,val,client_2,1,99,44,143,True,0.5796602387511479
SIDER,fedavg_proto,0.5,0,33,200,16,16,0.1,val,client_2,2,2,141,143,True,0.875886524822695
SIDER,fedavg_proto,0.5,0,33,200,16,16,0.1,val,client_2,3,85,58,143,True,0.6257606490872211
SIDER,fedavg_proto,0.5,0,33,200,16,16,0.1,val,client_2,4,117,26,143,True,0.6088099934253781
SIDER,fedavg_proto,0.5,0,33,200,16,16,0.1,val,client_2,5,99,44,143,True,0.5893021120293848
SIDER,fedavg_proto,0.5,0,33,200,16,16,0.1,val,client_2,6,131,12,143,True,0.7493638676844785
SIDER,fedavg_proto,0.5,0,33,200,16,16,0.1,val,client_2,7,20,123,143,True,0.61869918699187
SIDER,fedavg_proto,0.5,0,33,200,16,16,0.1,val,client_2,8,97,46,143,True,0.6266248319139399
SIDER,fedavg_proto,0.5,0,33,200,16,16,0.1,val,client_2,9,71,72,143,True,0.611697965571205
SIDER,fedavg_proto,0.5,0,33,200,16,16,0.1,val,client_2,10,35,108,143,True,0.5843915343915345
SIDER,fedavg_proto,0.5,0,33,200,16,16,0.1,val,client_2,11,130,13,143,True,0.45562130177514787
SIDER,fedavg_proto,0.5,0,33,200,16,16,0.1,val,client_2,12,37,106,143,True,0.6483936766955635
SIDER,fedavg_proto,0.5,0,33,200,16,16,0.1,val,client_2,13,20,123,143,True,0.5747967479674797
SIDER,fedavg_proto,0.5,0,33,200,16,16,0.1,val,client_2,14,107,36,143,True,0.5150571131879543
SIDER,fedavg_proto,0.5,0,33,200,16,16,0.1,val,client_2,15,94,49,143,True,0.7129830655666523
SIDER,fedavg_proto,0.5,0,33,200,16,16,0.1,val,client_2,16,129,14,143,True,0.5991140642303433
SIDER,fedavg_proto,0.5,0,33,200,16,16,0.1,val,client_2,17,20,123,143,True,0.4861788617886179
SIDER,fedavg_proto,0.5,0,33,200,16,16,0.1,val,client_2,18,104,39,143,True,0.506163708086785
SIDER,fedavg_proto,0.5,0,33,200,16,16,0.1,val,client_2,19,103,40,143,True,0.5315533980582524
SIDER,fedavg_proto,0.5,0,33,200,16,16,0.1,val,client_2,20,102,41,143,True,0.5160210425633668
SIDER,fedavg_proto,0.5,0,33,200,16,16,0.1,val,client_2,21,98,45,143,True,0.6414965986394557
SIDER,fedavg_proto,0.5,0,33,200,16,16,0.1,val,client_2,22,10,133,143,True,0.6338345864661654
SIDER,fedavg_proto,0.5,0,33,200,16,16,0.1,val,client_2,23,64,79,143,True,0.5874208860759493
SIDER,fedavg_proto,0.5,0,33,200,16,16,0.1,val,client_2,24,104,39,143,True,0.5594181459566075
SIDER,fedavg_proto,0.5,0,33,200,16,16,0.1,val,client_2,25,134,9,143,True,0.664179104477612
SIDER,fedavg_proto,0.5,0,33,200,16,16,0.1,val,client_2,26,95,48,143,True,0.5662280701754385
SIDER,fedavg_proto,0.5,0,33,200,16,16,0.1,val,client_3,0,76,67,143,True,0.6465043205027494
SIDER,fedavg_proto,0.5,0,33,200,16,16,0.1,val,client_3,1,99,44,143,True,0.6434802571166207
SIDER,fedavg_proto,0.5,0,33,200,16,16,0.1,val,client_3,2,2,141,143,True,0.6808510638297873
SIDER,fedavg_proto,0.5,0,33,200,16,16,0.1,val,client_3,3,85,58,143,True,0.5655172413793104
SIDER,fedavg_proto,0.5,0,33,200,16,16,0.1,val,client_3,4,117,26,143,True,0.7146614069690993
SIDER,fedavg_proto,0.5,0,33,200,16,16,0.1,val,client_3,5,99,44,143,True,0.6606978879706152
SIDER,fedavg_proto,0.5,0,33,200,16,16,0.1,val,client_3,6,131,12,143,True,0.7531806615776082
SIDER,fedavg_proto,0.5,0,33,200,16,16,0.1,val,client_3,7,20,123,143,True,0.575609756097561
SIDER,fedavg_proto,0.5,0,33,200,16,16,0.1,val,client_3,8,97,46,143,True,0.6183325862841775
SIDER,fedavg_proto,0.5,0,33,200,16,16,0.1,val,client_3,9,71,72,143,True,0.615414710485133
SIDER,fedavg_proto,0.5,0,33,200,16,16,0.1,val,client_3,10,35,108,143,True,0.614021164021164
SIDER,fedavg_proto,0.5,0,33,200,16,16,0.1,val,client_3,11,130,13,143,True,0.6609467455621302
SIDER,fedavg_proto,0.5,0,33,200,16,16,0.1,val,client_3,12,37,106,143,True,0.6935237123916369
SIDER,fedavg_proto,0.5,0,33,200,16,16,0.1,val,client_3,13,20,123,143,True,0.591869918699187
SIDER,fedavg_proto,0.5,0,33,200,16,16,0.1,val,client_3,14,107,36,143,True,0.5646417445482866
SIDER,fedavg_proto,0.5,0,33,200,16,16,0.1,val,client_3,15,94,49,143,True,0.6547980894485455
SIDER,fedavg_proto,0.5,0,33,200,16,16,0.1,val,client_3,16,129,14,143,True,0.6600221483942413
SIDER,fedavg_proto,0.5,0,33,200,16,16,0.1,val,client_3,17,20,123,143,True,0.5357723577235771
SIDER,fedavg_proto,0.5,0,33,200,16,16,0.1,val,client_3,18,104,39,143,True,0.6432445759368837
SIDER,fedavg_proto,0.5,0,33,200,16,16,0.1,val,client_3,19,103,40,143,True,0.6402912621359222
SIDER,fedavg_proto,0.5,0,33,200,16,16,0.1,val,client_3,20,102,41,143,True,0.5019129603060737
SIDER,fedavg_proto,0.5,0,33,200,16,16,0.1,val,client_3,21,98,45,143,True,0.5936507936507937
SIDER,fedavg_proto,0.5,0,33,200,16,16,0.1,val,client_3,22,10,133,143,True,0.6075187969924811
SIDER,fedavg_proto,0.5,0,33,200,16,16,0.1,val,client_3,23,64,79,143,True,0.5747626582278481
SIDER,fedavg_proto,0.5,0,33,200,16,16,0.1,val,client_3,24,104,39,143,True,0.5562130177514795
SIDER,fedavg_proto,0.5,0,33,200,16,16,0.1,val,client_3,25,134,9,143,True,0.681592039800995
SIDER,fedavg_proto,0.5,0,33,200,16,16,0.1,val,client_3,26,95,48,143,True,0.5686403508771929
SIDER,fedavg_proto,0.5,0,33,200,16,16,0.1,test,server,0,72,71,143,True,0.6737089201877935
SIDER,fedavg_proto,0.5,0,33,200,16,16,0.1,test,server,1,105,38,143,True,0.6556390977443609
SIDER,fedavg_proto,0.5,0,33,200,16,16,0.1,test,server,2,5,138,143,True,0.45507246376811594
SIDER,fedavg_proto,0.5,0,33,200,16,16,0.1,test,server,3,90,53,143,True,0.5054507337526205
SIDER,fedavg_proto,0.5,0,33,200,16,16,0.1,test,server,4,118,25,143,True,0.5728813559322035
SIDER,fedavg_proto,0.5,0,33,200,16,16,0.1,test,server,5,104,39,143,True,0.5729783037475346
SIDER,fedavg_proto,0.5,0,33,200,16,16,0.1,test,server,6,134,9,143,True,0.6086235489220564
SIDER,fedavg_proto,0.5,0,33,200,16,16,0.1,test,server,7,24,119,143,True,0.5896358543417367
SIDER,fedavg_proto,0.5,0,33,200,16,16,0.1,test,server,8,91,52,143,True,0.5376162299239222
SIDER,fedavg_proto,0.5,0,33,200,16,16,0.1,test,server,9,74,69,143,True,0.6149627888758324
SIDER,fedavg_proto,0.5,0,33,200,16,16,0.1,test,server,10,39,104,143,True,0.6274654832347141
SIDER,fedavg_proto,0.5,0,33,200,16,16,0.1,test,server,11,130,13,143,True,0.5142011834319526
SIDER,fedavg_proto,0.5,0,33,200,16,16,0.1,test,server,12,33,110,143,True,0.6101928374655647
SIDER,fedavg_proto,0.5,0,33,200,16,16,0.1,test,server,13,20,123,143,True,0.6069105691056911
SIDER,fedavg_proto,0.5,0,33,200,16,16,0.1,test,server,14,113,30,143,True,0.4973451327433628
SIDER,fedavg_proto,0.5,0,33,200,16,16,0.1,test,server,15,83,60,143,True,0.6387550200803213
SIDER,fedavg_proto,0.5,0,33,200,16,16,0.1,test,server,16,131,12,143,True,0.6494910941475827
SIDER,fedavg_proto,0.5,0,33,200,16,16,0.1,test,server,17,30,113,143,True,0.6330383480825958
SIDER,fedavg_proto,0.5,0,33,200,16,16,0.1,test,server,18,109,34,143,True,0.5207771181867242
SIDER,fedavg_proto,0.5,0,33,200,16,16,0.1,test,server,19,104,39,143,True,0.502465483234714
SIDER,fedavg_proto,0.5,0,33,200,16,16,0.1,test,server,20,102,41,143,True,0.49856527977044474
SIDER,fedavg_proto,0.5,0,33,200,16,16,0.1,test,server,21,98,45,143,True,0.6081632653061224
SIDER,fedavg_proto,0.5,0,33,200,16,16,0.1,test,server,22,14,129,143,True,0.5885935769656699
SIDER,fedavg_proto,0.5,0,33,200,16,16,0.1,test,server,23,60,83,143,True,0.49116465863453823
SIDER,fedavg_proto,0.5,0,33,200,16,16,0.1,test,server,24,98,45,143,True,0.47732426303854875
SIDER,fedavg_proto,0.5,0,33,200,16,16,0.1,test,server,25,132,11,143,True,0.6797520661157025
SIDER,fedavg_proto,0.5,0,33,200,16,16,0.1,test,server,26,101,42,143,True,0.5895803866100896
SIDER,fedavg_proto,0.5,0,33,200,16,16,0.1,test,client_0,0,72,71,143,True,0.6482785602503913
SIDER,fedavg_proto,0.5,0,33,200,16,16,0.1,test,client_0,1,105,38,143,True,0.580952380952381
SIDER,fedavg_proto,0.5,0,33,200,16,16,0.1,test,client_0,2,5,138,143,True,0.7565217391304349
SIDER,fedavg_proto,0.5,0,33,200,16,16,0.1,test,client_0,3,90,53,143,True,0.5584905660377358
SIDER,fedavg_proto,0.5,0,33,200,16,16,0.1,test,client_0,4,118,25,143,True,0.6494915254237289
SIDER,fedavg_proto,0.5,0,33,200,16,16,0.1,test,client_0,5,104,39,143,True,0.6153846153846154
SIDER,fedavg_proto,0.5,0,33,200,16,16,0.1,test,client_0,6,134,9,143,True,0.5547263681592041
SIDER,fedavg_proto,0.5,0,33,200,16,16,0.1,test,client_0,7,24,119,143,True,0.5696778711484594
SIDER,fedavg_proto,0.5,0,33,200,16,16,0.1,test,client_0,8,91,52,143,True,0.5278951817413355
SIDER,fedavg_proto,0.5,0,33,200,16,16,0.1,test,client_0,9,74,69,143,True,0.6034077555816687
SIDER,fedavg_proto,0.5,0,33,200,16,16,0.1,test,client_0,10,39,104,143,True,0.6057692307692307
SIDER,fedavg_proto,0.5,0,33,200,16,16,0.1,test,client_0,11,130,13,143,True,0.6810650887573965
SIDER,fedavg_proto,0.5,0,33,200,16,16,0.1,test,client_0,12,33,110,143,True,0.5669421487603306
SIDER,fedavg_proto,0.5,0,33,200,16,16,0.1,test,client_0,13,20,123,143,True,0.6073170731707317
SIDER,fedavg_proto,0.5,0,33,200,16,16,0.1,test,client_0,14,113,30,143,True,0.5793510324483776
SIDER,fedavg_proto,0.5,0,33,200,16,16,0.1,test,client_0,15,83,60,143,True,0.6618473895582329
SIDER,fedavg_proto,0.5,0,33,200,16,16,0.1,test,client_0,16,131,12,143,True,0.6946564885496184
SIDER,fedavg_proto,0.5,0,33,200,16,16,0.1,test,client_0,17,30,113,143,True,0.5870206489675517
SIDER,fedavg_proto,0.5,0,33,200,16,16,0.1,test,client_0,18,109,34,143,True,0.463302752293578
SIDER,fedavg_proto,0.5,0,33,200,16,16,0.1,test,client_0,19,104,39,143,True,0.5192307692307692
SIDER,fedavg_proto,0.5,0,33,200,16,16,0.1,test,client_0,20,102,41,143,True,0.5399330463892875
SIDER,fedavg_proto,0.5,0,33,200,16,16,0.1,test,client_0,21,98,45,143,True,0.600453514739229
SIDER,fedavg_proto,0.5,0,33,200,16,16,0.1,test,client_0,22,14,129,143,True,0.6295681063122923
SIDER,fedavg_proto,0.5,0,33,200,16,16,0.1,test,client_0,23,60,83,143,True,0.5877510040160643
SIDER,fedavg_proto,0.5,0,33,200,16,16,0.1,test,client_0,24,98,45,143,True,0.5129251700680272
SIDER,fedavg_proto,0.5,0,33,200,16,16,0.1,test,client_0,25,132,11,143,True,0.637741046831956
SIDER,fedavg_proto,0.5,0,33,200,16,16,0.1,test,client_0,26,101,42,143,True,0.6225836869401226
SIDER,fedavg_proto,0.5,0,33,200,16,16,0.1,test,client_1,0,72,71,143,True,0.644170579029734
SIDER,fedavg_proto,0.5,0,33,200,16,16,0.1,test,client_1,1,105,38,143,True,0.62406015037594
SIDER,fedavg_proto,0.5,0,33,200,16,16,0.1,test,client_1,2,5,138,143,True,0.5666666666666667
SIDER,fedavg_proto,0.5,0,33,200,16,16,0.1,test,client_1,3,90,53,143,True,0.5379454926624738
SIDER,fedavg_proto,0.5,0,33,200,16,16,0.1,test,client_1,4,118,25,143,True,0.5196610169491526
SIDER,fedavg_proto,0.5,0,33,200,16,16,0.1,test,client_1,5,104,39,143,True,0.5507889546351085
SIDER,fedavg_proto,0.5,0,33,200,16,16,0.1,test,client_1,6,134,9,143,True,0.5505804311774462
SIDER,fedavg_proto,0.5,0,33,200,16,16,0.1,test,client_1,7,24,119,143,True,0.6869747899159664
SIDER,fedavg_proto,0.5,0,33,200,16,16,0.1,test,client_1,8,91,52,143,True,0.6022823330515639
SIDER,fedavg_proto,0.5,0,33,200,16,16,0.1,test,client_1,9,74,69,143,True,0.6731296513905209
SIDER,fedavg_proto,0.5,0,33,200,16,16,0.1,test,client_1,10,39,104,143,True,0.6247534516765285
SIDER,fedavg_proto,0.5,0,33,200,16,16,0.1,test,client_1,11,130,13,143,True,0.4863905325443787
SIDER,fedavg_proto,0.5,0,33,200,16,16,0.1,test,client_1,12,33,110,143,True,0.6707988980716253
SIDER,fedavg_proto,0.5,0,33,200,16,16,0.1,test,client_1,13,20,123,143,True,0.6813008130081301
SIDER,fedavg_proto,0.5,0,33,200,16,16,0.1,test,client_1,14,113,30,143,True,0.4938053097345133
SIDER,fedavg_proto,0.5,0,33,200,16,16,0.1,test,client_1,15,83,60,143,True,0.5865461847389557
SIDER,fedavg_proto,0.5,0,33,200,16,16,0.1,test,client_1,16,131,12,143,True,0.5089058524173028
SIDER,fedavg_proto,0.5,0,33,200,16,16,0.1,test,client_1,17,30,113,143,True,0.6507374631268437
SIDER,fedavg_proto,0.5,0,33,200,16,16,0.1,test,client_1,18,109,34,143,True,0.5628710199676201
SIDER,fedavg_proto,0.5,0,33,200,16,16,0.1,test,client_1,19,104,39,143,True,0.5288461538461539
SIDER,fedavg_proto,0.5,0,33,200,16,16,0.1,test,client_1,20,102,41,143,True,0.546389287422286
SIDER,fedavg_proto,0.5,0,33,200,16,16,0.1,test,client_1,21,98,45,143,True,0.5340136054421769
SIDER,fedavg_proto,0.5,0,33,200,16,16,0.1,test,client_1,22,14,129,143,True,0.7397563676633444
SIDER,fedavg_proto,0.5,0,33,200,16,16,0.1,test,client_1,23,60,83,143,True,0.5152610441767068
SIDER,fedavg_proto,0.5,0,33,200,16,16,0.1,test,client_1,24,98,45,143,True,0.5056689342403629
SIDER,fedavg_proto,0.5,0,33,200,16,16,0.1,test,client_1,25,132,11,143,True,0.6377410468319559
SIDER,fedavg_proto,0.5,0,33,200,16,16,0.1,test,client_1,26,101,42,143,True,0.611032531824611
SIDER,fedavg_proto,0.5,0,33,200,16,16,0.1,test,client_2,0,72,71,143,True,0.5389280125195618
SIDER,fedavg_proto,0.5,0,33,200,16,16,0.1,test,client_2,1,105,38,143,True,0.5135338345864662
SIDER,fedavg_proto,0.5,0,33,200,16,16,0.1,test,client_2,2,5,138,143,True,0.6144927536231883
SIDER,fedavg_proto,0.5,0,33,200,16,16,0.1,test,client_2,3,90,53,143,True,0.47589098532494756
SIDER,fedavg_proto,0.5,0,33,200,16,16,0.1,test,client_2,4,118,25,143,True,0.528135593220339
SIDER,fedavg_proto,0.5,0,33,200,16,16,0.1,test,client_2,5,104,39,143,True,0.5744575936883629
SIDER,fedavg_proto,0.5,0,33,200,16,16,0.1,test,client_2,6,134,9,143,True,0.592039800995025
SIDER,fedavg_proto,0.5,0,33,200,16,16,0.1,test,client_2,7,24,119,143,True,0.5668767507002801
SIDER,fedavg_proto,0.5,0,33,200,16,16,0.1,test,client_2,8,91,52,143,True,0.525570583262891
SIDER,fedavg_proto,0.5,0,33,200,16,16,0.1,test,client_2,9,74,69,143,True,0.5511163337250293
SIDER,fedavg_proto,0.5,0,33,200,16,16,0.1,test,client_2,10,39,104,143,True,0.6057692307692308
SIDER,fedavg_proto,0.5,0,33,200,16,16,0.1,test,client_2,11,130,13,143,True,0.3792899408284024
SIDER,fedavg_proto,0.5,0,33,200,16,16,0.1,test,client_2,12,33,110,143,True,0.6041322314049586
SIDER,fedavg_proto,0.5,0,33,200,16,16,0.1,test,client_2,13,20,123,143,True,0.5532520325203252
SIDER,fedavg_proto,0.5,0,33,200,16,16,0.1,test,client_2,14,113,30,143,True,0.4651917404129794
SIDER,fedavg_proto,0.5,0,33,200,16,16,0.1,test,client_2,15,83,60,143,True,0.6106425702811246
SIDER,fedavg_proto,0.5,0,33,200,16,16,0.1,test,client_2,16,131,12,143,True,0.633587786259542
SIDER,fedavg_proto,0.5,0,33,200,16,16,0.1,test,client_2,17,30,113,143,True,0.6168141592920354
SIDER,fedavg_proto,0.5,0,33,200,16,16,0.1,test,client_2,18,109,34,143,True,0.47085806799784136
SIDER,fedavg_proto,0.5,0,33,200,16,16,0.1,test,client_2,19,104,39,143,True,0.46178500986193294
SIDER,fedavg_proto,0.5,0,33,200,16,16,0.1,test,client_2,20,102,41,143,True,0.4598278335724534
SIDER,fedavg_proto,0.5,0,33,200,16,16,0.1,test,client_2,21,98,45,143,True,0.5884353741496599
SIDER,fedavg_proto,0.5,0,33,200,16,16,0.1,test,client_2,22,14,129,143,True,0.5703211517165006
SIDER,fedavg_proto,0.5,0,33,200,16,16,0.1,test,client_2,23,60,83,143,True,0.4598393574297189
SIDER,fedavg_proto,0.5,0,33,200,16,16,0.1,test,client_2,24,98,45,143,True,0.45238095238095244
SIDER,fedavg_proto,0.5,0,33,200,16,16,0.1,test,client_2,25,132,11,143,True,0.6549586776859504
SIDER,fedavg_proto,0.5,0,33,200,16,16,0.1,test,client_2,26,101,42,143,True,0.5563413484205564
SIDER,fedavg_proto,0.5,0,33,200,16,16,0.1,test,client_3,0,72,71,143,True,0.6183489827856025
SIDER,fedavg_proto,0.5,0,33,200,16,16,0.1,test,client_3,1,105,38,143,True,0.6481203007518798
SIDER,fedavg_proto,0.5,0,33,200,16,16,0.1,test,client_3,2,5,138,143,True,0.7144927536231884
SIDER,fedavg_proto,0.5,0,33,200,16,16,0.1,test,client_3,3,90,53,143,True,0.5339622641509434
SIDER,fedavg_proto,0.5,0,33,200,16,16,0.1,test,client_3,4,118,25,143,True,0.6576271186440678
SIDER,fedavg_proto,0.5,0,33,200,16,16,0.1,test,client_3,5,104,39,143,True,0.5692800788954635
SIDER,fedavg_proto,0.5,0,33,200,16,16,0.1,test,client_3,6,134,9,143,True,0.693200663349917
SIDER,fedavg_proto,0.5,0,33,200,16,16,0.1,test,client_3,7,24,119,143,True,0.5262605042016806
SIDER,fedavg_proto,0.5,0,33,200,16,16,0.1,test,client_3,8,91,52,143,True,0.5350803043110736
SIDER,fedavg_proto,0.5,0,33,200,16,16,0.1,test,client_3,9,74,69,143,True,0.6513905209557384
SIDER,fedavg_proto,0.5,0,33,200,16,16,0.1,test,client_3,10,39,104,143,True,0.5882642998027614
SIDER,fedavg_proto,0.5,0,33,200,16,16,0.1,test,client_3,11,130,13,143,True,0.6449704142011834
SIDER,fedavg_proto,0.5,0,33,200,16,16,0.1,test,client_3,12,33,110,143,True,0.5931129476584023
SIDER,fedavg_proto,0.5,0,33,200,16,16,0.1,test,client_3,13,20,123,143,True,0.5504065040650407
SIDER,fedavg_proto,0.5,0,33,200,16,16,0.1,test,client_3,14,113,30,143,True,0.6368731563421829
SIDER,fedavg_proto,0.5,0,33,200,16,16,0.1,test,client_3,15,83,60,143,True,0.6389558232931727
SIDER,fedavg_proto,0.5,0,33,200,16,16,0.1,test,client_3,16,131,12,143,True,0.7703562340966922
SIDER,fedavg_proto,0.5,0,33,200,16,16,0.1,test,client_3,17,30,113,143,True,0.5616519174041298
SIDER,fedavg_proto,0.5,0,33,200,16,16,0.1,test,client_3,18,109,34,143,True,0.5661090124123045
SIDER,fedavg_proto,0.5,0,33,200,16,16,0.1,test,client_3,19,104,39,143,True,0.5276134122287968
SIDER,fedavg_proto,0.5,0,33,200,16,16,0.1,test,client_3,20,102,41,143,True,0.5241511238641798
SIDER,fedavg_proto,0.5,0,33,200,16,16,0.1,test,client_3,21,98,45,143,True,0.6297052154195011
SIDER,fedavg_proto,0.5,0,33,200,16,16,0.1,test,client_3,22,14,129,143,True,0.5282392026578073
SIDER,fedavg_proto,0.5,0,33,200,16,16,0.1,test,client_3,23,60,83,143,True,0.494578313253012
SIDER,fedavg_proto,0.5,0,33,200,16,16,0.1,test,client_3,24,98,45,143,True,0.5394557823129251
SIDER,fedavg_proto,0.5,0,33,200,16,16,0.1,test,client_3,25,132,11,143,True,0.6584022038567493
SIDER,fedavg_proto,0.5,0,33,200,16,16,0.1,test,client_3,26,101,42,143,True,0.574021687883074
SIDER,fedavg_proto,0.5,0,34,200,16,16,0.1,val,server,0,76,67,143,True,0.5972113118617439
SIDER,fedavg_proto,0.5,0,34,200,16,16,0.1,val,server,1,99,44,143,True,0.6336088154269973
SIDER,fedavg_proto,0.5,0,34,200,16,16,0.1,val,server,2,2,141,143,True,0.6347517730496454
SIDER,fedavg_proto,0.5,0,34,200,16,16,0.1,val,server,3,85,58,143,True,0.6616632860040568
SIDER,fedavg_proto,0.5,0,34,200,16,16,0.1,val,server,4,117,26,143,True,0.6785009861932939
SIDER,fedavg_proto,0.5,0,34,200,16,16,0.1,val,server,5,99,44,143,True,0.6421028466483012
SIDER,fedavg_proto,0.5,0,34,200,16,16,0.1,val,server,6,131,12,143,True,0.7620865139949109
SIDER,fedavg_proto,0.5,0,34,200,16,16,0.1,val,server,7,20,123,143,True,0.6410569105691057
SIDER,fedavg_proto,0.5,0,34,200,16,16,0.1,val,server,8,97,46,143,True,0.6503809950694756
SIDER,fedavg_proto,0.5,0,34,200,16,16,0.1,val,server,9,71,72,143,True,0.630868544600939
SIDER,fedavg_proto,0.5,0,34,200,16,16,0.1,val,server,10,35,108,143,True,0.611111111111111
SIDER,fedavg_proto,0.5,0,34,200,16,16,0.1,val,server,11,130,13,143,True,0.6739644970414201
SIDER,fedavg_proto,0.5,0,34,200,16,16,0.1,val,server,12,37,106,143,True,0.6761856195818461
SIDER,fedavg_proto,0.5,0,34,200,16,16,0.1,val,server,13,20,123,143,True,0.6109756097560974
SIDER,fedavg_proto,0.5,0,34,200,16,16,0.1,val,server,14,107,36,143,True,0.5301142263759085
SIDER,fedavg_proto,0.5,0,34,200,16,16,0.1,val,server,15,94,49,143,True,0.6663048198002606
SIDER,fedavg_proto,0.5,0,34,200,16,16,0.1,val,server,16,129,14,143,True,0.6666666666666667
SIDER,fedavg_proto,0.5,0,34,200,16,16,0.1,val,server,17,20,123,143,True,0.5166666666666666
SIDER,fedavg_proto,0.5,0,34,200,16,16,0.1,val,server,18,104,39,143,True,0.5658284023668639
SIDER,fedavg_proto,0.5,0,34,200,16,16,0.1,val,server,19,103,40,143,True,0.6332524271844661
SIDER,fedavg_proto,0.5,0,34,200,16,16,0.1,val,server,20,102,41,143,True,0.5506934481109518
SIDER,fedavg_proto,0.5,0,34,200,16,16,0.1,val,server,21,98,45,143,True,0.6784580498866212
SIDER,fedavg_proto,0.5,0,34,200,16,16,0.1,val,server,22,10,133,143,True,0.6699248120300753
SIDER,fedavg_proto,0.5,0,34,200,16,16,0.1,val,server,23,64,79,143,True,0.6174841772151899
SIDER,fedavg_proto,0.5,0,34,200,16,16,0.1,val,server,24,104,39,143,True,0.5949211045364892
SIDER,fedavg_proto,0.5,0,34,200,16,16,0.1,val,server,25,134,9,143,True,0.7280265339966832
SIDER,fedavg_proto,0.5,0,34,200,16,16,0.1,val,server,26,95,48,143,True,0.6008771929824561
SIDER,fedavg_proto,0.5,0,34,200,16,16,0.1,val,client_0,0,76,67,143,True,0.6622152395915161
SIDER,fedavg_proto,0.5,0,34,200,16,16,0.1,val,client_0,1,99,44,143,True,0.6363636363636364
SIDER,fedavg_proto,0.5,0,34,200,16,16,0.1,val,client_0,2,2,141,143,True,0.677304964539007
SIDER,fedavg_proto,0.5,0,34,200,16,16,0.1,val,client_0,3,85,58,143,True,0.6290060851926977
SIDER,fedavg_proto,0.5,0,34,200,16,16,0.1,val,client_0,4,117,26,143,True,0.6873767258382644
SIDER,fedavg_proto,0.5,0,34,200,16,16,0.1,val,client_0,5,99,44,143,True,0.6864095500459136
SIDER,fedavg_proto,0.5,0,34,200,16,16,0.1,val,client_0,6,131,12,143,True,0.7022900763358779
SIDER,fedavg_proto,0.5,0,34,200,16,16,0.1,val,client_0,7,20,123,143,True,0.6378048780487805
SIDER,fedavg_proto,0.5,0,34,200,16,16,0.1,val,client_0,8,97,46,143,True,0.6028686687584044
SIDER,fedavg_proto,0.5,0,34,200,16,16,0.1,val,client_0,9,71,72,143,True,0.5537949921752738
SIDER,fedavg_proto,0.5,0,34,200,16,16,0.1,val,client_0,10,35,108,143,True,0.6677248677248677
SIDER,fedavg_proto,0.5,0,34,200,16,16,0.1,val,client_0,11,130,13,143,True,0.798224852071006
SIDER,fedavg_proto,0.5,0,34,200,16,16,0.1,val,client_0,12,37,106,143,True,0.6251912289648139
SIDER,fedavg_proto,0.5,0,34,200,16,16,0.1,val,client_0,13,20,123,143,True,0.6878048780487804
SIDER,fedavg_proto,0.5,0,34,200,16,16,0.1,val,client_0,14,107,36,143,True,0.5373831775700935
SIDER,fedavg_proto,0.5,0,34,200,16,16,0.1,val,client_0,15,94,49,143,True,0.6756404689535389
SIDER,fedavg_proto,0.5,0,34,200,16,16,0.1,val,client_0,16,129,14,143,True,0.6926910299003322
SIDER,fedavg_proto,0.5,0,34,200,16,16,0.1,val,client_0,17,20,123,143,True,0.5585365853658537
SIDER,fedavg_proto,0.5,0,34,200,16,16,0.1,val,client_0,18,104,39,143,True,0.5754437869822485
SIDER,fedavg_proto,0.5,0,34,200,16,16,0.1,val,client_0,19,103,40,143,True,0.6509708737864078
SIDER,fedavg_proto,0.5,0,34,200,16,16,0.1,val,client_0,20,102,41,143,True,0.6441893830703013
SIDER,fedavg_proto,0.5,0,34,200,16,16,0.1,val,client_0,21,98,45,143,True,0.6603174603174603
SIDER,fedavg_proto,0.5,0,34,200,16,16,0.1,val,client_0,22,10,133,143,True,0.6413533834586467
SIDER,fedavg_proto,0.5,0,34,200,16,16,0.1,val,client_0,23,64,79,143,True,0.6331091772151898
SIDER,fedavg_proto,0.5,0,34,200,16,16,0.1,val,client_0,24,104,39,143,True,0.5714990138067061
SIDER,fedavg_proto,0.5,0,34,200,16,16,0.1,val,client_0,25,134,9,143,True,0.7321724709784412
SIDER,fedavg_proto,0.5,0,34,200,16,16,0.1,val,client_0,26,95,48,143,True,0.6526315789473685
SIDER,fedavg_proto,0.5,0,34,200,16,16,0.1,val,client_1,0,76,67,143,True,0.5815003927729772
SIDER,fedavg_proto,0.5,0,34,200,16,16,0.1,val,client_1,1,99,44,143,True,0.6028466483011938
SIDER,fedavg_proto,0.5,0,34,200,16,16,0.1,val,client_1,2,2,141,143,True,0.6808510638297872
SIDER,fedavg_proto,0.5,0,34,200,16,16,0.1,val,client_1,3,85,58,143,True,0.6628803245436107
SIDER,fedavg_proto,0.5,0,34,200,16,16,0.1,val,client_1,4,117,26,143,True,0.6117685733070348
SIDER,fedavg_proto,0.5,0,34,200,16,16,0.1,val,client_1,5,99,44,143,True,0.5247933884297521
SIDER,fedavg_proto,0.5,0,34,200,16,16,0.1,val,client_1,6,131,12,143,True,0.7379134860050891
SIDER,fedavg_proto,0.5,0,34,200,16,16,0.1,val,client_1,7,20,123,143,True,0.5191056910569105
SIDER,fedavg_proto,0.5,0,34,200,16,16,0.1,val,client_1,8,97,46,143,True,0.588077095472882
SIDER,fedavg_proto,0.5,0,34,200,16,16,0.1,val,client_1,9,71,72,143,True,0.6034820031298904
SIDER,fedavg_proto,0.5,0,34,200,16,16,0.1,val,client_1,10,35,108,143,True,0.5142857142857142
SIDER,fedavg_proto,0.5,0,34,200,16,16,0.1,val,client_1,11,130,13,143,True,0.5431952662721893
SIDER,fedavg_proto,0.5,0,34,200,16,16,0.1,val,client_1,12,37,106,143,True,0.599949005609383
SIDER,fedavg_proto,0.5,0,34,200,16,16,0.1,val,client_1,13,20,123,143,True,0.5821138211382114
SIDER,fedavg_proto,0.5,0,34,200,16,16,0.1,val,client_1,14,107,36,143,True,0.5293354101765316
SIDER,fedavg_proto,0.5,0,34,200,16,16,0.1,val,client_1,15,94,49,143,True,0.6578376031263569
SIDER,fedavg_proto,0.5,0,34,200,16,16,0.1,val,client_1,16,129,14,143,True,0.6179401993355482
SIDER,fedavg_proto,0.5,0,34,200,16,16,0.1,val,client_1,17,20,123,143,True,0.4857723577235772
SIDER,fedavg_proto,0.5,0,34,200,16,16,0.1,val,client_1,18,104,39,143,True,0.4854536489151874
SIDER,fedavg_proto,0.5,0,34,200,16,16,0.1,val,client_1,19,103,40,143,True,0.5973300970873786
SIDER,fedavg_proto,0.5,0,34,200,16,16,0.1,val,client_1,20,102,41,143,True,0.5693448110951698
SIDER,fedavg_proto,0.5,0,34,200,16,16,0.1,val,client_1,21,98,45,143,True,0.6310657596371883
SIDER,fedavg_proto,0.5,0,34,200,16,16,0.1,val,client_1,22,10,133,143,True,0.5812030075187969
SIDER,fedavg_proto,0.5,0,34,200,16,16,0.1,val,client_1,23,64,79,143,True,0.5729825949367088
SIDER,fedavg_proto,0.5,0,34,200,16,16,0.1,val,client_1,24,104,39,143,True,0.6146449704142012
SIDER,fedavg_proto,0.5,0,34,200,16,16,0.1,val,client_1,25,134,9,143,True,0.736318407960199
SIDER,fedavg_proto,0.5,0,34,200,16,16,0.1,val,client_1,26,95,48,143,True,0.5478070175438596
SIDER,fedavg_proto,0.5,0,34,200,16,16,0.1,val,client_2,0,76,67,143,True,0.5139434406912804
SIDER,fedavg_proto,0.5,0,34,200,16,16,0.1,val,client_2,1,99,44,143,True,0.5661157024793388
SIDER,fedavg_proto,0.5,0,34,200,16,16,0.1,val,client_2,2,2,141,143,True,0.875886524822695
SIDER,fedavg_proto,0.5,0,34,200,16,16,0.1,val,client_2,3,85,58,143,True,0.5989858012170385
SIDER,fedavg_proto,0.5,0,34,200,16,16,0.1,val,client_2,4,117,26,143,True,0.554240631163708
SIDER,fedavg_proto,0.5,0,34,200,16,16,0.1,val,client_2,5,99,44,143,True,0.545224977043159
SIDER,fedavg_proto,0.5,0,34,200,16,16,0.1,val,client_2,6,131,12,143,True,0.717557251908397
SIDER,fedavg_proto,0.5,0,34,200,16,16,0.1,val,client_2,7,20,123,143,True,0.6211382113821138
SIDER,fedavg_proto,0.5,0,34,200,16,16,0.1,val,client_2,8,97,46,143,True,0.6004034065441506
SIDER,fedavg_proto,0.5,0,34,200,16,16,0.1,val,client_2,9,71,72,143,True,0.59839593114241
SIDER,fedavg_proto,0.5,0,34,200,16,16,0.1,val,client_2,10,35,108,143,True,0.5947089947089947
SIDER,fedavg_proto,0.5,0,34,200,16,16,0.1,val,client_2,11,130,13,143,True,0.4041420118343195
SIDER,fedavg_proto,0.5,0,34,200,16,16,0.1,val,client_2,12,37,106,143,True,0.6547679755226925
SIDER,fedavg_proto,0.5,0,34,200,16,16,0.1,val,client_2,13,20,123,143,True,0.5837398373983741
SIDER,fedavg_proto,0.5,0,34,200,16,16,0.1,val,client_2,14,107,36,143,True,0.4997403946002077
SIDER,fedavg_proto,0.5,0,34,200,16,16,0.1,val,client_2,15,94,49,143,True,0.6600086843247938
SIDER,fedavg_proto,0.5,0,34,200,16,16,0.1,val,client_2,16,129,14,143,True,0.5658914728682171
SIDER,fedavg_proto,0.5,0,34,200,16,16,0.1,val,client_2,17,20,123,143,True,0.4402439024390244
SIDER,fedavg_proto,0.5,0,34,200,16,16,0.1,val,client_2,18,104,39,143,True,0.5263806706114398
SIDER,fedavg_proto,0.5,0,34,200,16,16,0.1,val,client_2,19,103,40,143,True,0.5080097087378641
SIDER,fedavg_proto,0.5,0,34,200,16,16,0.1,val,client_2,20,102,41,143,True,0.4655667144906743
SIDER,fedavg_proto,0.5,0,34,200,16,16,0.1,val,client_2,21,98,45,143,True,0.6204081632653061
SIDER,fedavg_proto,0.5,0,34,200,16,16,0.1,val,client_2,22,10,133,143,True,0.6233082706766918
SIDER,fedavg_proto,0.5,0,34,200,16,16,0.1,val,client_2,23,64,79,143,True,0.5571598101265822
SIDER,fedavg_proto,0.5,0,34,200,16,16,0.1,val,client_2,24,104,39,143,True,0.5483234714003945
SIDER,fedavg_proto,0.5,0,34,200,16,16,0.1,val,client_2,25,134,9,143,True,0.6243781094527363
SIDER,fedavg_proto,0.5,0,34,200,16,16,0.1,val,client_2,26,95,48,143,True,0.5311403508771929
SIDER,fedavg_proto,0.5,0,34,200,16,16,0.1,val,client_3,0,76,67,143,True,0.646700706991359
SIDER,fedavg_proto,0.5,0,34,200,16,16,0.1,val,client_3,1,99,44,143,True,0.6508264462809917
SIDER,fedavg_proto,0.5,0,34,200,16,16,0.1,val,client_3,2,2,141,143,True,0.7624113475177305
SIDER,fedavg_proto,0.5,0,34,200,16,16,0.1,val,client_3,3,85,58,143,True,0.5764705882352941
SIDER,fedavg_proto,0.5,0,34,200,16,16,0.1,val,client_3,4,117,26,143,True,0.7238658777120315
SIDER,fedavg_proto,0.5,0,34,200,16,16,0.1,val,client_3,5,99,44,143,True,0.6822773186409551
SIDER,fedavg_proto,0.5,0,34,200,16,16,0.1,val,client_3,6,131,12,143,True,0.7665394402035624
SIDER,fedavg_proto,0.5,0,34,200,16,16,0.1,val,client_3,7,20,123,143,True,0.5804878048780489
SIDER,fedavg_proto,0.5,0,34,200,16,16,0.1,val,client_3,8,97,46,143,True,0.6311071268489467
SIDER,fedavg_proto,0.5,0,34,200,16,16,0.1,val,client_3,9,71,72,143,True,0.6291079812206573
SIDER,fedavg_proto,0.5,0,34,200,16,16,0.1,val,client_3,10,35,108,143,True,0.6312169312169312
SIDER,fedavg_proto,0.5,0,34,200,16,16,0.1,val,client_3,11,130,13,143,True,0.655621301775148
SIDER,fedavg_proto,0.5,0,34,200,16,16,0.1,val,client_3,12,37,106,143,True,0.7047424783273839
SIDER,fedavg_proto,0.5,0,34,200,16,16,0.1,val,client_3,13,20,123,143,True,0.6081300813008129
SIDER,fedavg_proto,0.5,0,34,200,16,16,0.1,val,client_3,14,107,36,143,True,0.5698338525441329
SIDER,fedavg_proto,0.5,0,34,200,16,16,0.1,val,client_3,15,94,49,143,True,0.6684759009986974
SIDER,fedavg_proto,0.5,0,34,200,16,16,0.1,val,client_3,16,129,14,143,True,0.6893687707641196
SIDER,fedavg_proto,0.5,0,34,200,16,16,0.1,val,client_3,17,20,123,143,True,0.5686991869918699
SIDER,fedavg_proto,0.5,0,34,200,16,16,0.1,val,client_3,18,104,39,143,True,0.639792899408284
SIDER,fedavg_proto,0.5,0,34,200,16,16,0.1,val,client_3,19,103,40,143,True,0.6492718446601942
SIDER,fedavg_proto,0.5,0,34,200,16,16,0.1,val,client_3,20,102,41,143,True,0.5212816834050693
SIDER,fedavg_proto,0.5,0,34,200,16,16,0.1,val,client_3,21,98,45,143,True,0.6224489795918368
SIDER,fedavg_proto,0.5,0,34,200,16,16,0.1,val,client_3,22,10,133,143,True,0.6022556390977444
SIDER,fedavg_proto,0.5,0,34,200,16,16,0.1,val,client_3,23,64,79,143,True,0.5757515822784809
SIDER,fedavg_proto,0.5,0,34,200,16,16,0.1,val,client_3,24,104,39,143,True,0.5608974358974359
SIDER,fedavg_proto,0.5,0,34,200,16,16,0.1,val,client_3,25,134,9,143,True,0.6708126036484247
SIDER,fedavg_proto,0.5,0,34,200,16,16,0.1,val,client_3,26,95,48,143,True,0.5589912280701754
SIDER,fedavg_proto,0.5,0,34,200,16,16,0.1,test,server,0,72,71,143,True,0.6719483568075116
SIDER,fedavg_proto,0.5,0,34,200,16,16,0.1,test,server,1,105,38,143,True,0.6636591478696742
SIDER,fedavg_proto,0.5,0,34,200,16,16,0.1,test,server,2,5,138,143,True,0.4666666666666667
SIDER,fedavg_proto,0.5,0,34,200,16,16,0.1,test,server,3,90,53,143,True,0.5144654088050314
SIDER,fedavg_proto,0.5,0,34,200,16,16,0.1,test,server,4,118,25,143,True,0.5688135593220338
SIDER,fedavg_proto,0.5,0,34,200,16,16,0.1,test,server,5,104,39,143,True,0.5739644970414202
SIDER,fedavg_proto,0.5,0,34,200,16,16,0.1,test,server,6,134,9,143,True,0.603648424543947
SIDER,fedavg_proto,0.5,0,34,200,16,16,0.1,test,server,7,24,119,143,True,0.5934873949579832
SIDER,fedavg_proto,0.5,0,34,200,16,16,0.1,test,server,8,91,52,143,True,0.5217666948436179
SIDER,fedavg_proto,0.5,0,34,200,16,16,0.1,test,server,9,74,69,143,True,0.6231884057971014
SIDER,fedavg_proto,0.5,0,34,200,16,16,0.1,test,server,10,39,104,143,True,0.623767258382643
SIDER,fedavg_proto,0.5,0,34,200,16,16,0.1,test,server,11,130,13,143,True,0.5076923076923078
SIDER,fedavg_proto,0.5,0,34,200,16,16,0.1,test,server,12,33,110,143,True,0.6132231404958677
SIDER,fedavg_proto,0.5,0,34,200,16,16,0.1,test,server,13,20,123,143,True,0.6199186991869918
SIDER,fedavg_proto,0.5,0,34,200,16,16,0.1,test,server,14,113,30,143,True,0.5014749262536873
SIDER,fedavg_proto,0.5,0,34,200,16,16,0.1,test,server,15,83,60,143,True,0.6389558232931728
SIDER,fedavg_proto,0.5,0,34,200,16,16,0.1,test,server,16,131,12,143,True,0.6507633587786259
SIDER,fedavg_proto,0.5,0,34,200,16,16,0.1,test,server,17,30,113,143,True,0.6551622418879055
SIDER,fedavg_proto,0.5,0,34,200,16,16,0.1,test,server,18,109,34,143,True,0.5256341068537507
SIDER,fedavg_proto,0.5,0,34,200,16,16,0.1,test,server,19,104,39,143,True,0.5078895463510847
SIDER,fedavg_proto,0.5,0,34,200,16,16,0.1,test,server,20,102,41,143,True,0.4928263988522238
SIDER,fedavg_proto,0.5,0,34,200,16,16,0.1,test,server,21,98,45,143,True,0.6065759637188209
SIDER,fedavg_proto,0.5,0,34,200,16,16,0.1,test,server,22,14,129,143,True,0.6190476190476191
SIDER,fedavg_proto,0.5,0,34,200,16,16,0.1,test,server,23,60,83,143,True,0.5024096385542168
SIDER,fedavg_proto,0.5,0,34,200,16,16,0.1,test,server,24,98,45,143,True,0.4825396825396825
SIDER,fedavg_proto,0.5,0,34,200,16,16,0.1,test,server,25,132,11,143,True,0.6728650137741047
SIDER,fedavg_proto,0.5,0,34,200,16,16,0.1,test,server,26,101,42,143,True,0.600895803866101
SIDER,fedavg_proto,0.5,0,34,200,16,16,0.1,test,client_0,0,72,71,143,True,0.6572769953051643
SIDER,fedavg_proto,0.5,0,34,200,16,16,0.1,test,client_0,1,105,38,143,True,0.600250626566416
SIDER,fedavg_proto,0.5,0,34,200,16,16,0.1,test,client_0,2,5,138,143,True,0.7681159420289855
SIDER,fedavg_proto,0.5,0,34,200,16,16,0.1,test,client_0,3,90,53,143,True,0.5459119496855346
SIDER,fedavg_proto,0.5,0,34,200,16,16,0.1,test,client_0,4,118,25,143,True,0.6749152542372882
SIDER,fedavg_proto,0.5,0,34,200,16,16,0.1,test,client_0,5,104,39,143,True,0.6183431952662722
SIDER,fedavg_proto,0.5,0,34,200,16,16,0.1,test,client_0,6,134,9,143,True,0.5514096185737977
SIDER,fedavg_proto,0.5,0,34,200,16,16,0.1,test,client_0,7,24,119,143,True,0.5570728291316527
SIDER,fedavg_proto,0.5,0,34,200,16,16,0.1,test,client_0,8,91,52,143,True,0.5234573119188504
SIDER,fedavg_proto,0.5,0,34,200,16,16,0.1,test,client_0,9,74,69,143,True,0.6106541323932628
SIDER,fedavg_proto,0.5,0,34,200,16,16,0.1,test,client_0,10,39,104,143,True,0.6356015779092702
SIDER,fedavg_proto,0.5,0,34,200,16,16,0.1,test,client_0,11,130,13,143,True,0.6585798816568047
SIDER,fedavg_proto,0.5,0,34,200,16,16,0.1,test,client_0,12,33,110,143,True,0.6049586776859505
SIDER,fedavg_proto,0.5,0,34,200,16,16,0.1,test,client_0,13,20,123,143,True,0.6065040650406505
SIDER,fedavg_proto,0.5,0,34,200,16,16,0.1,test,client_0,14,113,30,143,True,0.5713864306784661
SIDER,fedavg_proto,0.5,0,34,200,16,16,0.1,test,client_0,15,83,60,143,True,0.6672690763052209
SIDER,fedavg_proto,0.5,0,34,200,16,16,0.1,test,client_0,16,131,12,143,True,0.7035623409669212
SIDER,fedavg_proto,0.5,0,34,200,16,16,0.1,test,client_0,17,30,113,143,True,0.6053097345132743
SIDER,fedavg_proto,0.5,0,34,200,16,16,0.1,test,client_0,18,109,34,143,True,0.519158121964382
SIDER,fedavg_proto,0.5,0,34,200,16,16,0.1,test,client_0,19,104,39,143,True,0.5231755424063116
SIDER,fedavg_proto,0.5,0,34,200,16,16,0.1,test,client_0,20,102,41,143,True,0.5167384026781444
SIDER,fedavg_proto,0.5,0,34,200,16,16,0.1,test,client_0,21,98,45,143,True,0.5936507936507937
SIDER,fedavg_proto,0.5,0,34,200,16,16,0.1,test,client_0,22,14,129,143,True,0.6450719822812846
SIDER,fedavg_proto,0.5,0,34,200,16,16,0.1,test,client_0,23,60,83,143,True,0.5616465863453814
SIDER,fedavg_proto,0.5,0,34,200,16,16,0.1,test,client_0,24,98,45,143,True,0.4947845804988662
SIDER,fedavg_proto,0.5,0,34,200,16,16,0.1,test,client_0,25,132,11,143,True,0.6432506887052342
SIDER,fedavg_proto,0.5,0,34,200,16,16,0.1,test,client_0,26,101,42,143,True,0.6504007543611504
SIDER,fedavg_proto,0.5,0,34,200,16,16,0.1,test,client_1,0,72,71,143,True,0.6516040688575899
SIDER,fedavg_proto,0.5,0,34,200,16,16,0.1,test,client_1,1,105,38,143,True,0.6283208020050125
SIDER,fedavg_proto,0.5,0,34,200,16,16,0.1,test,client_1,2,5,138,143,True,0.5507246376811594
SIDER,fedavg_proto,0.5,0,34,200,16,16,0.1,test,client_1,3,90,53,143,True,0.5333333333333333
SIDER,fedavg_proto,0.5,0,34,200,16,16,0.1,test,client_1,4,118,25,143,True,0.5091525423728813
SIDER,fedavg_proto,0.5,0,34,200,16,16,0.1,test,client_1,5,104,39,143,True,0.5399408284023668
SIDER,fedavg_proto,0.5,0,34,200,16,16,0.1,test,client_1,6,134,9,143,True,0.560530679933665
SIDER,fedavg_proto,0.5,0,34,200,16,16,0.1,test,client_1,7,24,119,143,True,0.6831232492997199
SIDER,fedavg_proto,0.5,0,34,200,16,16,0.1,test,client_1,8,91,52,143,True,0.5989010989010989
SIDER,fedavg_proto,0.5,0,34,200,16,16,0.1,test,client_1,9,74,69,143,True,0.672542107324716
SIDER,fedavg_proto,0.5,0,34,200,16,16,0.1,test,client_1,10,39,104,143,True,0.6148915187376726
SIDER,fedavg_proto,0.5,0,34,200,16,16,0.1,test,client_1,11,130,13,143,True,0.4650887573964497
SIDER,fedavg_proto,0.5,0,34,200,16,16,0.1,test,client_1,12,33,110,143,True,0.6779614325068871
SIDER,fedavg_proto,0.5,0,34,200,16,16,0.1,test,client_1,13,20,123,143,True,0.6869918699186992
SIDER,fedavg_proto,0.5,0,34,200,16,16,0.1,test,client_1,14,113,30,143,True,0.49587020648967556
SIDER,fedavg_proto,0.5,0,34,200,16,16,0.1,test,client_1,15,83,60,143,True,0.5783132530120482
SIDER,fedavg_proto,0.5,0,34,200,16,16,0.1,test,client_1,16,131,12,143,True,0.5165394402035624
SIDER,fedavg_proto,0.5,0,34,200,16,16,0.1,test,client_1,17,30,113,143,True,0.6637168141592921
SIDER,fedavg_proto,0.5,0,34,200,16,16,0.1,test,client_1,18,109,34,143,True,0.5569347004856989
SIDER,fedavg_proto,0.5,0,34,200,16,16,0.1,test,client_1,19,104,39,143,True,0.5244082840236687
SIDER,fedavg_proto,0.5,0,34,200,16,16,0.1,test,client_1,20,102,41,143,True,0.5329985652797704
SIDER,fedavg_proto,0.5,0,34,200,16,16,0.1,test,client_1,21,98,45,143,True,0.5351473922902494
SIDER,fedavg_proto,0.5,0,34,200,16,16,0.1,test,client_1,22,14,129,143,True,0.7286821705426356
SIDER,fedavg_proto,0.5,0,34,200,16,16,0.1,test,client_1,23,60,83,143,True,0.5194779116465863
SIDER,fedavg_proto,0.5,0,34,200,16,16,0.1,test,client_1,24,98,45,143,True,0.5072562358276643
SIDER,fedavg_proto,0.5,0,34,200,16,16,0.1,test,client_1,25,132,11,143,True,0.6453168044077136
SIDER,fedavg_proto,0.5,0,34,200,16,16,0.1,test,client_1,26,101,42,143,True,0.6032531824611033
SIDER,fedavg_proto,0.5,0,34,200,16,16,0.1,test,client_2,0,72,71,143,True,0.532472613458529
SIDER,fedavg_proto,0.5,0,34,200,16,16,0.1,test,client_2,1,105,38,143,True,0.5238095238095238
SIDER,fedavg_proto,0.5,0,34,200,16,16,0.1,test,client_2,2,5,138,143,True,0.6347826086956522
SIDER,fedavg_proto,0.5,0,34,200,16,16,0.1,test,client_2,3,90,53,143,True,0.4576519916142557
SIDER,fedavg_proto,0.5,0,34,200,16,16,0.1,test,client_2,4,118,25,143,True,0.5210169491525424
SIDER,fedavg_proto,0.5,0,34,200,16,16,0.1,test,client_2,5,104,39,143,True,0.5574457593688364
SIDER,fedavg_proto,0.5,0,34,200,16,16,0.1,test,client_2,6,134,9,143,True,0.5903814262023217
SIDER,fedavg_proto,0.5,0,34,200,16,16,0.1,test,client_2,7,24,119,143,True,0.5563725490196079
SIDER,fedavg_proto,0.5,0,34,200,16,16,0.1,test,client_2,8,91,52,143,True,0.514792899408284
SIDER,fedavg_proto,0.5,0,34,200,16,16,0.1,test,client_2,9,74,69,143,True,0.5667841754798276
SIDER,fedavg_proto,0.5,0,34,200,16,16,0.1,test,client_2,10,39,104,143,True,0.6124260355029586
SIDER,fedavg_proto,0.5,0,34,200,16,16,0.1,test,client_2,11,130,13,143,True,0.3816568047337278
SIDER,fedavg_proto,0.5,0,34,200,16,16,0.1,test,client_2,12,33,110,143,True,0.6162534435261708
SIDER,fedavg_proto,0.5,0,34,200,16,16,0.1,test,client_2,13,20,123,143,True,0.5621951219512195
SIDER,fedavg_proto,0.5,0,34,200,16,16,0.1,test,client_2,14,113,30,143,True,0.47050147492625366
SIDER,fedavg_proto,0.5,0,34,200,16,16,0.1,test,client_2,15,83,60,143,True,0.6178714859437751
SIDER,fedavg_proto,0.5,0,34,200,16,16,0.1,test,client_2,16,131,12,143,True,0.6310432569974556
SIDER,fedavg_proto,0.5,0,34,200,16,16,0.1,test,client_2,17,30,113,143,True,0.6144542772861358
SIDER,fedavg_proto,0.5,0,34,200,16,16,0.1,test,client_2,18,109,34,143,True,0.48138154344306533
SIDER,fedavg_proto,0.5,0,34,200,16,16,0.1,test,client_2,19,104,39,143,True,0.46425049309664695
SIDER,fedavg_proto,0.5,0,34,200,16,16,0.1,test,client_2,20,102,41,143,True,0.4583931133428981
SIDER,fedavg_proto,0.5,0,34,200,16,16,0.1,test,client_2,21,98,45,143,True,0.581859410430839
SIDER,fedavg_proto,0.5,0,34,200,16,16,0.1,test,client_2,22,14,129,143,True,0.5941306755260244
SIDER,fedavg_proto,0.5,0,34,200,16,16,0.1,test,client_2,23,60,83,143,True,0.4751004016064257
SIDER,fedavg_proto,0.5,0,34,200,16,16,0.1,test,client_2,24,98,45,143,True,0.45691609977324266
SIDER,fedavg_proto,0.5,0,34,200,16,16,0.1,test,client_2,25,132,11,143,True,0.6246556473829201
SIDER,fedavg_proto,0.5,0,34,200,16,16,0.1,test,client_2,26,101,42,143,True,0.5662423385195663
SIDER,fedavg_proto,0.5,0,34,200,16,16,0.1,test,client_3,0,72,71,143,True,0.6193270735524257
SIDER,fedavg_proto,0.5,0,34,200,16,16,0.1,test,client_3,1,105,38,143,True,0.632080200501253
SIDER,fedavg_proto,0.5,0,34,200,16,16,0.1,test,client_3,2,5,138,143,True,0.7043478260869566
SIDER,fedavg_proto,0.5,0,34,200,16,16,0.1,test,client_3,3,90,53,143,True,0.5337526205450733
SIDER,fedavg_proto,0.5,0,34,200,16,16,0.1,test,client_3,4,118,25,143,True,0.644406779661017
SIDER,fedavg_proto,0.5,0,34,200,16,16,0.1,test,client_3,5,104,39,143,True,0.5586785009861933
SIDER,fedavg_proto,0.5,0,34,200,16,16,0.1,test,client_3,6,134,9,143,True,0.6824212271973467
SIDER,fedavg_proto,0.5,0,34,200,16,16,0.1,test,client_3,7,24,119,143,True,0.4880952380952381
SIDER,fedavg_proto,0.5,0,34,200,16,16,0.1,test,client_3,8,91,52,143,True,0.5268385460693152
SIDER,fedavg_proto,0.5,0,34,200,16,16,0.1,test,client_3,9,74,69,143,True,0.6218174696435566
SIDER,fedavg_proto,0.5,0,34,200,16,16,0.1,test,client_3,10,39,104,143,True,0.5857988165680473
SIDER,fedavg_proto,0.5,0,34,200,16,16,0.1,test,client_3,11,130,13,143,True,0.636094674556213
SIDER,fedavg_proto,0.5,0,34,200,16,16,0.1,test,client_3,12,33,110,143,True,0.568870523415978
SIDER,fedavg_proto,0.5,0,34,200,16,16,0.1,test,client_3,13,20,123,143,True,0.5231707317073171
SIDER,fedavg_proto,0.5,0,34,200,16,16,0.1,test,client_3,14,113,30,143,True,0.6306784660766961
SIDER,fedavg_proto,0.5,0,34,200,16,16,0.1,test,client_3,15,83,60,143,True,0.6293172690763053
SIDER,fedavg_proto,0.5,0,34,200,16,16,0.1,test,client_3,16,131,12,143,True,0.7729007633587787
SIDER,fedavg_proto,0.5,0,34,200,16,16,0.1,test,client_3,17,30,113,143,True,0.5466076696165192
SIDER,fedavg_proto,0.5,0,34,200,16,16,0.1,test,client_3,18,109,34,143,True,0.5536967080410147
SIDER,fedavg_proto,0.5,0,34,200,16,16,0.1,test,client_3,19,104,39,143,True,0.5256410256410257
SIDER,fedavg_proto,0.5,0,34,200,16,16,0.1,test,client_3,20,102,41,143,True,0.5145863223338115
SIDER,fedavg_proto,0.5,0,34,200,16,16,0.1,test,client_3,21,98,45,143,True,0.6210884353741496
SIDER,fedavg_proto,0.5,0,34,200,16,16,0.1,test,client_3,22,14,129,143,True,0.5310077519379846
SIDER,fedavg_proto,0.5,0,34,200,16,16,0.1,test,client_3,23,60,83,143,True,0.48694779116465864
SIDER,fedavg_proto,0.5,0,34,200,16,16,0.1,test,client_3,24,98,45,143,True,0.5383219954648526
SIDER,fedavg_proto,0.5,0,34,200,16,16,0.1,test,client_3,25,132,11,143,True,0.6487603305785125
SIDER,fedavg_proto,0.5,0,34,200,16,16,0.1,test,client_3,26,101,42,143,True,0.5737859500235738
SIDER,fedavg_proto,0.5,0,35,200,16,16,0.1,val,server,0,76,67,143,True,0.5966221523959152
SIDER,fedavg_proto,0.5,0,35,200,16,16,0.1,val,server,1,99,44,143,True,0.6280991735537189
SIDER,fedavg_proto,0.5,0,35,200,16,16,0.1,val,server,2,2,141,143,True,0.624113475177305
SIDER,fedavg_proto,0.5,0,35,200,16,16,0.1,val,server,3,85,58,143,True,0.6653144016227182
SIDER,fedavg_proto,0.5,0,35,200,16,16,0.1,val,server,4,117,26,143,True,0.680802103879027
SIDER,fedavg_proto,0.5,0,35,200,16,16,0.1,val,server,5,99,44,143,True,0.6455463728191
SIDER,fedavg_proto,0.5,0,35,200,16,16,0.1,val,server,6,131,12,143,True,0.755089058524173
SIDER,fedavg_proto,0.5,0,35,200,16,16,0.1,val,server,7,20,123,143,True,0.6430894308943089
SIDER,fedavg_proto,0.5,0,35,200,16,16,0.1,val,server,8,97,46,143,True,0.6414164051994622
SIDER,fedavg_proto,0.5,0,35,200,16,16,0.1,val,server,9,71,72,143,True,0.6310641627543037
SIDER,fedavg_proto,0.5,0,35,200,16,16,0.1,val,server,10,35,108,143,True,0.602910052910053
SIDER,fedavg_proto,0.5,0,35,200,16,16,0.1,val,server,11,130,13,143,True,0.676923076923077
SIDER,fedavg_proto,0.5,0,35,200,16,16,0.1,val,server,12,37,106,143,True,0.6835798062213156
SIDER,fedavg_proto,0.5,0,35,200,16,16,0.1,val,server,13,20,123,143,True,0.6085365853658536
SIDER,fedavg_proto,0.5,0,35,200,16,16,0.1,val,server,14,107,36,143,True,0.5314122533748702
SIDER,fedavg_proto,0.5,0,35,200,16,16,0.1,val,server,15,94,49,143,True,0.6732522796352582
SIDER,fedavg_proto,0.5,0,35,200,16,16,0.1,val,server,16,129,14,143,True,0.6528239202657807
SIDER,fedavg_proto,0.5,0,35,200,16,16,0.1,val,server,17,20,123,143,True,0.5101626016260162
SIDER,fedavg_proto,0.5,0,35,200,16,16,0.1,val,server,18,104,39,143,True,0.55103550295858
SIDER,fedavg_proto,0.5,0,35,200,16,16,0.1,val,server,19,103,40,143,True,0.6400485436893203
SIDER,fedavg_proto,0.5,0,35,200,16,16,0.1,val,server,20,102,41,143,True,0.5490196078431372
SIDER,fedavg_proto,0.5,0,35,200,16,16,0.1,val,server,21,98,45,143,True,0.6804988662131519
SIDER,fedavg_proto,0.5,0,35,200,16,16,0.1,val,server,22,10,133,143,True,0.6721804511278195
SIDER,fedavg_proto,0.5,0,35,200,16,16,0.1,val,server,23,64,79,143,True,0.6103639240506329
SIDER,fedavg_proto,0.5,0,35,200,16,16,0.1,val,server,24,104,39,143,True,0.595414201183432
SIDER,fedavg_proto,0.5,0,35,200,16,16,0.1,val,server,25,134,9,143,True,0.7238805970149254
SIDER,fedavg_proto,0.5,0,35,200,16,16,0.1,val,server,26,95,48,143,True,0.6032894736842105
SIDER,fedavg_proto,0.5,0,35,200,16,16,0.1,val,client_0,0,76,67,143,True,0.6598586017282011
SIDER,fedavg_proto,0.5,0,35,200,16,16,0.1,val,client_0,1,99,44,143,True,0.6306244260789715
SIDER,fedavg_proto,0.5,0,35,200,16,16,0.1,val,client_0,2,2,141,143,True,0.6879432624113475
SIDER,fedavg_proto,0.5,0,35,200,16,16,0.1,val,client_0,3,85,58,143,True,0.6178498985801217
SIDER,fedavg_proto,0.5,0,35,200,16,16,0.1,val,client_0,4,117,26,143,True,0.6896778435239973
SIDER,fedavg_proto,0.5,0,35,200,16,16,0.1,val,client_0,5,99,44,143,True,0.7137281910009183
SIDER,fedavg_proto,0.5,0,35,200,16,16,0.1,val,client_0,6,131,12,143,True,0.6914758269720102
SIDER,fedavg_proto,0.5,0,35,200,16,16,0.1,val,client_0,7,20,123,143,True,0.6410569105691057
SIDER,fedavg_proto,0.5,0,35,200,16,16,0.1,val,client_0,8,97,46,143,True,0.610040340654415
SIDER,fedavg_proto,0.5,0,35,200,16,16,0.1,val,client_0,9,71,72,143,True,0.5649452269170578
SIDER,fedavg_proto,0.5,0,35,200,16,16,0.1,val,client_0,10,35,108,143,True,0.6873015873015872
SIDER,fedavg_proto,0.5,0,35,200,16,16,0.1,val,client_0,11,130,13,143,True,0.7816568047337278
SIDER,fedavg_proto,0.5,0,35,200,16,16,0.1,val,client_0,12,37,106,143,True,0.647628760836308
SIDER,fedavg_proto,0.5,0,35,200,16,16,0.1,val,client_0,13,20,123,143,True,0.6829268292682926
SIDER,fedavg_proto,0.5,0,35,200,16,16,0.1,val,client_0,14,107,36,143,True,0.5397196261682243
SIDER,fedavg_proto,0.5,0,35,200,16,16,0.1,val,client_0,15,94,49,143,True,0.6786799826313503
SIDER,fedavg_proto,0.5,0,35,200,16,16,0.1,val,client_0,16,129,14,143,True,0.707641196013289
SIDER,fedavg_proto,0.5,0,35,200,16,16,0.1,val,client_0,17,20,123,143,True,0.5898373983739837
SIDER,fedavg_proto,0.5,0,35,200,16,16,0.1,val,client_0,18,104,39,143,True,0.5562130177514794
SIDER,fedavg_proto,0.5,0,35,200,16,16,0.1,val,client_0,19,103,40,143,True,0.6334951456310679
SIDER,fedavg_proto,0.5,0,35,200,16,16,0.1,val,client_0,20,102,41,143,True,0.662362505978001
SIDER,fedavg_proto,0.5,0,35,200,16,16,0.1,val,client_0,21,98,45,143,True,0.6492063492063492
SIDER,fedavg_proto,0.5,0,35,200,16,16,0.1,val,client_0,22,10,133,143,True,0.624812030075188
SIDER,fedavg_proto,0.5,0,35,200,16,16,0.1,val,client_0,23,64,79,143,True,0.6295490506329113
SIDER,fedavg_proto,0.5,0,35,200,16,16,0.1,val,client_0,24,104,39,143,True,0.5798816568047337
SIDER,fedavg_proto,0.5,0,35,200,16,16,0.1,val,client_0,25,134,9,143,True,0.7338308457711443
SIDER,fedavg_proto,0.5,0,35,200,16,16,0.1,val,client_0,26,95,48,143,True,0.6671052631578946
SIDER,fedavg_proto,0.5,0,35,200,16,16,0.1,val,client_1,0,76,67,143,True,0.5724666142969363
SIDER,fedavg_proto,0.5,0,35,200,16,16,0.1,val,client_1,1,99,44,143,True,0.6065197428833793
SIDER,fedavg_proto,0.5,0,35,200,16,16,0.1,val,client_1,2,2,141,143,True,0.6914893617021277
SIDER,fedavg_proto,0.5,0,35,200,16,16,0.1,val,client_1,3,85,58,143,True,0.6486815415821501
SIDER,fedavg_proto,0.5,0,35,200,16,16,0.1,val,client_1,4,117,26,143,True,0.6002629848783694
SIDER,fedavg_proto,0.5,0,35,200,16,16,0.1,val,client_1,5,99,44,143,True,0.514692378328742
SIDER,fedavg_proto,0.5,0,35,200,16,16,0.1,val,client_1,6,131,12,143,True,0.7493638676844783
SIDER,fedavg_proto,0.5,0,35,200,16,16,0.1,val,client_1,7,20,123,143,True,0.5044715447154471
SIDER,fedavg_proto,0.5,0,35,200,16,16,0.1,val,client_1,8,97,46,143,True,0.5645450470640968
SIDER,fedavg_proto,0.5,0,35,200,16,16,0.1,val,client_1,9,71,72,143,True,0.5958528951486698
SIDER,fedavg_proto,0.5,0,35,200,16,16,0.1,val,client_1,10,35,108,143,True,0.514021164021164
SIDER,fedavg_proto,0.5,0,35,200,16,16,0.1,val,client_1,11,130,13,143,True,0.536094674556213
SIDER,fedavg_proto,0.5,0,35,200,16,16,0.1,val,client_1,12,37,106,143,True,0.5907700152983172
SIDER,fedavg_proto,0.5,0,35,200,16,16,0.1,val,client_1,13,20,123,143,True,0.578048780487805
SIDER,fedavg_proto,0.5,0,35,200,16,16,0.1,val,client_1,14,107,36,143,True,0.5376427829698858
SIDER,fedavg_proto,0.5,0,35,200,16,16,0.1,val,client_1,15,94,49,143,True,0.6565349544072948
SIDER,fedavg_proto,0.5,0,35,200,16,16,0.1,val,client_1,16,129,14,143,True,0.6018826135105204
SIDER,fedavg_proto,0.5,0,35,200,16,16,0.1,val,client_1,17,20,123,143,True,0.47520325203252034
SIDER,fedavg_proto,0.5,0,35,200,16,16,0.1,val,client_1,18,104,39,143,True,0.46942800788954636
SIDER,fedavg_proto,0.5,0,35,200,16,16,0.1,val,client_1,19,103,40,143,True,0.5946601941747574
SIDER,fedavg_proto,0.5,0,35,200,16,16,0.1,val,client_1,20,102,41,143,True,0.5590626494500239
SIDER,fedavg_proto,0.5,0,35,200,16,16,0.1,val,client_1,21,98,45,143,True,0.6319727891156461
SIDER,fedavg_proto,0.5,0,35,200,16,16,0.1,val,client_1,22,10,133,143,True,0.5218045112781955
SIDER,fedavg_proto,0.5,0,35,200,16,16,0.1,val,client_1,23,64,79,143,True,0.5611155063291139
SIDER,fedavg_proto,0.5,0,35,200,16,16,0.1,val,client_1,24,104,39,143,True,0.6153846153846153
SIDER,fedavg_proto,0.5,0,35,200,16,16,0.1,val,client_1,25,134,9,143,True,0.7437810945273632
SIDER,fedavg_proto,0.5,0,35,200,16,16,0.1,val,client_1,26,95,48,143,True,0.5355263157894736
SIDER,fedavg_proto,0.5,0,35,200,16,16,0.1,val,client_2,0,76,67,143,True,0.5298507462686568
SIDER,fedavg_proto,0.5,0,35,200,16,16,0.1,val,client_2,1,99,44,143,True,0.5645087235996327
SIDER,fedavg_proto,0.5,0,35,200,16,16,0.1,val,client_2,2,2,141,143,True,0.8546099290780141
SIDER,fedavg_proto,0.5,0,35,200,16,16,0.1,val,client_2,3,85,58,143,True,0.598580121703854
SIDER,fedavg_proto,0.5,0,35,200,16,16,0.1,val,client_2,4,117,26,143,True,0.6015779092702169
SIDER,fedavg_proto,0.5,0,35,200,16,16,0.1,val,client_2,5,99,44,143,True,0.5801193755739211
SIDER,fedavg_proto,0.5,0,35,200,16,16,0.1,val,client_2,6,131,12,143,True,0.7550890585241731
SIDER,fedavg_proto,0.5,0,35,200,16,16,0.1,val,client_2,7,20,123,143,True,0.6272357723577237
SIDER,fedavg_proto,0.5,0,35,200,16,16,0.1,val,client_2,8,97,46,143,True,0.5923352756611385
SIDER,fedavg_proto,0.5,0,35,200,16,16,0.1,val,client_2,9,71,72,143,True,0.6003521126760564
SIDER,fedavg_proto,0.5,0,35,200,16,16,0.1,val,client_2,10,35,108,143,True,0.617989417989418
SIDER,fedavg_proto,0.5,0,35,200,16,16,0.1,val,client_2,11,130,13,143,True,0.4337278106508876
SIDER,fedavg_proto,0.5,0,35,200,16,16,0.1,val,client_2,12,37,106,143,True,0.6738908720040797
SIDER,fedavg_proto,0.5,0,35,200,16,16,0.1,val,client_2,13,20,123,143,True,0.5772357723577236
SIDER,fedavg_proto,0.5,0,35,200,16,16,0.1,val,client_2,14,107,36,143,True,0.5067497403946002
SIDER,fedavg_proto,0.5,0,35,200,16,16,0.1,val,client_2,15,94,49,143,True,0.6812852800694746
SIDER,fedavg_proto,0.5,0,35,200,16,16,0.1,val,client_2,16,129,14,143,True,0.5553709856035437
SIDER,fedavg_proto,0.5,0,35,200,16,16,0.1,val,client_2,17,20,123,143,True,0.45
SIDER,fedavg_proto,0.5,0,35,200,16,16,0.1,val,client_2,18,104,39,143,True,0.5172583826429982
SIDER,fedavg_proto,0.5,0,35,200,16,16,0.1,val,client_2,19,103,40,143,True,0.5434466019417475
SIDER,fedavg_proto,0.5,0,35,200,16,16,0.1,val,client_2,20,102,41,143,True,0.4830224772835963
SIDER,fedavg_proto,0.5,0,35,200,16,16,0.1,val,client_2,21,98,45,143,True,0.6448979591836734
SIDER,fedavg_proto,0.5,0,35,200,16,16,0.1,val,client_2,22,10,133,143,True,0.5977443609022557
SIDER,fedavg_proto,0.5,0,35,200,16,16,0.1,val,client_2,23,64,79,143,True,0.5652689873417722
SIDER,fedavg_proto,0.5,0,35,200,16,16,0.1,val,client_2,24,104,39,143,True,0.5611439842209074
SIDER,fedavg_proto,0.5,0,35,200,16,16,0.1,val,client_2,25,134,9,143,True,0.6393034825870647
SIDER,fedavg_proto,0.5,0,35,200,16,16,0.1,val,client_2,26,95,48,143,True,0.5644736842105263
SIDER,fedavg_proto,0.5,0,35,200,16,16,0.1,val,client_3,0,76,67,143,True,0.6429693637077769
SIDER,fedavg_proto,0.5,0,35,200,16,16,0.1,val,client_3,1,99,44,143,True,0.6551882460973371
SIDER,fedavg_proto,0.5,0,35,200,16,16,0.1,val,client_3,2,2,141,143,True,0.7056737588652482
SIDER,fedavg_proto,0.5,0,35,200,16,16,0.1,val,client_3,3,85,58,143,True,0.575659229208925
SIDER,fedavg_proto,0.5,0,35,200,16,16,0.1,val,client_3,4,117,26,143,True,0.725509533201841
SIDER,fedavg_proto,0.5,0,35,200,16,16,0.1,val,client_3,5,99,44,143,True,0.678374655647383
SIDER,fedavg_proto,0.5,0,35,200,16,16,0.1,val,client_3,6,131,12,143,True,0.7678117048346056
SIDER,fedavg_proto,0.5,0,35,200,16,16,0.1,val,client_3,7,20,123,143,True,0.5817073170731708
SIDER,fedavg_proto,0.5,0,35,200,16,16,0.1,val,client_3,8,97,46,143,True,0.6264007171671896
SIDER,fedavg_proto,0.5,0,35,200,16,16,0.1,val,client_3,9,71,72,143,True,0.6269561815336464
SIDER,fedavg_proto,0.5,0,35,200,16,16,0.1,val,client_3,10,35,108,143,True,0.6185185185185185
SIDER,fedavg_proto,0.5,0,35,200,16,16,0.1,val,client_3,11,130,13,143,True,0.662130177514793
SIDER,fedavg_proto,0.5,0,35,200,16,16,0.1,val,client_3,12,37,106,143,True,0.6927587965323814
SIDER,fedavg_proto,0.5,0,35,200,16,16,0.1,val,client_3,13,20,123,143,True,0.5971544715447155
SIDER,fedavg_proto,0.5,0,35,200,16,16,0.1,val,client_3,14,107,36,143,True,0.5669781931464175
SIDER,fedavg_proto,0.5,0,35,200,16,16,0.1,val,client_3,15,94,49,143,True,0.6571862787668259
SIDER,fedavg_proto,0.5,0,35,200,16,16,0.1,val,client_3,16,129,14,143,True,0.6655592469545958
SIDER,fedavg_proto,0.5,0,35,200,16,16,0.1,val,client_3,17,20,123,143,True,0.5382113821138211
SIDER,fedavg_proto,0.5,0,35,200,16,16,0.1,val,client_3,18,104,39,143,True,0.6405325443786983
SIDER,fedavg_proto,0.5,0,35,200,16,16,0.1,val,client_3,19,103,40,143,True,0.6398058252427186
SIDER,fedavg_proto,0.5,0,35,200,16,16,0.1,val,client_3,20,102,41,143,True,0.5131516021042564
SIDER,fedavg_proto,0.5,0,35,200,16,16,0.1,val,client_3,21,98,45,143,True,0.6120181405895692
SIDER,fedavg_proto,0.5,0,35,200,16,16,0.1,val,client_3,22,10,133,143,True,0.6052631578947368
SIDER,fedavg_proto,0.5,0,35,200,16,16,0.1,val,client_3,23,64,79,143,True,0.5704113924050633
SIDER,fedavg_proto,0.5,0,35,200,16,16,0.1,val,client_3,24,104,39,143,True,0.5542406311637081
SIDER,fedavg_proto,0.5,0,35,200,16,16,0.1,val,client_3,25,134,9,143,True,0.6616915422885573
SIDER,fedavg_proto,0.5,0,35,200,16,16,0.1,val,client_3,26,95,48,143,True,0.5605263157894737
SIDER,fedavg_proto,0.5,0,35,200,16,16,0.1,test,server,0,72,71,143,True,0.6725352112676056
SIDER,fedavg_proto,0.5,0,35,200,16,16,0.1,test,server,1,105,38,143,True,0.6588972431077694
SIDER,fedavg_proto,0.5,0,35,200,16,16,0.1,test,server,2,5,138,143,True,0.4536231884057971
SIDER,fedavg_proto,0.5,0,35,200,16,16,0.1,test,server,3,90,53,143,True,0.5041928721174004
SIDER,fedavg_proto,0.5,0,35,200,16,16,0.1,test,server,4,118,25,143,True,0.5633898305084746
SIDER,fedavg_proto,0.5,0,35,200,16,16,0.1,test,server,5,104,39,143,True,0.5562130177514792
SIDER,fedavg_proto,0.5,0,35,200,16,16,0.1,test,server,6,134,9,143,True,0.5895522388059702
SIDER,fedavg_proto,0.5,0,35,200,16,16,0.1,test,server,7,24,119,143,True,0.5952380952380952
SIDER,fedavg_proto,0.5,0,35,200,16,16,0.1,test,server,8,91,52,143,True,0.529374471682164
SIDER,fedavg_proto,0.5,0,35,200,16,16,0.1,test,server,9,74,69,143,True,0.6202506854680768
SIDER,fedavg_proto,0.5,0,35,200,16,16,0.1,test,server,10,39,104,143,True,0.6291913214990138
SIDER,fedavg_proto,0.5,0,35,200,16,16,0.1,test,server,11,130,13,143,True,0.5071005917159763
SIDER,fedavg_proto,0.5,0,35,200,16,16,0.1,test,server,12,33,110,143,True,0.6176308539944905
SIDER,fedavg_proto,0.5,0,35,200,16,16,0.1,test,server,13,20,123,143,True,0.6211382113821138
SIDER,fedavg_proto,0.5,0,35,200,16,16,0.1,test,server,14,113,30,143,True,0.48938053097345136
SIDER,fedavg_proto,0.5,0,35,200,16,16,0.1,test,server,15,83,60,143,True,0.6357429718875502
SIDER,fedavg_proto,0.5,0,35,200,16,16,0.1,test,server,16,131,12,143,True,0.6374045801526718
SIDER,fedavg_proto,0.5,0,35,200,16,16,0.1,test,server,17,30,113,143,True,0.643952802359882
SIDER,fedavg_proto,0.5,0,35,200,16,16,0.1,test,server,18,109,34,143,True,0.5315704263356719
SIDER,fedavg_proto,0.5,0,35,200,16,16,0.1,test,server,19,104,39,143,True,0.5014792899408284
SIDER,fedavg_proto,0.5,0,35,200,16,16,0.1,test,server,20,102,41,143,True,0.48278335724533716
SIDER,fedavg_proto,0.5,0,35,200,16,16,0.1,test,server,21,98,45,143,True,0.5981859410430839
SIDER,fedavg_proto,0.5,0,35,200,16,16,0.1,test,server,22,14,129,143,True,0.6334440753045404
SIDER,fedavg_proto,0.5,0,35,200,16,16,0.1,test,server,23,60,83,143,True,0.49016064257028114
SIDER,fedavg_proto,0.5,0,35,200,16,16,0.1,test,server,24,98,45,143,True,0.4780045351473923
SIDER,fedavg_proto,0.5,0,35,200,16,16,0.1,test,server,25,132,11,143,True,0.6597796143250688
SIDER,fedavg_proto,0.5,0,35,200,16,16,0.1,test,server,26,101,42,143,True,0.5945308816595946
SIDER,fedavg_proto,0.5,0,35,200,16,16,0.1,test,client_0,0,72,71,143,True,0.6469092331768387
SIDER,fedavg_proto,0.5,0,35,200,16,16,0.1,test,client_0,1,105,38,143,True,0.5779448621553884
SIDER,fedavg_proto,0.5,0,35,200,16,16,0.1,test,client_0,2,5,138,143,True,0.7811594202898551
SIDER,fedavg_proto,0.5,0,35,200,16,16,0.1,test,client_0,3,90,53,143,True,0.5475890985324946
SIDER,fedavg_proto,0.5,0,35,200,16,16,0.1,test,client_0,4,118,25,143,True,0.6515254237288136
SIDER,fedavg_proto,0.5,0,35,200,16,16,0.1,test,client_0,5,104,39,143,True,0.616370808678501
SIDER,fedavg_proto,0.5,0,35,200,16,16,0.1,test,client_0,6,134,9,143,True,0.5588723051409619
SIDER,fedavg_proto,0.5,0,35,200,16,16,0.1,test,client_0,7,24,119,143,True,0.5644257703081232
SIDER,fedavg_proto,0.5,0,35,200,16,16,0.1,test,client_0,8,91,52,143,True,0.5213440405748098
SIDER,fedavg_proto,0.5,0,35,200,16,16,0.1,test,client_0,9,74,69,143,True,0.5924402663533098
SIDER,fedavg_proto,0.5,0,35,200,16,16,0.1,test,client_0,10,39,104,143,True,0.6210552268244576
SIDER,fedavg_proto,0.5,0,35,200,16,16,0.1,test,client_0,11,130,13,143,True,0.657396449704142
SIDER,fedavg_proto,0.5,0,35,200,16,16,0.1,test,client_0,12,33,110,143,True,0.5829201101928374
SIDER,fedavg_proto,0.5,0,35,200,16,16,0.1,test,client_0,13,20,123,143,True,0.5890243902439025
SIDER,fedavg_proto,0.5,0,35,200,16,16,0.1,test,client_0,14,113,30,143,True,0.5637168141592921
SIDER,fedavg_proto,0.5,0,35,200,16,16,0.1,test,client_0,15,83,60,143,True,0.6646586345381527
SIDER,fedavg_proto,0.5,0,35,200,16,16,0.1,test,client_0,16,131,12,143,True,0.6806615776081425
SIDER,fedavg_proto,0.5,0,35,200,16,16,0.1,test,client_0,17,30,113,143,True,0.5834808259587021
SIDER,fedavg_proto,0.5,0,35,200,16,16,0.1,test,client_0,18,109,34,143,True,0.4821910415542364
SIDER,fedavg_proto,0.5,0,35,200,16,16,0.1,test,client_0,19,104,39,143,True,0.522189349112426
SIDER,fedavg_proto,0.5,0,35,200,16,16,0.1,test,client_0,20,102,41,143,True,0.5193687230989956
SIDER,fedavg_proto,0.5,0,35,200,16,16,0.1,test,client_0,21,98,45,143,True,0.5954648526077098
SIDER,fedavg_proto,0.5,0,35,200,16,16,0.1,test,client_0,22,14,129,143,True,0.6423034330011074
SIDER,fedavg_proto,0.5,0,35,200,16,16,0.1,test,client_0,23,60,83,143,True,0.5740963855421687
SIDER,fedavg_proto,0.5,0,35,200,16,16,0.1,test,client_0,24,98,45,143,True,0.5020408163265306
SIDER,fedavg_proto,0.5,0,35,200,16,16,0.1,test,client_0,25,132,11,143,True,0.6425619834710744
SIDER,fedavg_proto,0.5,0,35,200,16,16,0.1,test,client_0,26,101,42,143,True,0.644035832154644
SIDER,fedavg_proto,0.5,0,35,200,16,16,0.1,test,client_1,0,72,71,143,True,0.6521909233176838
SIDER,fedavg_proto,0.5,0,35,200,16,16,0.1,test,client_1,1,105,38,143,True,0.643859649122807
SIDER,fedavg_proto,0.5,0,35,200,16,16,0.1,test,client_1,2,5,138,143,True,0.563768115942029
SIDER,fedavg_proto,0.5,0,35,200,16,16,0.1,test,client_1,3,90,53,143,True,0.5276729559748427
SIDER,fedavg_proto,0.5,0,35,200,16,16,0.1,test,client_1,4,118,25,143,True,0.508135593220339
SIDER,fedavg_proto,0.5,0,35,200,16,16,0.1,test,client_1,5,104,39,143,True,0.5525147928994083
SIDER,fedavg_proto,0.5,0,35,200,16,16,0.1,test,client_1,6,134,9,143,True,0.5845771144278608
SIDER,fedavg_proto,0.5,0,35,200,16,16,0.1,test,client_1,7,24,119,143,True,0.6911764705882353
SIDER,fedavg_proto,0.5,0,35,200,16,16,0.1,test,client_1,8,91,52,143,True,0.6058748943364327
SIDER,fedavg_proto,0.5,0,35,200,16,16,0.1,test,client_1,9,74,69,143,True,0.6758715236976106
SIDER,fedavg_proto,0.5,0,35,200,16,16,0.1,test,client_1,10,39,104,143,True,0.6254930966469429
SIDER,fedavg_proto,0.5,0,35,200,16,16,0.1,test,client_1,11,130,13,143,True,0.46449704142011833
SIDER,fedavg_proto,0.5,0,35,200,16,16,0.1,test,client_1,12,33,110,143,True,0.6763085399449036
SIDER,fedavg_proto,0.5,0,35,200,16,16,0.1,test,client_1,13,20,123,143,True,0.6943089430894309
SIDER,fedavg_proto,0.5,0,35,200,16,16,0.1,test,client_1,14,113,30,143,True,0.49056047197640124
SIDER,fedavg_proto,0.5,0,35,200,16,16,0.1,test,client_1,15,83,60,143,True,0.5841365461847389
SIDER,fedavg_proto,0.5,0,35,200,16,16,0.1,test,client_1,16,131,12,143,True,0.5101781170483461
SIDER,fedavg_proto,0.5,0,35,200,16,16,0.1,test,client_1,17,30,113,143,True,0.6604719764011799
SIDER,fedavg_proto,0.5,0,35,200,16,16,0.1,test,client_1,18,109,34,143,True,0.5547760388559093
SIDER,fedavg_proto,0.5,0,35,200,16,16,0.1,test,client_1,19,104,39,143,True,0.5253944773175543
SIDER,fedavg_proto,0.5,0,35,200,16,16,0.1,test,client_1,20,102,41,143,True,0.5346724055475849
SIDER,fedavg_proto,0.5,0,35,200,16,16,0.1,test,client_1,21,98,45,143,True,0.5451247165532881
SIDER,fedavg_proto,0.5,0,35,200,16,16,0.1,test,client_1,22,14,129,143,True,0.7613510520487266
SIDER,fedavg_proto,0.5,0,35,200,16,16,0.1,test,client_1,23,60,83,143,True,0.5200803212851406
SIDER,fedavg_proto,0.5,0,35,200,16,16,0.1,test,client_1,24,98,45,143,True,0.5070294784580499
SIDER,fedavg_proto,0.5,0,35,200,16,16,0.1,test,client_1,25,132,11,143,True,0.6287878787878788
SIDER,fedavg_proto,0.5,0,35,200,16,16,0.1,test,client_1,26,101,42,143,True,0.6077322017916078
SIDER,fedavg_proto,0.5,0,35,200,16,16,0.1,test,client_2,0,72,71,143,True,0.5438184663536776
SIDER,fedavg_proto,0.5,0,35,200,16,16,0.1,test,client_2,1,105,38,143,True,0.5208020050125313
SIDER,fedavg_proto,0.5,0,35,200,16,16,0.1,test,client_2,2,5,138,143,True,0.6579710144927536
SIDER,fedavg_proto,0.5,0,35,200,16,16,0.1,test,client_2,3,90,53,143,True,0.47295597484276736
SIDER,fedavg_proto,0.5,0,35,200,16,16,0.1,test,client_2,4,118,25,143,True,0.5196610169491526
SIDER,fedavg_proto,0.5,0,35,200,16,16,0.1,test,client_2,5,104,39,143,True,0.5557199211045365
SIDER,fedavg_proto,0.5,0,35,200,16,16,0.1,test,client_2,6,134,9,143,True,0.6260364842454396
SIDER,fedavg_proto,0.5,0,35,200,16,16,0.1,test,client_2,7,24,119,143,True,0.5773809523809524
SIDER,fedavg_proto,0.5,0,35,200,16,16,0.1,test,client_2,8,91,52,143,True,0.5088757396449705
SIDER,fedavg_proto,0.5,0,35,200,16,16,0.1,test,client_2,9,74,69,143,True,0.5714845280062671
SIDER,fedavg_proto,0.5,0,35,200,16,16,0.1,test,client_2,10,39,104,143,True,0.631163708086785
SIDER,fedavg_proto,0.5,0,35,200,16,16,0.1,test,client_2,11,130,13,143,True,0.39644970414201186
SIDER,fedavg_proto,0.5,0,35,200,16,16,0.1,test,client_2,12,33,110,143,True,0.6112947658402205
SIDER,fedavg_proto,0.5,0,35,200,16,16,0.1,test,client_2,13,20,123,143,True,0.5922764227642277
SIDER,fedavg_proto,0.5,0,35,200,16,16,0.1,test,client_2,14,113,30,143,True,0.48230088495575224
SIDER,fedavg_proto,0.5,0,35,200,16,16,0.1,test,client_2,15,83,60,143,True,0.6371485943775099
SIDER,fedavg_proto,0.5,0,35,200,16,16,0.1,test,client_2,16,131,12,143,True,0.6246819338422391
SIDER,fedavg_proto,0.5,0,35,200,16,16,0.1,test,client_2,17,30,113,143,True,0.6218289085545723
SIDER,fedavg_proto,0.5,0,35,200,16,16,0.1,test,client_2,18,109,34,143,True,0.4832703723691312
SIDER,fedavg_proto,0.5,0,35,200,16,16,0.1,test,client_2,19,104,39,143,True,0.46523668639053256
SIDER,fedavg_proto,0.5,0,35,200,16,16,0.1,test,client_2,20,102,41,143,True,0.45361071257771396
SIDER,fedavg_proto,0.5,0,35,200,16,16,0.1,test,client_2,21,98,45,143,True,0.5959183673469387
SIDER,fedavg_proto,0.5,0,35,200,16,16,0.1,test,client_2,22,14,129,143,True,0.6112956810631229
SIDER,fedavg_proto,0.5,0,35,200,16,16,0.1,test,client_2,23,60,83,143,True,0.4570281124497992
SIDER,fedavg_proto,0.5,0,35,200,16,16,0.1,test,client_2,24,98,45,143,True,0.45646258503401355
SIDER,fedavg_proto,0.5,0,35,200,16,16,0.1,test,client_2,25,132,11,143,True,0.6542699724517906
SIDER,fedavg_proto,0.5,0,35,200,16,16,0.1,test,client_2,26,101,42,143,True,0.5688354549740688
SIDER,fedavg_proto,0.5,0,35,200,16,16,0.1,test,client_3,0,72,71,143,True,0.6097417840375587
SIDER,fedavg_proto,0.5,0,35,200,16,16,0.1,test,client_3,1,105,38,143,True,0.6333333333333333
SIDER,fedavg_proto,0.5,0,35,200,16,16,0.1,test,client_3,2,5,138,143,True,0.6985507246376812
SIDER,fedavg_proto,0.5,0,35,200,16,16,0.1,test,client_3,3,90,53,143,True,0.5318658280922431
SIDER,fedavg_proto,0.5,0,35,200,16,16,0.1,test,client_3,4,118,25,143,True,0.6464406779661017
SIDER,fedavg_proto,0.5,0,35,200,16,16,0.1,test,client_3,5,104,39,143,True,0.5574457593688362
SIDER,fedavg_proto,0.5,0,35,200,16,16,0.1,test,client_3,6,134,9,143,True,0.6766169154228856
SIDER,fedavg_proto,0.5,0,35,200,16,16,0.1,test,client_3,7,24,119,143,True,0.5028011204481793
SIDER,fedavg_proto,0.5,0,35,200,16,16,0.1,test,client_3,8,91,52,143,True,0.5314877430262046
SIDER,fedavg_proto,0.5,0,35,200,16,16,0.1,test,client_3,9,74,69,143,True,0.6378770074422248
SIDER,fedavg_proto,0.5,0,35,200,16,16,0.1,test,client_3,10,39,104,143,True,0.5872781065088757
SIDER,fedavg_proto,0.5,0,35,200,16,16,0.1,test,client_3,11,130,13,143,True,0.6349112426035503
SIDER,fedavg_proto,0.5,0,35,200,16,16,0.1,test,client_3,12,33,110,143,True,0.5738292011019284
SIDER,fedavg_proto,0.5,0,35,200,16,16,0.1,test,client_3,13,20,123,143,True,0.5382113821138211
SIDER,fedavg_proto,0.5,0,35,200,16,16,0.1,test,client_3,14,113,30,143,True,0.6345132743362831
SIDER,fedavg_proto,0.5,0,35,200,16,16,0.1,test,client_3,15,83,60,143,True,0.626305220883534
SIDER,fedavg_proto,0.5,0,35,200,16,16,0.1,test,client_3,16,131,12,143,True,0.7576335877862596
SIDER,fedavg_proto,0.5,0,35,200,16,16,0.1,test,client_3,17,30,113,143,True,0.5418879056047198
SIDER,fedavg_proto,0.5,0,35,200,16,16,0.1,test,client_3,18,109,34,143,True,0.55774419859687
SIDER,fedavg_proto,0.5,0,35,200,16,16,0.1,test,client_3,19,104,39,143,True,0.51232741617357
SIDER,fedavg_proto,0.5,0,35,200,16,16,0.1,test,client_3,20,102,41,143,True,0.5136298421807748
SIDER,fedavg_proto,0.5,0,35,200,16,16,0.1,test,client_3,21,98,45,143,True,0.6197278911564625
SIDER,fedavg_proto,0.5,0,35,200,16,16,0.1,test,client_3,22,14,129,143,True,0.5321151716500554
SIDER,fedavg_proto,0.5,0,35,200,16,16,0.1,test,client_3,23,60,83,143,True,0.48534136546184736
SIDER,fedavg_proto,0.5,0,35,200,16,16,0.1,test,client_3,24,98,45,143,True,0.5403628117913832
SIDER,fedavg_proto,0.5,0,35,200,16,16,0.1,test,client_3,25,132,11,143,True,0.6466942148760332
SIDER,fedavg_proto,0.5,0,35,200,16,16,0.1,test,client_3,26,101,42,143,True,0.5761433286185761
SIDER,fedavg_proto,0.5,0,36,200,16,16,0.1,val,server,0,76,67,143,True,0.5923016496465043
SIDER,fedavg_proto,0.5,0,36,200,16,16,0.1,val,server,1,99,44,143,True,0.6340679522497703
SIDER,fedavg_proto,0.5,0,36,200,16,16,0.1,val,server,2,2,141,143,True,0.5957446808510638
SIDER,fedavg_proto,0.5,0,36,200,16,16,0.1,val,server,3,85,58,143,True,0.6377281947261663
SIDER,fedavg_proto,0.5,0,36,200,16,16,0.1,val,server,4,117,26,143,True,0.6722550953320184
SIDER,fedavg_proto,0.5,0,36,200,16,16,0.1,val,server,5,99,44,143,True,0.6414141414141414
SIDER,fedavg_proto,0.5,0,36,200,16,16,0.1,val,server,6,131,12,143,True,0.7531806615776082
SIDER,fedavg_proto,0.5,0,36,200,16,16,0.1,val,server,7,20,123,143,True,0.6272357723577235
SIDER,fedavg_proto,0.5,0,36,200,16,16,0.1,val,server,8,97,46,143,True,0.6438816674137159
SIDER,fedavg_proto,0.5,0,36,200,16,16,0.1,val,server,9,71,72,143,True,0.6277386541471048
SIDER,fedavg_proto,0.5,0,36,200,16,16,0.1,val,server,10,35,108,143,True,0.605026455026455
SIDER,fedavg_proto,0.5,0,36,200,16,16,0.1,val,server,11,130,13,143,True,0.6295857988165681
SIDER,fedavg_proto,0.5,0,36,200,16,16,0.1,val,server,12,37,106,143,True,0.6917389087200407
SIDER,fedavg_proto,0.5,0,36,200,16,16,0.1,val,server,13,20,123,143,True,0.6052845528455285
SIDER,fedavg_proto,0.5,0,36,200,16,16,0.1,val,server,14,107,36,143,True,0.5212876427829699
SIDER,fedavg_proto,0.5,0,36,200,16,16,0.1,val,server,15,94,49,143,True,0.6628310898827615
SIDER,fedavg_proto,0.5,0,36,200,16,16,0.1,val,server,16,129,14,143,True,0.6688815060908084
SIDER,fedavg_proto,0.5,0,36,200,16,16,0.1,val,server,17,20,123,143,True,0.5052845528455284
SIDER,fedavg_proto,0.5,0,36,200,16,16,0.1,val,server,18,104,39,143,True,0.5675542406311638
SIDER,fedavg_proto,0.5,0,36,200,16,16,0.1,val,server,19,103,40,143,True,0.6266990291262136
SIDER,fedavg_proto,0.5,0,36,200,16,16,0.1,val,server,20,102,41,143,True,0.5260640841702534
SIDER,fedavg_proto,0.5,0,36,200,16,16,0.1,val,server,21,98,45,143,True,0.6931972789115646
SIDER,fedavg_proto,0.5,0,36,200,16,16,0.1,val,server,22,10,133,143,True,0.6345864661654135
SIDER,fedavg_proto,0.5,0,36,200,16,16,0.1,val,server,23,64,79,143,True,0.6036392405063292
SIDER,fedavg_proto,0.5,0,36,200,16,16,0.1,val,server,24,104,39,143,True,0.5798816568047338
SIDER,fedavg_proto,0.5,0,36,200,16,16,0.1,val,server,25,134,9,143,True,0.691542288557214
SIDER,fedavg_proto,0.5,0,36,200,16,16,0.1,val,server,26,95,48,143,True,0.5932017543859649
SIDER,fedavg_proto,0.5,0,36,200,16,16,0.1,val,client_0,0,76,67,143,True,0.6413982717989003
SIDER,fedavg_proto,0.5,0,36,200,16,16,0.1,val,client_0,1,99,44,143,True,0.6443985307621671
SIDER,fedavg_proto,0.5,0,36,200,16,16,0.1,val,client_0,2,2,141,143,True,0.6950354609929078
SIDER,fedavg_proto,0.5,0,36,200,16,16,0.1,val,client_0,3,85,58,143,True,0.6141987829614605
SIDER,fedavg_proto,0.5,0,36,200,16,16,0.1,val,client_0,4,117,26,143,True,0.6955950032873112
SIDER,fedavg_proto,0.5,0,36,200,16,16,0.1,val,client_0,5,99,44,143,True,0.7017906336088153
SIDER,fedavg_proto,0.5,0,36,200,16,16,0.1,val,client_0,6,131,12,143,True,0.6984732824427481
SIDER,fedavg_proto,0.5,0,36,200,16,16,0.1,val,client_0,7,20,123,143,True,0.6654471544715447
SIDER,fedavg_proto,0.5,0,36,200,16,16,0.1,val,client_0,8,97,46,143,True,0.6127297176154192
SIDER,fedavg_proto,0.5,0,36,200,16,16,0.1,val,client_0,9,71,72,143,True,0.5645539906103286
SIDER,fedavg_proto,0.5,0,36,200,16,16,0.1,val,client_0,10,35,108,143,True,0.6791005291005291
SIDER,fedavg_proto,0.5,0,36,200,16,16,0.1,val,client_0,11,130,13,143,True,0.7757396449704141
SIDER,fedavg_proto,0.5,0,36,200,16,16,0.1,val,client_0,12,37,106,143,True,0.647373788883223
SIDER,fedavg_proto,0.5,0,36,200,16,16,0.1,val,client_0,13,20,123,143,True,0.7121951219512195
SIDER,fedavg_proto,0.5,0,36,200,16,16,0.1,val,client_0,14,107,36,143,True,0.5573727933541017
SIDER,fedavg_proto,0.5,0,36,200,16,16,0.1,val,client_0,15,94,49,143,True,0.6749891445940078
SIDER,fedavg_proto,0.5,0,36,200,16,16,0.1,val,client_0,16,129,14,143,True,0.703765227021041
SIDER,fedavg_proto,0.5,0,36,200,16,16,0.1,val,client_0,17,20,123,143,True,0.591869918699187
SIDER,fedavg_proto,0.5,0,36,200,16,16,0.1,val,client_0,18,104,39,143,True,0.5710059171597633
SIDER,fedavg_proto,0.5,0,36,200,16,16,0.1,val,client_0,19,103,40,143,True,0.6393203883495147
SIDER,fedavg_proto,0.5,0,36,200,16,16,0.1,val,client_0,20,102,41,143,True,0.6487326637972262
SIDER,fedavg_proto,0.5,0,36,200,16,16,0.1,val,client_0,21,98,45,143,True,0.6532879818594105
SIDER,fedavg_proto,0.5,0,36,200,16,16,0.1,val,client_0,22,10,133,143,True,0.631578947368421
SIDER,fedavg_proto,0.5,0,36,200,16,16,0.1,val,client_0,23,64,79,143,True,0.631131329113924
SIDER,fedavg_proto,0.5,0,36,200,16,16,0.1,val,client_0,24,104,39,143,True,0.5894970414201184
SIDER,fedavg_proto,0.5,0,36,200,16,16,0.1,val,client_0,25,134,9,143,True,0.7238805970149254
SIDER,fedavg_proto,0.5,0,36,200,16,16,0.1,val,client_0,26,95,48,143,True,0.6734649122807017
SIDER,fedavg_proto,0.5,0,36,200,16,16,0.1,val,client_1,0,76,67,143,True,0.5783582089552239
SIDER,fedavg_proto,0.5,0,36,200,16,16,0.1,val,client_1,1,99,44,143,True,0.5987144168962351
SIDER,fedavg_proto,0.5,0,36,200,16,16,0.1,val,client_1,2,2,141,143,True,0.6170212765957447
SIDER,fedavg_proto,0.5,0,36,200,16,16,0.1,val,client_1,3,85,58,143,True,0.6494929006085193
SIDER,fedavg_proto,0.5,0,36,200,16,16,0.1,val,client_1,4,117,26,143,True,0.5953320184089415
SIDER,fedavg_proto,0.5,0,36,200,16,16,0.1,val,client_1,5,99,44,143,True,0.532139577594123
SIDER,fedavg_proto,0.5,0,36,200,16,16,0.1,val,client_1,6,131,12,143,True,0.7519083969465649
SIDER,fedavg_proto,0.5,0,36,200,16,16,0.1,val,client_1,7,20,123,143,True,0.5130081300813008
SIDER,fedavg_proto,0.5,0,36,200,16,16,0.1,val,client_1,8,97,46,143,True,0.5788883908561183
SIDER,fedavg_proto,0.5,0,36,200,16,16,0.1,val,client_1,9,71,72,143,True,0.6071987480438185
SIDER,fedavg_proto,0.5,0,36,200,16,16,0.1,val,client_1,10,35,108,143,True,0.514021164021164
SIDER,fedavg_proto,0.5,0,36,200,16,16,0.1,val,client_1,11,130,13,143,True,0.5455621301775148
SIDER,fedavg_proto,0.5,0,36,200,16,16,0.1,val,client_1,12,37,106,143,True,0.6093829678735339
SIDER,fedavg_proto,0.5,0,36,200,16,16,0.1,val,client_1,13,20,123,143,True,0.5813008130081301
SIDER,fedavg_proto,0.5,0,36,200,16,16,0.1,val,client_1,14,107,36,143,True,0.532969885773624
SIDER,fedavg_proto,0.5,0,36,200,16,16,0.1,val,client_1,15,94,49,143,True,0.6589231437255755
SIDER,fedavg_proto,0.5,0,36,200,16,16,0.1,val,client_1,16,129,14,143,True,0.627906976744186
SIDER,fedavg_proto,0.5,0,36,200,16,16,0.1,val,client_1,17,20,123,143,True,0.46626016260162595
SIDER,fedavg_proto,0.5,0,36,200,16,16,0.1,val,client_1,18,104,39,143,True,0.48249506903353057
SIDER,fedavg_proto,0.5,0,36,200,16,16,0.1,val,client_1,19,103,40,143,True,0.5890776699029127
SIDER,fedavg_proto,0.5,0,36,200,16,16,0.1,val,client_1,20,102,41,143,True,0.5561932089909134
SIDER,fedavg_proto,0.5,0,36,200,16,16,0.1,val,client_1,21,98,45,143,True,0.6285714285714286
SIDER,fedavg_proto,0.5,0,36,200,16,16,0.1,val,client_1,22,10,133,143,True,0.5518796992481203
SIDER,fedavg_proto,0.5,0,36,200,16,16,0.1,val,client_1,23,64,79,143,True,0.564873417721519
SIDER,fedavg_proto,0.5,0,36,200,16,16,0.1,val,client_1,24,104,39,143,True,0.6230276134122288
SIDER,fedavg_proto,0.5,0,36,200,16,16,0.1,val,client_1,25,134,9,143,True,0.7611940298507462
SIDER,fedavg_proto,0.5,0,36,200,16,16,0.1,val,client_1,26,95,48,143,True,0.5278508771929824
SIDER,fedavg_proto,0.5,0,36,200,16,16,0.1,val,client_2,0,76,67,143,True,0.5406520031421838
SIDER,fedavg_proto,0.5,0,36,200,16,16,0.1,val,client_2,1,99,44,143,True,0.5626721763085399
SIDER,fedavg_proto,0.5,0,36,200,16,16,0.1,val,client_2,2,2,141,143,True,0.8617021276595744
SIDER,fedavg_proto,0.5,0,36,200,16,16,0.1,val,client_2,3,85,58,143,True,0.5576064908722109
SIDER,fedavg_proto,0.5,0,36,200,16,16,0.1,val,client_2,4,117,26,143,True,0.5976331360946745
SIDER,fedavg_proto,0.5,0,36,200,16,16,0.1,val,client_2,5,99,44,143,True,0.5459136822773186
SIDER,fedavg_proto,0.5,0,36,200,16,16,0.1,val,client_2,6,131,12,143,True,0.6832061068702291
SIDER,fedavg_proto,0.5,0,36,200,16,16,0.1,val,client_2,7,20,123,143,True,0.6158536585365854
SIDER,fedavg_proto,0.5,0,36,200,16,16,0.1,val,client_2,8,97,46,143,True,0.6138502913491708
SIDER,fedavg_proto,0.5,0,36,200,16,16,0.1,val,client_2,9,71,72,143,True,0.5825508607198748
SIDER,fedavg_proto,0.5,0,36,200,16,16,0.1,val,client_2,10,35,108,143,True,0.623015873015873
SIDER,fedavg_proto,0.5,0,36,200,16,16,0.1,val,client_2,11,130,13,143,True,0.40887573964497037
SIDER,fedavg_proto,0.5,0,36,200,16,16,0.1,val,client_2,12,37,106,143,True,0.6802651708312085
SIDER,fedavg_proto,0.5,0,36,200,16,16,0.1,val,client_2,13,20,123,143,True,0.5508130081300813
SIDER,fedavg_proto,0.5,0,36,200,16,16,0.1,val,client_2,14,107,36,143,True,0.4740394600207684
SIDER,fedavg_proto,0.5,0,36,200,16,16,0.1,val,client_2,15,94,49,143,True,0.6569691706469821
SIDER,fedavg_proto,0.5,0,36,200,16,16,0.1,val,client_2,16,129,14,143,True,0.6101882613510521
SIDER,fedavg_proto,0.5,0,36,200,16,16,0.1,val,client_2,17,20,123,143,True,0.4215447154471545
SIDER,fedavg_proto,0.5,0,36,200,16,16,0.1,val,client_2,18,104,39,143,True,0.5305719921104536
SIDER,fedavg_proto,0.5,0,36,200,16,16,0.1,val,client_2,19,103,40,143,True,0.5099514563106796
SIDER,fedavg_proto,0.5,0,36,200,16,16,0.1,val,client_2,20,102,41,143,True,0.4777618364418938
SIDER,fedavg_proto,0.5,0,36,200,16,16,0.1,val,client_2,21,98,45,143,True,0.6281179138321995
SIDER,fedavg_proto,0.5,0,36,200,16,16,0.1,val,client_2,22,10,133,143,True,0.5992481203007518
SIDER,fedavg_proto,0.5,0,36,200,16,16,0.1,val,client_2,23,64,79,143,True,0.5543908227848101
SIDER,fedavg_proto,0.5,0,36,200,16,16,0.1,val,client_2,24,104,39,143,True,0.5229289940828402
SIDER,fedavg_proto,0.5,0,36,200,16,16,0.1,val,client_2,25,134,9,143,True,0.6301824212271974
SIDER,fedavg_proto,0.5,0,36,200,16,16,0.1,val,client_2,26,95,48,143,True,0.5535087719298245
SIDER,fedavg_proto,0.5,0,36,200,16,16,0.1,val,client_3,0,76,67,143,True,0.6329536527886882
SIDER,fedavg_proto,0.5,0,36,200,16,16,0.1,val,client_3,1,99,44,143,True,0.645087235996327
SIDER,fedavg_proto,0.5,0,36,200,16,16,0.1,val,client_3,2,2,141,143,True,0.7304964539007093
SIDER,fedavg_proto,0.5,0,36,200,16,16,0.1,val,client_3,3,85,58,143,True,0.5649087221095335
SIDER,fedavg_proto,0.5,0,36,200,16,16,0.1,val,client_3,4,117,26,143,True,0.7199211045364892
SIDER,fedavg_proto,0.5,0,36,200,16,16,0.1,val,client_3,5,99,44,143,True,0.6733241505968779
SIDER,fedavg_proto,0.5,0,36,200,16,16,0.1,val,client_3,6,131,12,143,True,0.7480916030534351
SIDER,fedavg_proto,0.5,0,36,200,16,16,0.1,val,client_3,7,20,123,143,True,0.589430894308943
SIDER,fedavg_proto,0.5,0,36,200,16,16,0.1,val,client_3,8,97,46,143,True,0.6207978484984312
SIDER,fedavg_proto,0.5,0,36,200,16,16,0.1,val,client_3,9,71,72,143,True,0.6246087636932708
SIDER,fedavg_proto,0.5,0,36,200,16,16,0.1,val,client_3,10,35,108,143,True,0.6145502645502645
SIDER,fedavg_proto,0.5,0,36,200,16,16,0.1,val,client_3,11,130,13,143,True,0.6597633136094674
SIDER,fedavg_proto,0.5,0,36,200,16,16,0.1,val,client_3,12,37,106,143,True,0.6976032636409994
SIDER,fedavg_proto,0.5,0,36,200,16,16,0.1,val,client_3,13,20,123,143,True,0.5873983739837398
SIDER,fedavg_proto,0.5,0,36,200,16,16,0.1,val,client_3,14,107,36,143,True,0.5555555555555556
SIDER,fedavg_proto,0.5,0,36,200,16,16,0.1,val,client_3,15,94,49,143,True,0.6498046026921407
SIDER,fedavg_proto,0.5,0,36,200,16,16,0.1,val,client_3,16,129,14,143,True,0.655592469545958
SIDER,fedavg_proto,0.5,0,36,200,16,16,0.1,val,client_3,17,20,123,143,True,0.5361788617886178
SIDER,fedavg_proto,0.5,0,36,200,16,16,0.1,val,client_3,18,104,39,143,True,0.6392998027613412
SIDER,fedavg_proto,0.5,0,36,200,16,16,0.1,val,client_3,19,103,40,143,True,0.6293689320388349
SIDER,fedavg_proto,0.5,0,36,200,16,16,0.1,val,client_3,20,102,41,143,True,0.4968914395026303
SIDER,fedavg_proto,0.5,0,36,200,16,16,0.1,val,client_3,21,98,45,143,True,0.6031746031746033
SIDER,fedavg_proto,0.5,0,36,200,16,16,0.1,val,client_3,22,10,133,143,True,0.5774436090225564
SIDER,fedavg_proto,0.5,0,36,200,16,16,0.1,val,client_3,23,64,79,143,True,0.5615110759493671
SIDER,fedavg_proto,0.5,0,36,200,16,16,0.1,val,client_3,24,104,39,143,True,0.5369822485207102
SIDER,fedavg_proto,0.5,0,36,200,16,16,0.1,val,client_3,25,134,9,143,True,0.6343283582089553
SIDER,fedavg_proto,0.5,0,36,200,16,16,0.1,val,client_3,26,95,48,143,True,0.5442982456140351
SIDER,fedavg_proto,0.5,0,36,200,16,16,0.1,test,server,0,72,71,143,True,0.6594287949921753
SIDER,fedavg_proto,0.5,0,36,200,16,16,0.1,test,server,1,105,38,143,True,0.6556390977443609
SIDER,fedavg_proto,0.5,0,36,200,16,16,0.1,test,server,2,5,138,143,True,0.45072463768115945
SIDER,fedavg_proto,0.5,0,36,200,16,16,0.1,test,server,3,90,53,143,True,0.5016771488469601
SIDER,fedavg_proto,0.5,0,36,200,16,16,0.1,test,server,4,118,25,143,True,0.5657627118644067
SIDER,fedavg_proto,0.5,0,36,200,16,16,0.1,test,server,5,104,39,143,True,0.5493096646942801
SIDER,fedavg_proto,0.5,0,36,200,16,16,0.1,test,server,6,134,9,143,True,0.5903814262023217
SIDER,fedavg_proto,0.5,0,36,200,16,16,0.1,test,server,7,24,119,143,True,0.578781512605042
SIDER,fedavg_proto,0.5,0,36,200,16,16,0.1,test,server,8,91,52,143,True,0.5232459847844464
SIDER,fedavg_proto,0.5,0,36,200,16,16,0.1,test,server,9,74,69,143,True,0.618292205248727
SIDER,fedavg_proto,0.5,0,36,200,16,16,0.1,test,server,10,39,104,143,True,0.6173570019723866
SIDER,fedavg_proto,0.5,0,36,200,16,16,0.1,test,server,11,130,13,143,True,0.49230769230769234
SIDER,fedavg_proto,0.5,0,36,200,16,16,0.1,test,server,12,33,110,143,True,0.6112947658402204
SIDER,fedavg_proto,0.5,0,36,200,16,16,0.1,test,server,13,20,123,143,True,0.6113821138211382
SIDER,fedavg_proto,0.5,0,36,200,16,16,0.1,test,server,14,113,30,143,True,0.48938053097345136
SIDER,fedavg_proto,0.5,0,36,200,16,16,0.1,test,server,15,83,60,143,True,0.6275100401606425
SIDER,fedavg_proto,0.5,0,36,200,16,16,0.1,test,server,16,131,12,143,True,0.6361323155216285
SIDER,fedavg_proto,0.5,0,36,200,16,16,0.1,test,server,17,30,113,143,True,0.644542772861357
SIDER,fedavg_proto,0.5,0,36,200,16,16,0.1,test,server,18,109,34,143,True,0.5269832703723691
SIDER,fedavg_proto,0.5,0,36,200,16,16,0.1,test,server,19,104,39,143,True,0.49753451676528604
SIDER,fedavg_proto,0.5,0,36,200,16,16,0.1,test,server,20,102,41,143,True,0.47704447632711616
SIDER,fedavg_proto,0.5,0,36,200,16,16,0.1,test,server,21,98,45,143,True,0.6002267573696145
SIDER,fedavg_proto,0.5,0,36,200,16,16,0.1,test,server,22,14,129,143,True,0.6301218161683279
SIDER,fedavg_proto,0.5,0,36,200,16,16,0.1,test,server,23,60,83,143,True,0.48493975903614456
SIDER,fedavg_proto,0.5,0,36,200,16,16,0.1,test,server,24,98,45,143,True,0.4811791383219955
SIDER,fedavg_proto,0.5,0,36,200,16,16,0.1,test,server,25,132,11,143,True,0.6349862258953168
SIDER,fedavg_proto,0.5,0,36,200,16,16,0.1,test,server,26,101,42,143,True,0.5836869401225838
SIDER,fedavg_proto,0.5,0,36,200,16,16,0.1,test,client_0,0,72,71,143,True,0.6433881064162755
SIDER,fedavg_proto,0.5,0,36,200,16,16,0.1,test,client_0,1,105,38,143,True,0.5817042606516291
SIDER,fedavg_proto,0.5,0,36,200,16,16,0.1,test,client_0,2,5,138,143,True,0.791304347826087
SIDER,fedavg_proto,0.5,0,36,200,16,16,0.1,test,client_0,3,90,53,143,True,0.5343815513626836
SIDER,fedavg_proto,0.5,0,36,200,16,16,0.1,test,client_0,4,118,25,143,True,0.6549152542372881
SIDER,fedavg_proto,0.5,0,36,200,16,16,0.1,test,client_0,5,104,39,143,True,0.6045364891518737
SIDER,fedavg_proto,0.5,0,36,200,16,16,0.1,test,client_0,6,134,9,143,True,0.5315091210613598
SIDER,fedavg_proto,0.5,0,36,200,16,16,0.1,test,client_0,7,24,119,143,True,0.5185574229691876
SIDER,fedavg_proto,0.5,0,36,200,16,16,0.1,test,client_0,8,91,52,143,True,0.5181741335587489
SIDER,fedavg_proto,0.5,0,36,200,16,16,0.1,test,client_0,9,74,69,143,True,0.5900900900900901
SIDER,fedavg_proto,0.5,0,36,200,16,16,0.1,test,client_0,10,39,104,143,True,0.610207100591716
SIDER,fedavg_proto,0.5,0,36,200,16,16,0.1,test,client_0,11,130,13,143,True,0.6644970414201183
SIDER,fedavg_proto,0.5,0,36,200,16,16,0.1,test,client_0,12,33,110,143,True,0.5741046831955923
SIDER,fedavg_proto,0.5,0,36,200,16,16,0.1,test,client_0,13,20,123,143,True,0.5849593495934959
SIDER,fedavg_proto,0.5,0,36,200,16,16,0.1,test,client_0,14,113,30,143,True,0.5693215339233039
SIDER,fedavg_proto,0.5,0,36,200,16,16,0.1,test,client_0,15,83,60,143,True,0.6660642570281124
SIDER,fedavg_proto,0.5,0,36,200,16,16,0.1,test,client_0,16,131,12,143,True,0.678117048346056
SIDER,fedavg_proto,0.5,0,36,200,16,16,0.1,test,client_0,17,30,113,143,True,0.5654867256637168
SIDER,fedavg_proto,0.5,0,36,200,16,16,0.1,test,client_0,18,109,34,143,True,0.48381003777657855
SIDER,fedavg_proto,0.5,0,36,200,16,16,0.1,test,client_0,19,104,39,143,True,0.5367357001972387
SIDER,fedavg_proto,0.5,0,36,200,16,16,0.1,test,client_0,20,102,41,143,True,0.5255858440937351
SIDER,fedavg_proto,0.5,0,36,200,16,16,0.1,test,client_0,21,98,45,143,True,0.5968253968253968
SIDER,fedavg_proto,0.5,0,36,200,16,16,0.1,test,client_0,22,14,129,143,True,0.6561461794019933
SIDER,fedavg_proto,0.5,0,36,200,16,16,0.1,test,client_0,23,60,83,143,True,0.5817269076305221
SIDER,fedavg_proto,0.5,0,36,200,16,16,0.1,test,client_0,24,98,45,143,True,0.5022675736961452
SIDER,fedavg_proto,0.5,0,36,200,16,16,0.1,test,client_0,25,132,11,143,True,0.6122589531680441
SIDER,fedavg_proto,0.5,0,36,200,16,16,0.1,test,client_0,26,101,42,143,True,0.6435643564356436
SIDER,fedavg_proto,0.5,0,36,200,16,16,0.1,test,client_1,0,72,71,143,True,0.6408450704225352
SIDER,fedavg_proto,0.5,0,36,200,16,16,0.1,test,client_1,1,105,38,143,True,0.6172932330827068
SIDER,fedavg_proto,0.5,0,36,200,16,16,0.1,test,client_1,2,5,138,143,True,0.5768115942028986
SIDER,fedavg_proto,0.5,0,36,200,16,16,0.1,test,client_1,3,90,53,143,True,0.519706498951782
SIDER,fedavg_proto,0.5,0,36,200,16,16,0.1,test,client_1,4,118,25,143,True,0.49322033898305084
SIDER,fedavg_proto,0.5,0,36,200,16,16,0.1,test,client_1,5,104,39,143,True,0.5401873767258383
SIDER,fedavg_proto,0.5,0,36,200,16,16,0.1,test,client_1,6,134,9,143,True,0.5555555555555556
SIDER,fedavg_proto,0.5,0,36,200,16,16,0.1,test,client_1,7,24,119,143,True,0.667016806722689
SIDER,fedavg_proto,0.5,0,36,200,16,16,0.1,test,client_1,8,91,52,143,True,0.5870667793744716
SIDER,fedavg_proto,0.5,0,36,200,16,16,0.1,test,client_1,9,74,69,143,True,0.6674500587544067
SIDER,fedavg_proto,0.5,0,36,200,16,16,0.1,test,client_1,10,39,104,143,True,0.6087278106508875
SIDER,fedavg_proto,0.5,0,36,200,16,16,0.1,test,client_1,11,130,13,143,True,0.4615384615384615
SIDER,fedavg_proto,0.5,0,36,200,16,16,0.1,test,client_1,12,33,110,143,True,0.6796143250688705
SIDER,fedavg_proto,0.5,0,36,200,16,16,0.1,test,client_1,13,20,123,143,True,0.6711382113821138
SIDER,fedavg_proto,0.5,0,36,200,16,16,0.1,test,client_1,14,113,30,143,True,0.4858407079646017
SIDER,fedavg_proto,0.5,0,36,200,16,16,0.1,test,client_1,15,83,60,143,True,0.5763052208835341
SIDER,fedavg_proto,0.5,0,36,200,16,16,0.1,test,client_1,16,131,12,143,True,0.4968193384223919
SIDER,fedavg_proto,0.5,0,36,200,16,16,0.1,test,client_1,17,30,113,143,True,0.6430678466076697
SIDER,fedavg_proto,0.5,0,36,200,16,16,0.1,test,client_1,18,109,34,143,True,0.5553157042633567
SIDER,fedavg_proto,0.5,0,36,200,16,16,0.1,test,client_1,19,104,39,143,True,0.5113412228796844
SIDER,fedavg_proto,0.5,0,36,200,16,16,0.1,test,client_1,20,102,41,143,True,0.5157819225251077
SIDER,fedavg_proto,0.5,0,36,200,16,16,0.1,test,client_1,21,98,45,143,True,0.52562358276644
SIDER,fedavg_proto,0.5,0,36,200,16,16,0.1,test,client_1,22,14,129,143,True,0.7580287929125138
SIDER,fedavg_proto,0.5,0,36,200,16,16,0.1,test,client_1,23,60,83,143,True,0.5014056224899598
SIDER,fedavg_proto,0.5,0,36,200,16,16,0.1,test,client_1,24,98,45,143,True,0.4997732426303855
SIDER,fedavg_proto,0.5,0,36,200,16,16,0.1,test,client_1,25,132,11,143,True,0.599862258953168
SIDER,fedavg_proto,0.5,0,36,200,16,16,0.1,test,client_1,26,101,42,143,True,0.5966525223950967
SIDER,fedavg_proto,0.5,0,36,200,16,16,0.1,test,client_2,0,72,71,143,True,0.5369718309859155
SIDER,fedavg_proto,0.5,0,36,200,16,16,0.1,test,client_2,1,105,38,143,True,0.5295739348370927
SIDER,fedavg_proto,0.5,0,36,200,16,16,0.1,test,client_2,2,5,138,143,True,0.6318840579710145
SIDER,fedavg_proto,0.5,0,36,200,16,16,0.1,test,client_2,3,90,53,143,True,0.42515723270440253
SIDER,fedavg_proto,0.5,0,36,200,16,16,0.1,test,client_2,4,118,25,143,True,0.5294915254237288
SIDER,fedavg_proto,0.5,0,36,200,16,16,0.1,test,client_2,5,104,39,143,True,0.5409270216962524
SIDER,fedavg_proto,0.5,0,36,200,16,16,0.1,test,client_2,6,134,9,143,True,0.5878938640132669
SIDER,fedavg_proto,0.5,0,36,200,16,16,0.1,test,client_2,7,24,119,143,True,0.5437675070028012
SIDER,fedavg_proto,0.5,0,36,200,16,16,0.1,test,client_2,8,91,52,143,True,0.5088757396449705
SIDER,fedavg_proto,0.5,0,36,200,16,16,0.1,test,client_2,9,74,69,143,True,0.5701135918527223
SIDER,fedavg_proto,0.5,0,36,200,16,16,0.1,test,client_2,10,39,104,143,True,0.6119329388560157
SIDER,fedavg_proto,0.5,0,36,200,16,16,0.1,test,client_2,11,130,13,143,True,0.4023668639053254
SIDER,fedavg_proto,0.5,0,36,200,16,16,0.1,test,client_2,12,33,110,143,True,0.600275482093664
SIDER,fedavg_proto,0.5,0,36,200,16,16,0.1,test,client_2,13,20,123,143,True,0.5516260162601626
SIDER,fedavg_proto,0.5,0,36,200,16,16,0.1,test,client_2,14,113,30,143,True,0.4755162241887906
SIDER,fedavg_proto,0.5,0,36,200,16,16,0.1,test,client_2,15,83,60,143,True,0.6391566265060241
SIDER,fedavg_proto,0.5,0,36,200,16,16,0.1,test,client_2,16,131,12,143,True,0.6704834605597965
SIDER,fedavg_proto,0.5,0,36,200,16,16,0.1,test,client_2,17,30,113,143,True,0.612094395280236
SIDER,fedavg_proto,0.5,0,36,200,16,16,0.1,test,client_2,18,109,34,143,True,0.47274689692390726
SIDER,fedavg_proto,0.5,0,36,200,16,16,0.1,test,client_2,19,104,39,143,True,0.45315581854043385
SIDER,fedavg_proto,0.5,0,36,200,16,16,0.1,test,client_2,20,102,41,143,True,0.46006695361071254
SIDER,fedavg_proto,0.5,0,36,200,16,16,0.1,test,client_2,21,98,45,143,True,0.5714285714285715
SIDER,fedavg_proto,0.5,0,36,200,16,16,0.1,test,client_2,22,14,129,143,True,0.5869324473975637
SIDER,fedavg_proto,0.5,0,36,200,16,16,0.1,test,client_2,23,60,83,143,True,0.4734939759036144
SIDER,fedavg_proto,0.5,0,36,200,16,16,0.1,test,client_2,24,98,45,143,True,0.43605442176870746
SIDER,fedavg_proto,0.5,0,36,200,16,16,0.1,test,client_2,25,132,11,143,True,0.6349862258953168
SIDER,fedavg_proto,0.5,0,36,200,16,16,0.1,test,client_2,26,101,42,143,True,0.5714285714285715
SIDER,fedavg_proto,0.5,0,36,200,16,16,0.1,test,client_3,0,72,71,143,True,0.6122848200312989
SIDER,fedavg_proto,0.5,0,36,200,16,16,0.1,test,client_3,1,105,38,143,True,0.6433583959899749
SIDER,fedavg_proto,0.5,0,36,200,16,16,0.1,test,client_3,2,5,138,143,True,0.6942028985507247
SIDER,fedavg_proto,0.5,0,36,200,16,16,0.1,test,client_3,3,90,53,143,True,0.5402515723270441
SIDER,fedavg_proto,0.5,0,36,200,16,16,0.1,test,client_3,4,118,25,143,True,0.6535593220338983
SIDER,fedavg_proto,0.5,0,36,200,16,16,0.1,test,client_3,5,104,39,143,True,0.5606508875739645
SIDER,fedavg_proto,0.5,0,36,200,16,16,0.1,test,client_3,6,134,9,143,True,0.6898839137645107
SIDER,fedavg_proto,0.5,0,36,200,16,16,0.1,test,client_3,7,24,119,143,True,0.5007002801120448
SIDER,fedavg_proto,0.5,0,36,200,16,16,0.1,test,client_3,8,91,52,143,True,0.533178360101437
SIDER,fedavg_proto,0.5,0,36,200,16,16,0.1,test,client_3,9,74,69,143,True,0.6443399921660791
SIDER,fedavg_proto,0.5,0,36,200,16,16,0.1,test,client_3,10,39,104,143,True,0.583086785009862
SIDER,fedavg_proto,0.5,0,36,200,16,16,0.1,test,client_3,11,130,13,143,True,0.6319526627218935
SIDER,fedavg_proto,0.5,0,36,200,16,16,0.1,test,client_3,12,33,110,143,True,0.5630853994490358
SIDER,fedavg_proto,0.5,0,36,200,16,16,0.1,test,client_3,13,20,123,143,True,0.5357723577235772
SIDER,fedavg_proto,0.5,0,36,200,16,16,0.1,test,client_3,14,113,30,143,True,0.6407079646017699
SIDER,fedavg_proto,0.5,0,36,200,16,16,0.1,test,client_3,15,83,60,143,True,0.6303212851405623
SIDER,fedavg_proto,0.5,0,36,200,16,16,0.1,test,client_3,16,131,12,143,True,0.7620865139949109
SIDER,fedavg_proto,0.5,0,36,200,16,16,0.1,test,client_3,17,30,113,143,True,0.5498525073746313
SIDER,fedavg_proto,0.5,0,36,200,16,16,0.1,test,client_3,18,109,34,143,True,0.5709660010793309
SIDER,fedavg_proto,0.5,0,36,200,16,16,0.1,test,client_3,19,104,39,143,True,0.5224358974358975
SIDER,fedavg_proto,0.5,0,36,200,16,16,0.1,test,client_3,20,102,41,143,True,0.5191296030607365
SIDER,fedavg_proto,0.5,0,36,200,16,16,0.1,test,client_3,21,98,45,143,True,0.6210884353741496
SIDER,fedavg_proto,0.5,0,36,200,16,16,0.1,test,client_3,22,14,129,143,True,0.530454042081949
SIDER,fedavg_proto,0.5,0,36,200,16,16,0.1,test,client_3,23,60,83,143,True,0.49638554216867475
SIDER,fedavg_proto,0.5,0,36,200,16,16,0.1,test,client_3,24,98,45,143,True,0.5532879818594104
SIDER,fedavg_proto,0.5,0,36,200,16,16,0.1,test,client_3,25,132,11,143,True,0.6639118457300276
SIDER,fedavg_proto,0.5,0,36,200,16,16,0.1,test,client_3,26,101,42,143,True,0.5744931636020745
SIDER,fedavg_proto,0.5,0,37,200,16,16,0.1,val,server,0,76,67,143,True,0.5901413982717989
SIDER,fedavg_proto,0.5,0,37,200,16,16,0.1,val,server,1,99,44,143,True,0.6352157943067034
SIDER,fedavg_proto,0.5,0,37,200,16,16,0.1,val,server,2,2,141,143,True,0.5921985815602837
SIDER,fedavg_proto,0.5,0,37,200,16,16,0.1,val,server,3,85,58,143,True,0.6488843813387424
SIDER,fedavg_proto,0.5,0,37,200,16,16,0.1,val,server,4,117,26,143,True,0.692965154503616
SIDER,fedavg_proto,0.5,0,37,200,16,16,0.1,val,server,5,99,44,143,True,0.640495867768595
SIDER,fedavg_proto,0.5,0,37,200,16,16,0.1,val,server,6,131,12,143,True,0.7512722646310432
SIDER,fedavg_proto,0.5,0,37,200,16,16,0.1,val,server,7,20,123,143,True,0.632520325203252
SIDER,fedavg_proto,0.5,0,37,200,16,16,0.1,val,server,8,97,46,143,True,0.6416405199462124
SIDER,fedavg_proto,0.5,0,37,200,16,16,0.1,val,server,9,71,72,143,True,0.6238262910798122
SIDER,fedavg_proto,0.5,0,37,200,16,16,0.1,val,server,10,35,108,143,True,0.6015873015873016
SIDER,fedavg_proto,0.5,0,37,200,16,16,0.1,val,server,11,130,13,143,True,0.6745562130177515
SIDER,fedavg_proto,0.5,0,37,200,16,16,0.1,val,server,12,37,106,143,True,0.6935237123916369
SIDER,fedavg_proto,0.5,0,37,200,16,16,0.1,val,server,13,20,123,143,True,0.5995934959349594
SIDER,fedavg_proto,0.5,0,37,200,16,16,0.1,val,server,14,107,36,143,True,0.5332294911734164
SIDER,fedavg_proto,0.5,0,37,200,16,16,0.1,val,server,15,94,49,143,True,0.6641337386018237
SIDER,fedavg_proto,0.5,0,37,200,16,16,0.1,val,server,16,129,14,143,True,0.6528239202657806
SIDER,fedavg_proto,0.5,0,37,200,16,16,0.1,val,server,17,20,123,143,True,0.5211382113821139
SIDER,fedavg_proto,0.5,0,37,200,16,16,0.1,val,server,18,104,39,143,True,0.5532544378698224
SIDER,fedavg_proto,0.5,0,37,200,16,16,0.1,val,server,19,103,40,143,True,0.6381067961165048
SIDER,fedavg_proto,0.5,0,37,200,16,16,0.1,val,server,20,102,41,143,True,0.5439980870396939
SIDER,fedavg_proto,0.5,0,37,200,16,16,0.1,val,server,21,98,45,143,True,0.684126984126984
SIDER,fedavg_proto,0.5,0,37,200,16,16,0.1,val,server,22,10,133,143,True,0.6481203007518797
SIDER,fedavg_proto,0.5,0,37,200,16,16,0.1,val,server,23,64,79,143,True,0.6085838607594937
SIDER,fedavg_proto,0.5,0,37,200,16,16,0.1,val,server,24,104,39,143,True,0.582593688362919
SIDER,fedavg_proto,0.5,0,37,200,16,16,0.1,val,server,25,134,9,143,True,0.697346600331675
SIDER,fedavg_proto,0.5,0,37,200,16,16,0.1,val,server,26,95,48,143,True,0.6000000000000001
SIDER,fedavg_proto,0.5,0,37,200,16,16,0.1,val,client_0,0,76,67,143,True,0.6353102906520032
SIDER,fedavg_proto,0.5,0,37,200,16,16,0.1,val,client_0,1,99,44,143,True,0.6313131313131313
SIDER,fedavg_proto,0.5,0,37,200,16,16,0.1,val,client_0,2,2,141,143,True,0.6808510638297872
SIDER,fedavg_proto,0.5,0,37,200,16,16,0.1,val,client_0,3,85,58,143,True,0.6265720081135903
SIDER,fedavg_proto,0.5,0,37,200,16,16,0.1,val,client_0,4,117,26,143,True,0.6929651545036161
SIDER,fedavg_proto,0.5,0,37,200,16,16,0.1,val,client_0,5,99,44,143,True,0.706611570247934
SIDER,fedavg_proto,0.5,0,37,200,16,16,0.1,val,client_0,6,131,12,143,True,0.6876590330788804
SIDER,fedavg_proto,0.5,0,37,200,16,16,0.1,val,client_0,7,20,123,143,True,0.6504065040650406
SIDER,fedavg_proto,0.5,0,37,200,16,16,0.1,val,client_0,8,97,46,143,True,0.6248319139399373
SIDER,fedavg_proto,0.5,0,37,200,16,16,0.1,val,client_0,9,71,72,143,True,0.5602503912363067
SIDER,fedavg_proto,0.5,0,37,200,16,16,0.1,val,client_0,10,35,108,143,True,0.676984126984127
SIDER,fedavg_proto,0.5,0,37,200,16,16,0.1,val,client_0,11,130,13,143,True,0.7343195266272189
SIDER,fedavg_proto,0.5,0,37,200,16,16,0.1,val,client_0,12,37,106,143,True,0.6636919938806731
SIDER,fedavg_proto,0.5,0,37,200,16,16,0.1,val,client_0,13,20,123,143,True,0.6873983739837399
SIDER,fedavg_proto,0.5,0,37,200,16,16,0.1,val,client_0,14,107,36,143,True,0.5467289719626168
SIDER,fedavg_proto,0.5,0,37,200,16,16,0.1,val,client_0,15,94,49,143,True,0.6739036039947895
SIDER,fedavg_proto,0.5,0,37,200,16,16,0.1,val,client_0,16,129,14,143,True,0.7231450719822813
SIDER,fedavg_proto,0.5,0,37,200,16,16,0.1,val,client_0,17,20,123,143,True,0.6121951219512194
SIDER,fedavg_proto,0.5,0,37,200,16,16,0.1,val,client_0,18,104,39,143,True,0.564102564102564
SIDER,fedavg_proto,0.5,0,37,200,16,16,0.1,val,client_0,19,103,40,143,True,0.6230582524271844
SIDER,fedavg_proto,0.5,0,37,200,16,16,0.1,val,client_0,20,102,41,143,True,0.6348637015781923
SIDER,fedavg_proto,0.5,0,37,200,16,16,0.1,val,client_0,21,98,45,143,True,0.6560090702947846
SIDER,fedavg_proto,0.5,0,37,200,16,16,0.1,val,client_0,22,10,133,143,True,0.6383458646616542
SIDER,fedavg_proto,0.5,0,37,200,16,16,0.1,val,client_0,23,64,79,143,True,0.6089794303797468
SIDER,fedavg_proto,0.5,0,37,200,16,16,0.1,val,client_0,24,104,39,143,True,0.5860453648915187
SIDER,fedavg_proto,0.5,0,37,200,16,16,0.1,val,client_0,25,134,9,143,True,0.7205638474295191
SIDER,fedavg_proto,0.5,0,37,200,16,16,0.1,val,client_0,26,95,48,143,True,0.6767543859649123
SIDER,fedavg_proto,0.5,0,37,200,16,16,0.1,val,client_1,0,76,67,143,True,0.5689316575019638
SIDER,fedavg_proto,0.5,0,37,200,16,16,0.1,val,client_1,1,99,44,143,True,0.5950413223140496
SIDER,fedavg_proto,0.5,0,37,200,16,16,0.1,val,client_1,2,2,141,143,True,0.6914893617021276
SIDER,fedavg_proto,0.5,0,37,200,16,16,0.1,val,client_1,3,85,58,143,True,0.6492900608519269
SIDER,fedavg_proto,0.5,0,37,200,16,16,0.1,val,client_1,4,117,26,143,True,0.6219592373438528
SIDER,fedavg_proto,0.5,0,37,200,16,16,0.1,val,client_1,5,99,44,143,True,0.5130853994490359
SIDER,fedavg_proto,0.5,0,37,200,16,16,0.1,val,client_1,6,131,12,143,True,0.7137404580152671
SIDER,fedavg_proto,0.5,0,37,200,16,16,0.1,val,client_1,7,20,123,143,True,0.49837398373983743
SIDER,fedavg_proto,0.5,0,37,200,16,16,0.1,val,client_1,8,97,46,143,True,0.5795607350963694
SIDER,fedavg_proto,0.5,0,37,200,16,16,0.1,val,client_1,9,71,72,143,True,0.5989827856025038
SIDER,fedavg_proto,0.5,0,37,200,16,16,0.1,val,client_1,10,35,108,143,True,0.517989417989418
SIDER,fedavg_proto,0.5,0,37,200,16,16,0.1,val,client_1,11,130,13,143,True,0.5461538461538462
SIDER,fedavg_proto,0.5,0,37,200,16,16,0.1,val,client_1,12,37,106,143,True,0.5889852116267211
SIDER,fedavg_proto,0.5,0,37,200,16,16,0.1,val,client_1,13,20,123,143,True,0.5939024390243902
SIDER,fedavg_proto,0.5,0,37,200,16,16,0.1,val,client_1,14,107,36,143,True,0.556853582554517
SIDER,fedavg_proto,0.5,0,37,200,16,16,0.1,val,client_1,15,94,49,143,True,0.6396005210594876
SIDER,fedavg_proto,0.5,0,37,200,16,16,0.1,val,client_1,16,129,14,143,True,0.6068660022148394
SIDER,fedavg_proto,0.5,0,37,200,16,16,0.1,val,client_1,17,20,123,143,True,0.5101626016260162
SIDER,fedavg_proto,0.5,0,37,200,16,16,0.1,val,client_1,18,104,39,143,True,0.4797830374753452
SIDER,fedavg_proto,0.5,0,37,200,16,16,0.1,val,client_1,19,103,40,143,True,0.5902912621359223
SIDER,fedavg_proto,0.5,0,37,200,16,16,0.1,val,client_1,20,102,41,143,True,0.5585844093735055
SIDER,fedavg_proto,0.5,0,37,200,16,16,0.1,val,client_1,21,98,45,143,True,0.6253968253968254
SIDER,fedavg_proto,0.5,0,37,200,16,16,0.1,val,client_1,22,10,133,143,True,0.5609022556390978
SIDER,fedavg_proto,0.5,0,37,200,16,16,0.1,val,client_1,23,64,79,143,True,0.5500395569620253
SIDER,fedavg_proto,0.5,0,37,200,16,16,0.1,val,client_1,24,104,39,143,True,0.606508875739645
SIDER,fedavg_proto,0.5,0,37,200,16,16,0.1,val,client_1,25,134,9,143,True,0.7172470978441128
SIDER,fedavg_proto,0.5,0,37,200,16,16,0.1,val,client_1,26,95,48,143,True,0.5414473684210527
SIDER,fedavg_proto,0.5,0,37,200,16,16,0.1,val,client_2,0,76,67,143,True,0.5320109976433621
SIDER,fedavg_proto,0.5,0,37,200,16,16,0.1,val,client_2,1,99,44,143,True,0.5661157024793388
SIDER,fedavg_proto,0.5,0,37,200,16,16,0.1,val,client_2,2,2,141,143,True,0.8794326241134751
SIDER,fedavg_proto,0.5,0,37,200,16,16,0.1,val,client_2,3,85,58,143,True,0.6038539553752535
SIDER,fedavg_proto,0.5,0,37,200,16,16,0.1,val,client_2,4,117,26,143,True,0.5927021696252466
SIDER,fedavg_proto,0.5,0,37,200,16,16,0.1,val,client_2,5,99,44,143,True,0.5548668503213957
SIDER,fedavg_proto,0.5,0,37,200,16,16,0.1,val,client_2,6,131,12,143,True,0.7283715012722647
SIDER,fedavg_proto,0.5,0,37,200,16,16,0.1,val,client_2,7,20,123,143,True,0.6215447154471545
SIDER,fedavg_proto,0.5,0,37,200,16,16,0.1,val,client_2,8,97,46,143,True,0.5983863738233975
SIDER,fedavg_proto,0.5,0,37,200,16,16,0.1,val,client_2,9,71,72,143,True,0.599960876369327
SIDER,fedavg_proto,0.5,0,37,200,16,16,0.1,val,client_2,10,35,108,143,True,0.5928571428571429
SIDER,fedavg_proto,0.5,0,37,200,16,16,0.1,val,client_2,11,130,13,143,True,0.4325443786982248
SIDER,fedavg_proto,0.5,0,37,200,16,16,0.1,val,client_2,12,37,106,143,True,0.64278429372769
SIDER,fedavg_proto,0.5,0,37,200,16,16,0.1,val,client_2,13,20,123,143,True,0.5642276422764227
SIDER,fedavg_proto,0.5,0,37,200,16,16,0.1,val,client_2,14,107,36,143,True,0.5002596053997923
SIDER,fedavg_proto,0.5,0,37,200,16,16,0.1,val,client_2,15,94,49,143,True,0.6752062527138515
SIDER,fedavg_proto,0.5,0,37,200,16,16,0.1,val,client_2,16,129,14,143,True,0.5775193798449612
SIDER,fedavg_proto,0.5,0,37,200,16,16,0.1,val,client_2,17,20,123,143,True,0.45487804878048776
SIDER,fedavg_proto,0.5,0,37,200,16,16,0.1,val,client_2,18,104,39,143,True,0.5051775147928994
SIDER,fedavg_proto,0.5,0,37,200,16,16,0.1,val,client_2,19,103,40,143,True,0.5257281553398059
SIDER,fedavg_proto,0.5,0,37,200,16,16,0.1,val,client_2,20,102,41,143,True,0.47895743663318985
SIDER,fedavg_proto,0.5,0,37,200,16,16,0.1,val,client_2,21,98,45,143,True,0.6199546485260771
SIDER,fedavg_proto,0.5,0,37,200,16,16,0.1,val,client_2,22,10,133,143,True,0.5939849624060151
SIDER,fedavg_proto,0.5,0,37,200,16,16,0.1,val,client_2,23,64,79,143,True,0.5535996835443038
SIDER,fedavg_proto,0.5,0,37,200,16,16,0.1,val,client_2,24,104,39,143,True,0.5569526627218935
SIDER,fedavg_proto,0.5,0,37,200,16,16,0.1,val,client_2,25,134,9,143,True,0.6434494195688226
SIDER,fedavg_proto,0.5,0,37,200,16,16,0.1,val,client_2,26,95,48,143,True,0.5405701754385965
SIDER,fedavg_proto,0.5,0,37,200,16,16,0.1,val,client_3,0,76,67,143,True,0.6309897879025923
SIDER,fedavg_proto,0.5,0,37,200,16,16,0.1,val,client_3,1,99,44,143,True,0.6345270890725436
SIDER,fedavg_proto,0.5,0,37,200,16,16,0.1,val,client_3,2,2,141,143,True,0.6631205673758865
SIDER,fedavg_proto,0.5,0,37,200,16,16,0.1,val,client_3,3,85,58,143,True,0.5476673427991886
SIDER,fedavg_proto,0.5,0,37,200,16,16,0.1,val,client_3,4,117,26,143,True,0.7218934911242604
SIDER,fedavg_proto,0.5,0,37,200,16,16,0.1,val,client_3,5,99,44,143,True,0.6577134986225894
SIDER,fedavg_proto,0.5,0,37,200,16,16,0.1,val,client_3,6,131,12,143,True,0.7639949109414759
SIDER,fedavg_proto,0.5,0,37,200,16,16,0.1,val,client_3,7,20,123,143,True,0.5800813008130081
SIDER,fedavg_proto,0.5,0,37,200,16,16,0.1,val,client_3,8,97,46,143,True,0.59995517705065
SIDER,fedavg_proto,0.5,0,37,200,16,16,0.1,val,client_3,9,71,72,143,True,0.6087636932707355
SIDER,fedavg_proto,0.5,0,37,200,16,16,0.1,val,client_3,10,35,108,143,True,0.6087301587301587
SIDER,fedavg_proto,0.5,0,37,200,16,16,0.1,val,client_3,11,130,13,143,True,0.6479289940828403
SIDER,fedavg_proto,0.5,0,37,200,16,16,0.1,val,client_3,12,37,106,143,True,0.6945436002039775
SIDER,fedavg_proto,0.5,0,37,200,16,16,0.1,val,client_3,13,20,123,143,True,0.5674796747967479
SIDER,fedavg_proto,0.5,0,37,200,16,16,0.1,val,client_3,14,107,36,143,True,0.5519210799584632
SIDER,fedavg_proto,0.5,0,37,200,16,16,0.1,val,client_3,15,94,49,143,True,0.6515414676508902
SIDER,fedavg_proto,0.5,0,37,200,16,16,0.1,val,client_3,16,129,14,143,True,0.6434108527131783
SIDER,fedavg_proto,0.5,0,37,200,16,16,0.1,val,client_3,17,20,123,143,True,0.5154471544715447
SIDER,fedavg_proto,0.5,0,37,200,16,16,0.1,val,client_3,18,104,39,143,True,0.6250000000000001
SIDER,fedavg_proto,0.5,0,37,200,16,16,0.1,val,client_3,19,103,40,143,True,0.624757281553398
SIDER,fedavg_proto,0.5,0,37,200,16,16,0.1,val,client_3,20,102,41,143,True,0.4954567192730751
SIDER,fedavg_proto,0.5,0,37,200,16,16,0.1,val,client_3,21,98,45,143,True,0.584126984126984
SIDER,fedavg_proto,0.5,0,37,200,16,16,0.1,val,client_3,22,10,133,143,True,0.5887218045112781
SIDER,fedavg_proto,0.5,0,37,200,16,16,0.1,val,client_3,23,64,79,143,True,0.5623022151898734
SIDER,fedavg_proto,0.5,0,37,200,16,16,0.1,val,client_3,24,104,39,143,True,0.5384615384615384
SIDER,fedavg_proto,0.5,0,37,200,16,16,0.1,val,client_3,25,134,9,143,True,0.6318407960199005
SIDER,fedavg_proto,0.5,0,37,200,16,16,0.1,val,client_3,26,95,48,143,True,0.5572368421052631
SIDER,fedavg_proto,0.5,0,37,200,16,16,0.1,test,server,0,72,71,143,True,0.6582550860719875
SIDER,fedavg_proto,0.5,0,37,200,16,16,0.1,test,server,1,105,38,143,True,0.655889724310777
SIDER,fedavg_proto,0.5,0,37,200,16,16,0.1,test,server,2,5,138,143,True,0.45942028985507244
SIDER,fedavg_proto,0.5,0,37,200,16,16,0.1,test,server,3,90,53,143,True,0.5031446540880503
SIDER,fedavg_proto,0.5,0,37,200,16,16,0.1,test,server,4,118,25,143,True,0.5722033898305084
SIDER,fedavg_proto,0.5,0,37,200,16,16,0.1,test,server,5,104,39,143,True,0.553007889546351
SIDER,fedavg_proto,0.5,0,37,200,16,16,0.1,test,server,6,134,9,143,True,0.5762852404643449
SIDER,fedavg_proto,0.5,0,37,200,16,16,0.1,test,server,7,24,119,143,True,0.5913865546218487
SIDER,fedavg_proto,0.5,0,37,200,16,16,0.1,test,server,8,91,52,143,True,0.5304311073541843
SIDER,fedavg_proto,0.5,0,37,200,16,16,0.1,test,server,9,74,69,143,True,0.6265178221699962
SIDER,fedavg_proto,0.5,0,37,200,16,16,0.1,test,server,10,39,104,143,True,0.632396449704142
SIDER,fedavg_proto,0.5,0,37,200,16,16,0.1,test,server,11,130,13,143,True,0.5230769230769231
SIDER,fedavg_proto,0.5,0,37,200,16,16,0.1,test,server,12,33,110,143,True,0.6181818181818182
SIDER,fedavg_proto,0.5,0,37,200,16,16,0.1,test,server,13,20,123,143,True,0.6097560975609756
SIDER,fedavg_proto,0.5,0,37,200,16,16,0.1,test,server,14,113,30,143,True,0.4926253687315634
SIDER,fedavg_proto,0.5,0,37,200,16,16,0.1,test,server,15,83,60,143,True,0.6345381526104418
SIDER,fedavg_proto,0.5,0,37,200,16,16,0.1,test,server,16,131,12,143,True,0.6533078880407125
SIDER,fedavg_proto,0.5,0,37,200,16,16,0.1,test,server,17,30,113,143,True,0.6410029498525074
SIDER,fedavg_proto,0.5,0,37,200,16,16,0.1,test,server,18,109,34,143,True,0.5323799244468429
SIDER,fedavg_proto,0.5,0,37,200,16,16,0.1,test,server,19,104,39,143,True,0.4995069033530572
SIDER,fedavg_proto,0.5,0,37,200,16,16,0.1,test,server,20,102,41,143,True,0.48254423720707795
SIDER,fedavg_proto,0.5,0,37,200,16,16,0.1,test,server,21,98,45,143,True,0.5927437641723355
SIDER,fedavg_proto,0.5,0,37,200,16,16,0.1,test,server,22,14,129,143,True,0.6461794019933556
SIDER,fedavg_proto,0.5,0,37,200,16,16,0.1,test,server,23,60,83,143,True,0.4821285140562249
SIDER,fedavg_proto,0.5,0,37,200,16,16,0.1,test,server,24,98,45,143,True,0.47868480725623586
SIDER,fedavg_proto,0.5,0,37,200,16,16,0.1,test,server,25,132,11,143,True,0.640495867768595
SIDER,fedavg_proto,0.5,0,37,200,16,16,0.1,test,server,26,101,42,143,True,0.5851013672795852
SIDER,fedavg_proto,0.5,0,37,200,16,16,0.1,test,client_0,0,72,71,143,True,0.6285211267605634
SIDER,fedavg_proto,0.5,0,37,200,16,16,0.1,test,client_0,1,105,38,143,True,0.5646616541353383
SIDER,fedavg_proto,0.5,0,37,200,16,16,0.1,test,client_0,2,5,138,143,True,0.7782608695652175
SIDER,fedavg_proto,0.5,0,37,200,16,16,0.1,test,client_0,3,90,53,143,True,0.5385744234800838
SIDER,fedavg_proto,0.5,0,37,200,16,16,0.1,test,client_0,4,118,25,143,True,0.6677966101694915
SIDER,fedavg_proto,0.5,0,37,200,16,16,0.1,test,client_0,5,104,39,143,True,0.6060157790927022
SIDER,fedavg_proto,0.5,0,37,200,16,16,0.1,test,client_0,6,134,9,143,True,0.5514096185737978
SIDER,fedavg_proto,0.5,0,37,200,16,16,0.1,test,client_0,7,24,119,143,True,0.5196078431372548
SIDER,fedavg_proto,0.5,0,37,200,16,16,0.1,test,client_0,8,91,52,143,True,0.5228233305156382
SIDER,fedavg_proto,0.5,0,37,200,16,16,0.1,test,client_0,9,74,69,143,True,0.581081081081081
SIDER,fedavg_proto,0.5,0,37,200,16,16,0.1,test,client_0,10,39,104,143,True,0.5931952662721893
SIDER,fedavg_proto,0.5,0,37,200,16,16,0.1,test,client_0,11,130,13,143,True,0.6633136094674555
SIDER,fedavg_proto,0.5,0,37,200,16,16,0.1,test,client_0,12,33,110,143,True,0.5559228650137741
SIDER,fedavg_proto,0.5,0,37,200,16,16,0.1,test,client_0,13,20,123,143,True,0.5833333333333334
SIDER,fedavg_proto,0.5,0,37,200,16,16,0.1,test,client_0,14,113,30,143,True,0.5820058997050147
SIDER,fedavg_proto,0.5,0,37,200,16,16,0.1,test,client_0,15,83,60,143,True,0.6602409638554217
SIDER,fedavg_proto,0.5,0,37,200,16,16,0.1,test,client_0,16,131,12,143,True,0.6997455470737914
SIDER,fedavg_proto,0.5,0,37,200,16,16,0.1,test,client_0,17,30,113,143,True,0.5463126843657817
SIDER,fedavg_proto,0.5,0,37,200,16,16,0.1,test,client_0,18,109,34,143,True,0.46465191581219645
SIDER,fedavg_proto,0.5,0,37,200,16,16,0.1,test,client_0,19,104,39,143,True,0.5367357001972386
SIDER,fedavg_proto,0.5,0,37,200,16,16,0.1,test,client_0,20,102,41,143,True,0.5224772835963654
SIDER,fedavg_proto,0.5,0,37,200,16,16,0.1,test,client_0,21,98,45,143,True,0.5993197278911565
SIDER,fedavg_proto,0.5,0,37,200,16,16,0.1,test,client_0,22,14,129,143,True,0.632890365448505
SIDER,fedavg_proto,0.5,0,37,200,16,16,0.1,test,client_0,23,60,83,143,True,0.5827309236947792
SIDER,fedavg_proto,0.5,0,37,200,16,16,0.1,test,client_0,24,98,45,143,True,0.501360544217687
SIDER,fedavg_proto,0.5,0,37,200,16,16,0.1,test,client_0,25,132,11,143,True,0.5964187327823691
SIDER,fedavg_proto,0.5,0,37,200,16,16,0.1,test,client_0,26,101,42,143,True,0.6388495992456389
SIDER,fedavg_proto,0.5,0,37,200,16,16,0.1,test,client_1,0,72,71,143,True,0.6248043818466354
SIDER,fedavg_proto,0.5,0,37,200,16,16,0.1,test,client_1,1,105,38,143,True,0.6102756892230577
SIDER,fedavg_proto,0.5,0,37,200,16,16,0.1,test,client_1,2,5,138,143,True,0.5565217391304348
SIDER,fedavg_proto,0.5,0,37,200,16,16,0.1,test,client_1,3,90,53,143,True,0.5167714884696016
SIDER,fedavg_proto,0.5,0,37,200,16,16,0.1,test,client_1,4,118,25,143,True,0.5044067796610169
SIDER,fedavg_proto,0.5,0,37,200,16,16,0.1,test,client_1,5,104,39,143,True,0.5404339250493096
SIDER,fedavg_proto,0.5,0,37,200,16,16,0.1,test,client_1,6,134,9,143,True,0.5406301824212273
SIDER,fedavg_proto,0.5,0,37,200,16,16,0.1,test,client_1,7,24,119,143,True,0.6922268907563025
SIDER,fedavg_proto,0.5,0,37,200,16,16,0.1,test,client_1,8,91,52,143,True,0.6012256973795435
SIDER,fedavg_proto,0.5,0,37,200,16,16,0.1,test,client_1,9,74,69,143,True,0.6670583627105366
SIDER,fedavg_proto,0.5,0,37,200,16,16,0.1,test,client_1,10,39,104,143,True,0.6429980276134122
SIDER,fedavg_proto,0.5,0,37,200,16,16,0.1,test,client_1,11,130,13,143,True,0.4946745562130177
SIDER,fedavg_proto,0.5,0,37,200,16,16,0.1,test,client_1,12,33,110,143,True,0.6705234159779615
SIDER,fedavg_proto,0.5,0,37,200,16,16,0.1,test,client_1,13,20,123,143,True,0.6841463414634146
SIDER,fedavg_proto,0.5,0,37,200,16,16,0.1,test,client_1,14,113,30,143,True,0.49321533923303834
SIDER,fedavg_proto,0.5,0,37,200,16,16,0.1,test,client_1,15,83,60,143,True,0.5696787148594378
SIDER,fedavg_proto,0.5,0,37,200,16,16,0.1,test,client_1,16,131,12,143,True,0.5330788804071247
SIDER,fedavg_proto,0.5,0,37,200,16,16,0.1,test,client_1,17,30,113,143,True,0.6539823008849557
SIDER,fedavg_proto,0.5,0,37,200,16,16,0.1,test,client_1,18,109,34,143,True,0.5601726929303831
SIDER,fedavg_proto,0.5,0,37,200,16,16,0.1,test,client_1,19,104,39,143,True,0.5187376725838264
SIDER,fedavg_proto,0.5,0,37,200,16,16,0.1,test,client_1,20,102,41,143,True,0.5186513629842181
SIDER,fedavg_proto,0.5,0,37,200,16,16,0.1,test,client_1,21,98,45,143,True,0.5081632653061224
SIDER,fedavg_proto,0.5,0,37,200,16,16,0.1,test,client_1,22,14,129,143,True,0.7641196013289036
SIDER,fedavg_proto,0.5,0,37,200,16,16,0.1,test,client_1,23,60,83,143,True,0.4983935742971887
SIDER,fedavg_proto,0.5,0,37,200,16,16,0.1,test,client_1,24,98,45,143,True,0.4950113378684807
SIDER,fedavg_proto,0.5,0,37,200,16,16,0.1,test,client_1,25,132,11,143,True,0.6136363636363636
SIDER,fedavg_proto,0.5,0,37,200,16,16,0.1,test,client_1,26,101,42,143,True,0.6202263083451202
SIDER,fedavg_proto,0.5,0,37,200,16,16,0.1,test,client_2,0,72,71,143,True,0.5492957746478874
SIDER,fedavg_proto,0.5,0,37,200,16,16,0.1,test,client_2,1,105,38,143,True,0.5408521303258145
SIDER,fedavg_proto,0.5,0,37,200,16,16,0.1,test,client_2,2,5,138,143,True,0.6304347826086958
SIDER,fedavg_proto,0.5,0,37,200,16,16,0.1,test,client_2,3,90,53,143,True,0.46037735849056605
SIDER,fedavg_proto,0.5,0,37,200,16,16,0.1,test,client_2,4,118,25,143,True,0.5359322033898305
SIDER,fedavg_proto,0.5,0,37,200,16,16,0.1,test,client_2,5,104,39,143,True,0.5525147928994083
SIDER,fedavg_proto,0.5,0,37,200,16,16,0.1,test,client_2,6,134,9,143,True,0.6053067993366501
SIDER,fedavg_proto,0.5,0,37,200,16,16,0.1,test,client_2,7,24,119,143,True,0.5724789915966386
SIDER,fedavg_proto,0.5,0,37,200,16,16,0.1,test,client_2,8,91,52,143,True,0.5198647506339813
SIDER,fedavg_proto,0.5,0,37,200,16,16,0.1,test,client_2,9,74,69,143,True,0.5622796709753232
SIDER,fedavg_proto,0.5,0,37,200,16,16,0.1,test,client_2,10,39,104,143,True,0.6225345167652859
SIDER,fedavg_proto,0.5,0,37,200,16,16,0.1,test,client_2,11,130,13,143,True,0.39644970414201186
SIDER,fedavg_proto,0.5,0,37,200,16,16,0.1,test,client_2,12,33,110,143,True,0.6239669421487603
SIDER,fedavg_proto,0.5,0,37,200,16,16,0.1,test,client_2,13,20,123,143,True,0.5849593495934959
SIDER,fedavg_proto,0.5,0,37,200,16,16,0.1,test,client_2,14,113,30,143,True,0.4855457227138643
SIDER,fedavg_proto,0.5,0,37,200,16,16,0.1,test,client_2,15,83,60,143,True,0.643574297188755
SIDER,fedavg_proto,0.5,0,37,200,16,16,0.1,test,client_2,16,131,12,143,True,0.6755725190839694
SIDER,fedavg_proto,0.5,0,37,200,16,16,0.1,test,client_2,17,30,113,143,True,0.6182890855457227
SIDER,fedavg_proto,0.5,0,37,200,16,16,0.1,test,client_2,18,109,34,143,True,0.48677819751753915
SIDER,fedavg_proto,0.5,0,37,200,16,16,0.1,test,client_2,19,104,39,143,True,0.45907297830374755
SIDER,fedavg_proto,0.5,0,37,200,16,16,0.1,test,client_2,20,102,41,143,True,0.46652319464371117
SIDER,fedavg_proto,0.5,0,37,200,16,16,0.1,test,client_2,21,98,45,143,True,0.5900226757369614
SIDER,fedavg_proto,0.5,0,37,200,16,16,0.1,test,client_2,22,14,129,143,True,0.5935769656699889
SIDER,fedavg_proto,0.5,0,37,200,16,16,0.1,test,client_2,23,60,83,143,True,0.48514056224899593
SIDER,fedavg_proto,0.5,0,37,200,16,16,0.1,test,client_2,24,98,45,143,True,0.4519274376417234
SIDER,fedavg_proto,0.5,0,37,200,16,16,0.1,test,client_2,25,132,11,143,True,0.6391184573002755
SIDER,fedavg_proto,0.5,0,37,200,16,16,0.1,test,client_2,26,101,42,143,True,0.5742574257425742
SIDER,fedavg_proto,0.5,0,37,200,16,16,0.1,test,client_3,0,72,71,143,True,0.6060250391236307
SIDER,fedavg_proto,0.5,0,37,200,16,16,0.1,test,client_3,1,105,38,143,True,0.6388471177944862
SIDER,fedavg_proto,0.5,0,37,200,16,16,0.1,test,client_3,2,5,138,143,True,0.7246376811594203
SIDER,fedavg_proto,0.5,0,37,200,16,16,0.1,test,client_3,3,90,53,143,True,0.5314465408805031
SIDER,fedavg_proto,0.5,0,37,200,16,16,0.1,test,client_3,4,118,25,143,True,0.6579661016949153
SIDER,fedavg_proto,0.5,0,37,200,16,16,0.1,test,client_3,5,104,39,143,True,0.5456114398422091
SIDER,fedavg_proto,0.5,0,37,200,16,16,0.1,test,client_3,6,134,9,143,True,0.6791044776119404
SIDER,fedavg_proto,0.5,0,37,200,16,16,0.1,test,client_3,7,24,119,143,True,0.5381652661064426
SIDER,fedavg_proto,0.5,0,37,200,16,16,0.1,test,client_3,8,91,52,143,True,0.5329670329670331
SIDER,fedavg_proto,0.5,0,37,200,16,16,0.1,test,client_3,9,74,69,143,True,0.6523697610654133
SIDER,fedavg_proto,0.5,0,37,200,16,16,0.1,test,client_3,10,39,104,143,True,0.6045364891518739
SIDER,fedavg_proto,0.5,0,37,200,16,16,0.1,test,client_3,11,130,13,143,True,0.655621301775148
SIDER,fedavg_proto,0.5,0,37,200,16,16,0.1,test,client_3,12,33,110,143,True,0.5853994490358128
SIDER,fedavg_proto,0.5,0,37,200,16,16,0.1,test,client_3,13,20,123,143,True,0.5516260162601626
SIDER,fedavg_proto,0.5,0,37,200,16,16,0.1,test,client_3,14,113,30,143,True,0.6383480825958703
SIDER,fedavg_proto,0.5,0,37,200,16,16,0.1,test,client_3,15,83,60,143,True,0.6393574297188754
SIDER,fedavg_proto,0.5,0,37,200,16,16,0.1,test,client_3,16,131,12,143,True,0.7779898218829516
SIDER,fedavg_proto,0.5,0,37,200,16,16,0.1,test,client_3,17,30,113,143,True,0.5752212389380531
SIDER,fedavg_proto,0.5,0,37,200,16,16,0.1,test,client_3,18,109,34,143,True,0.564759848893686
SIDER,fedavg_proto,0.5,0,37,200,16,16,0.1,test,client_3,19,104,39,143,True,0.5194773175542406
SIDER,fedavg_proto,0.5,0,37,200,16,16,0.1,test,client_3,20,102,41,143,True,0.520803443328551
SIDER,fedavg_proto,0.5,0,37,200,16,16,0.1,test,client_3,21,98,45,143,True,0.6235827664399093
SIDER,fedavg_proto,0.5,0,37,200,16,16,0.1,test,client_3,22,14,129,143,True,0.5393133997785161
SIDER,fedavg_proto,0.5,0,37,200,16,16,0.1,test,client_3,23,60,83,143,True,0.4975903614457831
SIDER,fedavg_proto,0.5,0,37,200,16,16,0.1,test,client_3,24,98,45,143,True,0.5356009070294785
SIDER,fedavg_proto,0.5,0,37,200,16,16,0.1,test,client_3,25,132,11,143,True,0.6446280991735537
SIDER,fedavg_proto,0.5,0,37,200,16,16,0.1,test,client_3,26,101,42,143,True,0.581093823668081
SIDER,fedavg_proto,0.5,0,38,200,16,16,0.1,val,server,0,76,67,143,True,0.5887666928515318
SIDER,fedavg_proto,0.5,0,38,200,16,16,0.1,val,server,1,99,44,143,True,0.6448576675849402
SIDER,fedavg_proto,0.5,0,38,200,16,16,0.1,val,server,2,2,141,143,True,0.5567375886524824
SIDER,fedavg_proto,0.5,0,38,200,16,16,0.1,val,server,3,85,58,143,True,0.6474645030425964
SIDER,fedavg_proto,0.5,0,38,200,16,16,0.1,val,server,4,117,26,143,True,0.6962524654832347
SIDER,fedavg_proto,0.5,0,38,200,16,16,0.1,val,server,5,99,44,143,True,0.6409550045913682
SIDER,fedavg_proto,0.5,0,38,200,16,16,0.1,val,server,6,131,12,143,True,0.7569974554707379
SIDER,fedavg_proto,0.5,0,38,200,16,16,0.1,val,server,7,20,123,143,True,0.6215447154471545
SIDER,fedavg_proto,0.5,0,38,200,16,16,0.1,val,server,8,97,46,143,True,0.6391752577319588
SIDER,fedavg_proto,0.5,0,38,200,16,16,0.1,val,server,9,71,72,143,True,0.6230438184663536
SIDER,fedavg_proto,0.5,0,38,200,16,16,0.1,val,server,10,35,108,143,True,0.6037037037037037
SIDER,fedavg_proto,0.5,0,38,200,16,16,0.1,val,server,11,130,13,143,True,0.6875739644970413
SIDER,fedavg_proto,0.5,0,38,200,16,16,0.1,val,server,12,37,106,143,True,0.6843447220805712
SIDER,fedavg_proto,0.5,0,38,200,16,16,0.1,val,server,13,20,123,143,True,0.5922764227642277
SIDER,fedavg_proto,0.5,0,38,200,16,16,0.1,val,server,14,107,36,143,True,0.5384215991692627
SIDER,fedavg_proto,0.5,0,38,200,16,16,0.1,val,server,15,94,49,143,True,0.6532783326096395
SIDER,fedavg_proto,0.5,0,38,200,16,16,0.1,val,server,16,129,14,143,True,0.6472868217054264
SIDER,fedavg_proto,0.5,0,38,200,16,16,0.1,val,server,17,20,123,143,True,0.4991869918699187
SIDER,fedavg_proto,0.5,0,38,200,16,16,0.1,val,server,18,104,39,143,True,0.5549802761341224
SIDER,fedavg_proto,0.5,0,38,200,16,16,0.1,val,server,19,103,40,143,True,0.641747572815534
SIDER,fedavg_proto,0.5,0,38,200,16,16,0.1,val,server,20,102,41,143,True,0.5332376853180296
SIDER,fedavg_proto,0.5,0,38,200,16,16,0.1,val,server,21,98,45,143,True,0.6741496598639455
SIDER,fedavg_proto,0.5,0,38,200,16,16,0.1,val,server,22,10,133,143,True,0.649624060150376
SIDER,fedavg_proto,0.5,0,38,200,16,16,0.1,val,server,23,64,79,143,True,0.5992879746835442
SIDER,fedavg_proto,0.5,0,38,200,16,16,0.1,val,server,24,104,39,143,True,0.5732248520710059
SIDER,fedavg_proto,0.5,0,38,200,16,16,0.1,val,server,25,134,9,143,True,0.7023217247097844
SIDER,fedavg_proto,0.5,0,38,200,16,16,0.1,val,server,26,95,48,143,True,0.6048245614035088
SIDER,fedavg_proto,0.5,0,38,200,16,16,0.1,val,client_0,0,76,67,143,True,0.6182246661429693
SIDER,fedavg_proto,0.5,0,38,200,16,16,0.1,val,client_0,1,99,44,143,True,0.6163911845730028
SIDER,fedavg_proto,0.5,0,38,200,16,16,0.1,val,client_0,2,2,141,143,True,0.6631205673758865
SIDER,fedavg_proto,0.5,0,38,200,16,16,0.1,val,client_0,3,85,58,143,True,0.624340770791075
SIDER,fedavg_proto,0.5,0,38,200,16,16,0.1,val,client_0,4,117,26,143,True,0.6854043392504932
SIDER,fedavg_proto,0.5,0,38,200,16,16,0.1,val,client_0,5,99,44,143,True,0.6848025711662076
SIDER,fedavg_proto,0.5,0,38,200,16,16,0.1,val,client_0,6,131,12,143,True,0.6984732824427481
SIDER,fedavg_proto,0.5,0,38,200,16,16,0.1,val,client_0,7,20,123,143,True,0.6715447154471544
SIDER,fedavg_proto,0.5,0,38,200,16,16,0.1,val,client_0,8,97,46,143,True,0.624607799193187
SIDER,fedavg_proto,0.5,0,38,200,16,16,0.1,val,client_0,9,71,72,143,True,0.5471439749608764
SIDER,fedavg_proto,0.5,0,38,200,16,16,0.1,val,client_0,10,35,108,143,True,0.6716931216931217
SIDER,fedavg_proto,0.5,0,38,200,16,16,0.1,val,client_0,11,130,13,143,True,0.714792899408284
SIDER,fedavg_proto,0.5,0,38,200,16,16,0.1,val,client_0,12,37,106,143,True,0.6631820499745028
SIDER,fedavg_proto,0.5,0,38,200,16,16,0.1,val,client_0,13,20,123,143,True,0.6914634146341463
SIDER,fedavg_proto,0.5,0,38,200,16,16,0.1,val,client_0,14,107,36,143,True,0.5379023883696781
SIDER,fedavg_proto,0.5,0,38,200,16,16,0.1,val,client_0,15,94,49,143,True,0.6545809813287018
SIDER,fedavg_proto,0.5,0,38,200,16,16,0.1,val,client_0,16,129,14,143,True,0.7187153931339978
SIDER,fedavg_proto,0.5,0,38,200,16,16,0.1,val,client_0,17,20,123,143,True,0.5833333333333333
SIDER,fedavg_proto,0.5,0,38,200,16,16,0.1,val,client_0,18,104,39,143,True,0.5428994082840237
SIDER,fedavg_proto,0.5,0,38,200,16,16,0.1,val,client_0,19,103,40,143,True,0.6245145631067961
SIDER,fedavg_proto,0.5,0,38,200,16,16,0.1,val,client_0,20,102,41,143,True,0.6221903395504543
SIDER,fedavg_proto,0.5,0,38,200,16,16,0.1,val,client_0,21,98,45,143,True,0.6820861678004535
SIDER,fedavg_proto,0.5,0,38,200,16,16,0.1,val,client_0,22,10,133,143,True,0.6383458646616542
SIDER,fedavg_proto,0.5,0,38,200,16,16,0.1,val,client_0,23,64,79,143,True,0.6295490506329113
SIDER,fedavg_proto,0.5,0,38,200,16,16,0.1,val,client_0,24,104,39,143,True,0.5650887573964497
SIDER,fedavg_proto,0.5,0,38,200,16,16,0.1,val,client_0,25,134,9,143,True,0.691542288557214
SIDER,fedavg_proto,0.5,0,38,200,16,16,0.1,val,client_0,26,95,48,143,True,0.6616228070175438
SIDER,fedavg_proto,0.5,0,38,200,16,16,0.1,val,client_1,0,76,67,143,True,0.5746268656716418
SIDER,fedavg_proto,0.5,0,38,200,16,16,0.1,val,client_1,1,99,44,143,True,0.6039944903581268
SIDER,fedavg_proto,0.5,0,38,200,16,16,0.1,val,client_1,2,2,141,143,True,0.7163120567375887
SIDER,fedavg_proto,0.5,0,38,200,16,16,0.1,val,client_1,3,85,58,143,True,0.6267748478701826
SIDER,fedavg_proto,0.5,0,38,200,16,16,0.1,val,client_1,4,117,26,143,True,0.6308349769888231
SIDER,fedavg_proto,0.5,0,38,200,16,16,0.1,val,client_1,5,99,44,143,True,0.5335169880624426
SIDER,fedavg_proto,0.5,0,38,200,16,16,0.1,val,client_1,6,131,12,143,True,0.7270992366412214
SIDER,fedavg_proto,0.5,0,38,200,16,16,0.1,val,client_1,7,20,123,143,True,0.49593495934959353
SIDER,fedavg_proto,0.5,0,38,200,16,16,0.1,val,client_1,8,97,46,143,True,0.5887494397131332
SIDER,fedavg_proto,0.5,0,38,200,16,16,0.1,val,client_1,9,71,72,143,True,0.6071987480438185
SIDER,fedavg_proto,0.5,0,38,200,16,16,0.1,val,client_1,10,35,108,143,True,0.5476190476190477
SIDER,fedavg_proto,0.5,0,38,200,16,16,0.1,val,client_1,11,130,13,143,True,0.5609467455621302
SIDER,fedavg_proto,0.5,0,38,200,16,16,0.1,val,client_1,12,37,106,143,True,0.6050484446710862
SIDER,fedavg_proto,0.5,0,38,200,16,16,0.1,val,client_1,13,20,123,143,True,0.5959349593495936
SIDER,fedavg_proto,0.5,0,38,200,16,16,0.1,val,client_1,14,107,36,143,True,0.5747663551401869
SIDER,fedavg_proto,0.5,0,38,200,16,16,0.1,val,client_1,15,94,49,143,True,0.6506730351715154
SIDER,fedavg_proto,0.5,0,38,200,16,16,0.1,val,client_1,16,129,14,143,True,0.6040974529346622
SIDER,fedavg_proto,0.5,0,38,200,16,16,0.1,val,client_1,17,20,123,143,True,0.5008130081300812
SIDER,fedavg_proto,0.5,0,38,200,16,16,0.1,val,client_1,18,104,39,143,True,0.48150887573964496
SIDER,fedavg_proto,0.5,0,38,200,16,16,0.1,val,client_1,19,103,40,143,True,0.6009708737864077
SIDER,fedavg_proto,0.5,0,38,200,16,16,0.1,val,client_1,20,102,41,143,True,0.5600191296030608
SIDER,fedavg_proto,0.5,0,38,200,16,16,0.1,val,client_1,21,98,45,143,True,0.6328798185941042
SIDER,fedavg_proto,0.5,0,38,200,16,16,0.1,val,client_1,22,10,133,143,True,0.5082706766917293
SIDER,fedavg_proto,0.5,0,38,200,16,16,0.1,val,client_1,23,64,79,143,True,0.5419303797468354
SIDER,fedavg_proto,0.5,0,38,200,16,16,0.1,val,client_1,24,104,39,143,True,0.6158777120315582
SIDER,fedavg_proto,0.5,0,38,200,16,16,0.1,val,client_1,25,134,9,143,True,0.7412935323383084
SIDER,fedavg_proto,0.5,0,38,200,16,16,0.1,val,client_1,26,95,48,143,True,0.5489035087719298
SIDER,fedavg_proto,0.5,0,38,200,16,16,0.1,val,client_2,0,76,67,143,True,0.5408483896307934
SIDER,fedavg_proto,0.5,0,38,200,16,16,0.1,val,client_2,1,99,44,143,True,0.5750688705234159
SIDER,fedavg_proto,0.5,0,38,200,16,16,0.1,val,client_2,2,2,141,143,True,0.8510638297872339
SIDER,fedavg_proto,0.5,0,38,200,16,16,0.1,val,client_2,3,85,58,143,True,0.6085192697768762
SIDER,fedavg_proto,0.5,0,38,200,16,16,0.1,val,client_2,4,117,26,143,True,0.5907297830374755
SIDER,fedavg_proto,0.5,0,38,200,16,16,0.1,val,client_2,5,99,44,143,True,0.5661157024793388
SIDER,fedavg_proto,0.5,0,38,200,16,16,0.1,val,client_2,6,131,12,143,True,0.744910941475827
SIDER,fedavg_proto,0.5,0,38,200,16,16,0.1,val,client_2,7,20,123,143,True,0.5890243902439024
SIDER,fedavg_proto,0.5,0,38,200,16,16,0.1,val,client_2,8,97,46,143,True,0.6064545047064097
SIDER,fedavg_proto,0.5,0,38,200,16,16,0.1,val,client_2,9,71,72,143,True,0.6089593114241002
SIDER,fedavg_proto,0.5,0,38,200,16,16,0.1,val,client_2,10,35,108,143,True,0.5822751322751324
SIDER,fedavg_proto,0.5,0,38,200,16,16,0.1,val,client_2,11,130,13,143,True,0.421301775147929
SIDER,fedavg_proto,0.5,0,38,200,16,16,0.1,val,client_2,12,37,106,143,True,0.63488016318205
SIDER,fedavg_proto,0.5,0,38,200,16,16,0.1,val,client_2,13,20,123,143,True,0.5768292682926829
SIDER,fedavg_proto,0.5,0,38,200,16,16,0.1,val,client_2,14,107,36,143,True,0.5067497403946002
SIDER,fedavg_proto,0.5,0,38,200,16,16,0.1,val,client_2,15,94,49,143,True,0.6786799826313504
SIDER,fedavg_proto,0.5,0,38,200,16,16,0.1,val,client_2,16,129,14,143,True,0.562015503875969
SIDER,fedavg_proto,0.5,0,38,200,16,16,0.1,val,client_2,17,20,123,143,True,0.47113821138211387
SIDER,fedavg_proto,0.5,0,38,200,16,16,0.1,val,client_2,18,104,39,143,True,0.517258382642998
SIDER,fedavg_proto,0.5,0,38,200,16,16,0.1,val,client_2,19,103,40,143,True,0.5266990291262136
SIDER,fedavg_proto,0.5,0,38,200,16,16,0.1,val,client_2,20,102,41,143,True,0.49378287900526063
SIDER,fedavg_proto,0.5,0,38,200,16,16,0.1,val,client_2,21,98,45,143,True,0.6278911564625851
SIDER,fedavg_proto,0.5,0,38,200,16,16,0.1,val,client_2,22,10,133,143,True,0.6037593984962406
SIDER,fedavg_proto,0.5,0,38,200,16,16,0.1,val,client_2,23,64,79,143,True,0.5628955696202531
SIDER,fedavg_proto,0.5,0,38,200,16,16,0.1,val,client_2,24,104,39,143,True,0.5596646942800788
SIDER,fedavg_proto,0.5,0,38,200,16,16,0.1,val,client_2,25,134,9,143,True,0.6650082918739635
SIDER,fedavg_proto,0.5,0,38,200,16,16,0.1,val,client_2,26,95,48,143,True,0.5756578947368421
SIDER,fedavg_proto,0.5,0,38,200,16,16,0.1,val,client_3,0,76,67,143,True,0.6296150824823251
SIDER,fedavg_proto,0.5,0,38,200,16,16,0.1,val,client_3,1,99,44,143,True,0.640495867768595
SIDER,fedavg_proto,0.5,0,38,200,16,16,0.1,val,client_3,2,2,141,143,True,0.7446808510638298
SIDER,fedavg_proto,0.5,0,38,200,16,16,0.1,val,client_3,3,85,58,143,True,0.5565922920892494
SIDER,fedavg_proto,0.5,0,38,200,16,16,0.1,val,client_3,4,117,26,143,True,0.7297830374753451
SIDER,fedavg_proto,0.5,0,38,200,16,16,0.1,val,client_3,5,99,44,143,True,0.6588613406795226
SIDER,fedavg_proto,0.5,0,38,200,16,16,0.1,val,client_3,6,131,12,143,True,0.7589058524173028
SIDER,fedavg_proto,0.5,0,38,200,16,16,0.1,val,client_3,7,20,123,143,True,0.5658536585365853
SIDER,fedavg_proto,0.5,0,38,200,16,16,0.1,val,client_3,8,97,46,143,True,0.5999551770506499
SIDER,fedavg_proto,0.5,0,38,200,16,16,0.1,val,client_3,9,71,72,143,True,0.6068075117370891
SIDER,fedavg_proto,0.5,0,38,200,16,16,0.1,val,client_3,10,35,108,143,True,0.6105820105820107
SIDER,fedavg_proto,0.5,0,38,200,16,16,0.1,val,client_3,11,130,13,143,True,0.6644970414201183
SIDER,fedavg_proto,0.5,0,38,200,16,16,0.1,val,client_3,12,37,106,143,True,0.6968383477817441
SIDER,fedavg_proto,0.5,0,38,200,16,16,0.1,val,client_3,13,20,123,143,True,0.5678861788617886
SIDER,fedavg_proto,0.5,0,38,200,16,16,0.1,val,client_3,14,107,36,143,True,0.5711318795430944
SIDER,fedavg_proto,0.5,0,38,200,16,16,0.1,val,client_3,15,94,49,143,True,0.6563178462874513
SIDER,fedavg_proto,0.5,0,38,200,16,16,0.1,val,client_3,16,129,14,143,True,0.6157253599114064
SIDER,fedavg_proto,0.5,0,38,200,16,16,0.1,val,client_3,17,20,123,143,True,0.5317073170731708
SIDER,fedavg_proto,0.5,0,38,200,16,16,0.1,val,client_3,18,104,39,143,True,0.6296844181459567
SIDER,fedavg_proto,0.5,0,38,200,16,16,0.1,val,client_3,19,103,40,143,True,0.6330097087378641
SIDER,fedavg_proto,0.5,0,38,200,16,16,0.1,val,client_3,20,102,41,143,True,0.4956958393113343
SIDER,fedavg_proto,0.5,0,38,200,16,16,0.1,val,client_3,21,98,45,143,True,0.5712018140589569
SIDER,fedavg_proto,0.5,0,38,200,16,16,0.1,val,client_3,22,10,133,143,True,0.5593984962406016
SIDER,fedavg_proto,0.5,0,38,200,16,16,0.1,val,client_3,23,64,79,143,True,0.5589398734177214
SIDER,fedavg_proto,0.5,0,38,200,16,16,0.1,val,client_3,24,104,39,143,True,0.5382149901380671
SIDER,fedavg_proto,0.5,0,38,200,16,16,0.1,val,client_3,25,134,9,143,True,0.6376451077943616
SIDER,fedavg_proto,0.5,0,38,200,16,16,0.1,val,client_3,26,95,48,143,True,0.55109649122807
SIDER,fedavg_proto,0.5,0,38,200,16,16,0.1,test,server,0,72,71,143,True,0.6561032863849764
SIDER,fedavg_proto,0.5,0,38,200,16,16,0.1,test,server,1,105,38,143,True,0.6543859649122806
SIDER,fedavg_proto,0.5,0,38,200,16,16,0.1,test,server,2,5,138,143,True,0.491304347826087
SIDER,fedavg_proto,0.5,0,38,200,16,16,0.1,test,server,3,90,53,143,True,0.5058700209643606
SIDER,fedavg_proto,0.5,0,38,200,16,16,0.1,test,server,4,118,25,143,True,0.5759322033898305
SIDER,fedavg_proto,0.5,0,38,200,16,16,0.1,test,server,5,104,39,143,True,0.5611439842209073
SIDER,fedavg_proto,0.5,0,38,200,16,16,0.1,test,server,6,134,9,143,True,0.5829187396351576
SIDER,fedavg_proto,0.5,0,38,200,16,16,0.1,test,server,7,24,119,143,True,0.6053921568627452
SIDER,fedavg_proto,0.5,0,38,200,16,16,0.1,test,server,8,91,52,143,True,0.533389687235841
SIDER,fedavg_proto,0.5,0,38,200,16,16,0.1,test,server,9,74,69,143,True,0.6388562475518997
SIDER,fedavg_proto,0.5,0,38,200,16,16,0.1,test,server,10,39,104,143,True,0.6247534516765286
SIDER,fedavg_proto,0.5,0,38,200,16,16,0.1,test,server,11,130,13,143,True,0.5390532544378699
SIDER,fedavg_proto,0.5,0,38,200,16,16,0.1,test,server,12,33,110,143,True,0.6297520661157026
SIDER,fedavg_proto,0.5,0,38,200,16,16,0.1,test,server,13,20,123,143,True,0.603658536585366
SIDER,fedavg_proto,0.5,0,38,200,16,16,0.1,test,server,14,113,30,143,True,0.5073746312684365
SIDER,fedavg_proto,0.5,0,38,200,16,16,0.1,test,server,15,83,60,143,True,0.6339357429718876
SIDER,fedavg_proto,0.5,0,38,200,16,16,0.1,test,server,16,131,12,143,True,0.6590330788804072
SIDER,fedavg_proto,0.5,0,38,200,16,16,0.1,test,server,17,30,113,143,True,0.6439528023598821
SIDER,fedavg_proto,0.5,0,38,200,16,16,0.1,test,server,18,109,34,143,True,0.5388559093362115
SIDER,fedavg_proto,0.5,0,38,200,16,16,0.1,test,server,19,104,39,143,True,0.49827416173570016
SIDER,fedavg_proto,0.5,0,38,200,16,16,0.1,test,server,20,102,41,143,True,0.4815877570540411
SIDER,fedavg_proto,0.5,0,38,200,16,16,0.1,test,server,21,98,45,143,True,0.5866213151927437
SIDER,fedavg_proto,0.5,0,38,200,16,16,0.1,test,server,22,14,129,143,True,0.6699889258028793
SIDER,fedavg_proto,0.5,0,38,200,16,16,0.1,test,server,23,60,83,143,True,0.48052208835341365
SIDER,fedavg_proto,0.5,0,38,200,16,16,0.1,test,server,24,98,45,143,True,0.4798185941043083
SIDER,fedavg_proto,0.5,0,38,200,16,16,0.1,test,server,25,132,11,143,True,0.6453168044077136
SIDER,fedavg_proto,0.5,0,38,200,16,16,0.1,test,server,26,101,42,143,True,0.6039603960396039
SIDER,fedavg_proto,0.5,0,38,200,16,16,0.1,test,client_0,0,72,71,143,True,0.6660798122065729
SIDER,fedavg_proto,0.5,0,38,200,16,16,0.1,test,client_0,1,105,38,143,True,0.5694235588972432
SIDER,fedavg_proto,0.5,0,38,200,16,16,0.1,test,client_0,2,5,138,143,True,0.7391304347826088
SIDER,fedavg_proto,0.5,0,38,200,16,16,0.1,test,client_0,3,90,53,143,True,0.5446540880503146
SIDER,fedavg_proto,0.5,0,38,200,16,16,0.1,test,client_0,4,118,25,143,True,0.6583050847457628
SIDER,fedavg_proto,0.5,0,38,200,16,16,0.1,test,client_0,5,104,39,143,True,0.6173570019723866
SIDER,fedavg_proto,0.5,0,38,200,16,16,0.1,test,client_0,6,134,9,143,True,0.5364842454394693
SIDER,fedavg_proto,0.5,0,38,200,16,16,0.1,test,client_0,7,24,119,143,True,0.5567226890756303
SIDER,fedavg_proto,0.5,0,38,200,16,16,0.1,test,client_0,8,91,52,143,True,0.522189349112426
SIDER,fedavg_proto,0.5,0,38,200,16,16,0.1,test,client_0,9,74,69,143,True,0.5926361143752448
SIDER,fedavg_proto,0.5,0,38,200,16,16,0.1,test,client_0,10,39,104,143,True,0.6321499013806706
SIDER,fedavg_proto,0.5,0,38,200,16,16,0.1,test,client_0,11,130,13,143,True,0.680473372781065
SIDER,fedavg_proto,0.5,0,38,200,16,16,0.1,test,client_0,12,33,110,143,True,0.5760330578512397
SIDER,fedavg_proto,0.5,0,38,200,16,16,0.1,test,client_0,13,20,123,143,True,0.5971544715447155
SIDER,fedavg_proto,0.5,0,38,200,16,16,0.1,test,client_0,14,113,30,143,True,0.5805309734513274
SIDER,fedavg_proto,0.5,0,38,200,16,16,0.1,test,client_0,15,83,60,143,True,0.6829317269076306
SIDER,fedavg_proto,0.5,0,38,200,16,16,0.1,test,client_0,16,131,12,143,True,0.7162849872773537
SIDER,fedavg_proto,0.5,0,38,200,16,16,0.1,test,client_0,17,30,113,143,True,0.5778761061946903
SIDER,fedavg_proto,0.5,0,38,200,16,16,0.1,test,client_0,18,109,34,143,True,0.49109552077711827
SIDER,fedavg_proto,0.5,0,38,200,16,16,0.1,test,client_0,19,104,39,143,True,0.5357495069033531
SIDER,fedavg_proto,0.5,0,38,200,16,16,0.1,test,client_0,20,102,41,143,True,0.5239120038259206
SIDER,fedavg_proto,0.5,0,38,200,16,16,0.1,test,client_0,21,98,45,143,True,0.5968253968253968
SIDER,fedavg_proto,0.5,0,38,200,16,16,0.1,test,client_0,22,14,129,143,True,0.6256921373200444
SIDER,fedavg_proto,0.5,0,38,200,16,16,0.1,test,client_0,23,60,83,143,True,0.5642570281124498
SIDER,fedavg_proto,0.5,0,38,200,16,16,0.1,test,client_0,24,98,45,143,True,0.5095238095238095
SIDER,fedavg_proto,0.5,0,38,200,16,16,0.1,test,client_0,25,132,11,143,True,0.6198347107438016
SIDER,fedavg_proto,0.5,0,38,200,16,16,0.1,test,client_0,26,101,42,143,True,0.6461574728901462
SIDER,fedavg_proto,0.5,0,38,200,16,16,0.1,test,client_1,0,72,71,143,True,0.634585289514867
SIDER,fedavg_proto,0.5,0,38,200,16,16,0.1,test,client_1,1,105,38,143,True,0.6215538847117793
SIDER,fedavg_proto,0.5,0,38,200,16,16,0.1,test,client_1,2,5,138,143,True,0.6014492753623188
SIDER,fedavg_proto,0.5,0,38,200,16,16,0.1,test,client_1,3,90,53,143,True,0.5268343815513628
SIDER,fedavg_proto,0.5,0,38,200,16,16,0.1,test,client_1,4,118,25,143,True,0.5305084745762711
SIDER,fedavg_proto,0.5,0,38,200,16,16,0.1,test,client_1,5,104,39,143,True,0.5633629191321499
SIDER,fedavg_proto,0.5,0,38,200,16,16,0.1,test,client_1,6,134,9,143,True,0.5613598673300165
SIDER,fedavg_proto,0.5,0,38,200,16,16,0.1,test,client_1,7,24,119,143,True,0.6841736694677871
SIDER,fedavg_proto,0.5,0,38,200,16,16,0.1,test,client_1,8,91,52,143,True,0.6020710059171598
SIDER,fedavg_proto,0.5,0,38,200,16,16,0.1,test,client_1,9,74,69,143,True,0.6774383078730905
SIDER,fedavg_proto,0.5,0,38,200,16,16,0.1,test,client_1,10,39,104,143,True,0.6348619329388561
SIDER,fedavg_proto,0.5,0,38,200,16,16,0.1,test,client_1,11,130,13,143,True,0.49230769230769234
SIDER,fedavg_proto,0.5,0,38,200,16,16,0.1,test,client_1,12,33,110,143,True,0.6757575757575758
SIDER,fedavg_proto,0.5,0,38,200,16,16,0.1,test,client_1,13,20,123,143,True,0.6784552845528455
SIDER,fedavg_proto,0.5,0,38,200,16,16,0.1,test,client_1,14,113,30,143,True,0.5032448377581121
SIDER,fedavg_proto,0.5,0,38,200,16,16,0.1,test,client_1,15,83,60,143,True,0.5823293172690762
SIDER,fedavg_proto,0.5,0,38,200,16,16,0.1,test,client_1,16,131,12,143,True,0.5419847328244274
SIDER,fedavg_proto,0.5,0,38,200,16,16,0.1,test,client_1,17,30,113,143,True,0.6474926253687316
SIDER,fedavg_proto,0.5,0,38,200,16,16,0.1,test,client_1,18,109,34,143,True,0.5671883432271991
SIDER,fedavg_proto,0.5,0,38,200,16,16,0.1,test,client_1,19,104,39,143,True,0.5281065088757396
SIDER,fedavg_proto,0.5,0,38,200,16,16,0.1,test,client_1,20,102,41,143,True,0.5219990435198469
SIDER,fedavg_proto,0.5,0,38,200,16,16,0.1,test,client_1,21,98,45,143,True,0.5217687074829933
SIDER,fedavg_proto,0.5,0,38,200,16,16,0.1,test,client_1,22,14,129,143,True,0.769656699889258
SIDER,fedavg_proto,0.5,0,38,200,16,16,0.1,test,client_1,23,60,83,143,True,0.5028112449799197
SIDER,fedavg_proto,0.5,0,38,200,16,16,0.1,test,client_1,24,98,45,143,True,0.5040816326530613
SIDER,fedavg_proto,0.5,0,38,200,16,16,0.1,test,client_1,25,132,11,143,True,0.62534435261708
SIDER,fedavg_proto,0.5,0,38,200,16,16,0.1,test,client_1,26,101,42,143,True,0.6225836869401226
SIDER,fedavg_proto,0.5,0,38,200,16,16,0.1,test,client_2,0,72,71,143,True,0.5633802816901409
SIDER,fedavg_proto,0.5,0,38,200,16,16,0.1,test,client_2,1,105,38,143,True,0.5363408521303259
SIDER,fedavg_proto,0.5,0,38,200,16,16,0.1,test,client_2,2,5,138,143,True,0.5956521739130435
SIDER,fedavg_proto,0.5,0,38,200,16,16,0.1,test,client_2,3,90,53,143,True,0.4551362683438155
SIDER,fedavg_proto,0.5,0,38,200,16,16,0.1,test,client_2,4,118,25,143,True,0.5193220338983051
SIDER,fedavg_proto,0.5,0,38,200,16,16,0.1,test,client_2,5,104,39,143,True,0.5480769230769231
SIDER,fedavg_proto,0.5,0,38,200,16,16,0.1,test,client_2,6,134,9,143,True,0.5912106135986732
SIDER,fedavg_proto,0.5,0,38,200,16,16,0.1,test,client_2,7,24,119,143,True,0.6067927170868347
SIDER,fedavg_proto,0.5,0,38,200,16,16,0.1,test,client_2,8,91,52,143,True,0.5386728655959424
SIDER,fedavg_proto,0.5,0,38,200,16,16,0.1,test,client_2,9,74,69,143,True,0.5679592636114376
SIDER,fedavg_proto,0.5,0,38,200,16,16,0.1,test,client_2,10,39,104,143,True,0.6166173570019724
SIDER,fedavg_proto,0.5,0,38,200,16,16,0.1,test,client_2,11,130,13,143,True,0.40118343195266265
SIDER,fedavg_proto,0.5,0,38,200,16,16,0.1,test,client_2,12,33,110,143,True,0.6360881542699725
SIDER,fedavg_proto,0.5,0,38,200,16,16,0.1,test,client_2,13,20,123,143,True,0.6040650406504064
SIDER,fedavg_proto,0.5,0,38,200,16,16,0.1,test,client_2,14,113,30,143,True,0.4755162241887905
SIDER,fedavg_proto,0.5,0,38,200,16,16,0.1,test,client_2,15,83,60,143,True,0.6331325301204819
SIDER,fedavg_proto,0.5,0,38,200,16,16,0.1,test,client_2,16,131,12,143,True,0.638676844783715
SIDER,fedavg_proto,0.5,0,38,200,16,16,0.1,test,client_2,17,30,113,143,True,0.6206489675516225
SIDER,fedavg_proto,0.5,0,38,200,16,16,0.1,test,client_2,18,109,34,143,True,0.4978413383702105
SIDER,fedavg_proto,0.5,0,38,200,16,16,0.1,test,client_2,19,104,39,143,True,0.43910256410256415
SIDER,fedavg_proto,0.5,0,38,200,16,16,0.1,test,client_2,20,102,41,143,True,0.44356767097082733
SIDER,fedavg_proto,0.5,0,38,200,16,16,0.1,test,client_2,21,98,45,143,True,0.5718820861678005
SIDER,fedavg_proto,0.5,0,38,200,16,16,0.1,test,client_2,22,14,129,143,True,0.6273532668881506
SIDER,fedavg_proto,0.5,0,38,200,16,16,0.1,test,client_2,23,60,83,143,True,0.4630522088353414
SIDER,fedavg_proto,0.5,0,38,200,16,16,0.1,test,client_2,24,98,45,143,True,0.4414965986394558
SIDER,fedavg_proto,0.5,0,38,200,16,16,0.1,test,client_2,25,132,11,143,True,0.6053719008264463
SIDER,fedavg_proto,0.5,0,38,200,16,16,0.1,test,client_2,26,101,42,143,True,0.582036775106082
SIDER,fedavg_proto,0.5,0,38,200,16,16,0.1,test,client_3,0,72,71,143,True,0.5980046948356808
SIDER,fedavg_proto,0.5,0,38,200,16,16,0.1,test,client_3,1,105,38,143,True,0.6395989974937344
SIDER,fedavg_proto,0.5,0,38,200,16,16,0.1,test,client_3,2,5,138,143,True,0.6811594202898551
SIDER,fedavg_proto,0.5,0,38,200,16,16,0.1,test,client_3,3,90,53,143,True,0.5218029350104822
SIDER,fedavg_proto,0.5,0,38,200,16,16,0.1,test,client_3,4,118,25,143,True,0.6715254237288135
SIDER,fedavg_proto,0.5,0,38,200,16,16,0.1,test,client_3,5,104,39,143,True,0.5594181459566074
SIDER,fedavg_proto,0.5,0,38,200,16,16,0.1,test,client_3,6,134,9,143,True,0.6940298507462688
SIDER,fedavg_proto,0.5,0,38,200,16,16,0.1,test,client_3,7,24,119,143,True,0.5231092436974789
SIDER,fedavg_proto,0.5,0,38,200,16,16,0.1,test,client_3,8,91,52,143,True,0.521978021978022
SIDER,fedavg_proto,0.5,0,38,200,16,16,0.1,test,client_3,9,74,69,143,True,0.6517822169996084
SIDER,fedavg_proto,0.5,0,38,200,16,16,0.1,test,client_3,10,39,104,143,True,0.5779092702169626
SIDER,fedavg_proto,0.5,0,38,200,16,16,0.1,test,client_3,11,130,13,143,True,0.6544378698224852
SIDER,fedavg_proto,0.5,0,38,200,16,16,0.1,test,client_3,12,33,110,143,True,0.5639118457300276
SIDER,fedavg_proto,0.5,0,38,200,16,16,0.1,test,client_3,13,20,123,143,True,0.5386178861788617
SIDER,fedavg_proto,0.5,0,38,200,16,16,0.1,test,client_3,14,113,30,143,True,0.6268436578171092
SIDER,fedavg_proto,0.5,0,38,200,16,16,0.1,test,client_3,15,83,60,143,True,0.6208835341365462
SIDER,fedavg_proto,0.5,0,38,200,16,16,0.1,test,client_3,16,131,12,143,True,0.760178117048346
SIDER,fedavg_proto,0.5,0,38,200,16,16,0.1,test,client_3,17,30,113,143,True,0.5666666666666667
SIDER,fedavg_proto,0.5,0,38,200,16,16,0.1,test,client_3,18,109,34,143,True,0.5674581759309227
SIDER,fedavg_proto,0.5,0,38,200,16,16,0.1,test,client_3,19,104,39,143,True,0.5231755424063117
SIDER,fedavg_proto,0.5,0,38,200,16,16,0.1,test,client_3,20,102,41,143,True,0.5143472022955524
SIDER,fedavg_proto,0.5,0,38,200,16,16,0.1,test,client_3,21,98,45,143,True,0.6174603174603175
SIDER,fedavg_proto,0.5,0,38,200,16,16,0.1,test,client_3,22,14,129,143,True,0.5210409745293466
SIDER,fedavg_proto,0.5,0,38,200,16,16,0.1,test,client_3,23,60,83,143,True,0.48313253012048196
SIDER,fedavg_proto,0.5,0,38,200,16,16,0.1,test,client_3,24,98,45,143,True,0.5421768707482993
SIDER,fedavg_proto,0.5,0,38,200,16,16,0.1,test,client_3,25,132,11,143,True,0.6418732782369145
SIDER,fedavg_proto,0.5,0,38,200,16,16,0.1,test,client_3,26,101,42,143,True,0.5836869401225837
SIDER,fedavg_proto,0.5,0,39,200,16,16,0.1,val,server,0,76,67,143,True,0.5887666928515318
SIDER,fedavg_proto,0.5,0,39,200,16,16,0.1,val,server,1,99,44,143,True,0.6310835629017446
SIDER,fedavg_proto,0.5,0,39,200,16,16,0.1,val,server,2,2,141,143,True,0.5673758865248226
SIDER,fedavg_proto,0.5,0,39,200,16,16,0.1,val,server,3,85,58,143,True,0.6456389452332657
SIDER,fedavg_proto,0.5,0,39,200,16,16,0.1,val,server,4,117,26,143,True,0.6873767258382643
SIDER,fedavg_proto,0.5,0,39,200,16,16,0.1,val,server,5,99,44,143,True,0.6368227731864097
SIDER,fedavg_proto,0.5,0,39,200,16,16,0.1,val,server,6,131,12,143,True,0.751908396946565
SIDER,fedavg_proto,0.5,0,39,200,16,16,0.1,val,server,7,20,123,143,True,0.6231707317073171
SIDER,fedavg_proto,0.5,0,39,200,16,16,0.1,val,server,8,97,46,143,True,0.636709995517705
SIDER,fedavg_proto,0.5,0,39,200,16,16,0.1,val,server,9,71,72,143,True,0.6220657276995305
SIDER,fedavg_proto,0.5,0,39,200,16,16,0.1,val,server,10,35,108,143,True,0.6134920634920634
SIDER,fedavg_proto,0.5,0,39,200,16,16,0.1,val,server,11,130,13,143,True,0.6698224852071006
SIDER,fedavg_proto,0.5,0,39,200,16,16,0.1,val,server,12,37,106,143,True,0.6899541050484447
SIDER,fedavg_proto,0.5,0,39,200,16,16,0.1,val,server,13,20,123,143,True,0.5959349593495935
SIDER,fedavg_proto,0.5,0,39,200,16,16,0.1,val,server,14,107,36,143,True,0.5337487019730011
SIDER,fedavg_proto,0.5,0,39,200,16,16,0.1,val,server,15,94,49,143,True,0.6604429005644811
SIDER,fedavg_proto,0.5,0,39,200,16,16,0.1,val,server,16,129,14,143,True,0.6495016611295681
SIDER,fedavg_proto,0.5,0,39,200,16,16,0.1,val,server,17,20,123,143,True,0.5073170731707317
SIDER,fedavg_proto,0.5,0,39,200,16,16,0.1,val,server,18,104,39,143,True,0.5493096646942801
SIDER,fedavg_proto,0.5,0,39,200,16,16,0.1,val,server,19,103,40,143,True,0.6320388349514562
SIDER,fedavg_proto,0.5,0,39,200,16,16,0.1,val,server,20,102,41,143,True,0.5255858440937351
SIDER,fedavg_proto,0.5,0,39,200,16,16,0.1,val,server,21,98,45,143,True,0.6882086167800453
SIDER,fedavg_proto,0.5,0,39,200,16,16,0.1,val,server,22,10,133,143,True,0.6323308270676692
SIDER,fedavg_proto,0.5,0,39,200,16,16,0.1,val,server,23,64,79,143,True,0.5986946202531646
SIDER,fedavg_proto,0.5,0,39,200,16,16,0.1,val,server,24,104,39,143,True,0.5747041420118342
SIDER,fedavg_proto,0.5,0,39,200,16,16,0.1,val,server,25,134,9,143,True,0.6998341625207296
SIDER,fedavg_proto,0.5,0,39,200,16,16,0.1,val,server,26,95,48,143,True,0.587719298245614
SIDER,fedavg_proto,0.5,0,39,200,16,16,0.1,val,client_0,0,76,67,143,True,0.634917517674784
SIDER,fedavg_proto,0.5,0,39,200,16,16,0.1,val,client_0,1,99,44,143,True,0.6336088154269972
SIDER,fedavg_proto,0.5,0,39,200,16,16,0.1,val,client_0,2,2,141,143,True,0.6276595744680851
SIDER,fedavg_proto,0.5,0,39,200,16,16,0.1,val,client_0,3,85,58,143,True,0.6048681541582149
SIDER,fedavg_proto,0.5,0,39,200,16,16,0.1,val,client_0,4,117,26,143,True,0.6893491124260356
SIDER,fedavg_proto,0.5,0,39,200,16,16,0.1,val,client_0,5,99,44,143,True,0.6792929292929293
SIDER,fedavg_proto,0.5,0,39,200,16,16,0.1,val,client_0,6,131,12,143,True,0.6889312977099237
SIDER,fedavg_proto,0.5,0,39,200,16,16,0.1,val,client_0,7,20,123,143,True,0.6467479674796748
SIDER,fedavg_proto,0.5,0,39,200,16,16,0.1,val,client_0,8,97,46,143,True,0.6048857014791573
SIDER,fedavg_proto,0.5,0,39,200,16,16,0.1,val,client_0,9,71,72,143,True,0.5412754303599374
SIDER,fedavg_proto,0.5,0,39,200,16,16,0.1,val,client_0,10,35,108,143,True,0.6830687830687832
SIDER,fedavg_proto,0.5,0,39,200,16,16,0.1,val,client_0,11,130,13,143,True,0.7017751479289941
SIDER,fedavg_proto,0.5,0,39,200,16,16,0.1,val,client_0,12,37,106,143,True,0.6736359000509945
SIDER,fedavg_proto,0.5,0,39,200,16,16,0.1,val,client_0,13,20,123,143,True,0.671951219512195
SIDER,fedavg_proto,0.5,0,39,200,16,16,0.1,val,client_0,14,107,36,143,True,0.5467289719626168
SIDER,fedavg_proto,0.5,0,39,200,16,16,0.1,val,client_0,15,94,49,143,True,0.6532783326096396
SIDER,fedavg_proto,0.5,0,39,200,16,16,0.1,val,client_0,16,129,14,143,True,0.6832779623477299
SIDER,fedavg_proto,0.5,0,39,200,16,16,0.1,val,client_0,17,20,123,143,True,0.5821138211382114
SIDER,fedavg_proto,0.5,0,39,200,16,16,0.1,val,client_0,18,104,39,143,True,0.5682938856015779
SIDER,fedavg_proto,0.5,0,39,200,16,16,0.1,val,client_0,19,103,40,143,True,0.6213592233009708
SIDER,fedavg_proto,0.5,0,39,200,16,16,0.1,val,client_0,20,102,41,143,True,0.6432329029172644
SIDER,fedavg_proto,0.5,0,39,200,16,16,0.1,val,client_0,21,98,45,143,True,0.6748299319727891
SIDER,fedavg_proto,0.5,0,39,200,16,16,0.1,val,client_0,22,10,133,143,True,0.6443609022556391
SIDER,fedavg_proto,0.5,0,39,200,16,16,0.1,val,client_0,23,64,79,143,True,0.610759493670886
SIDER,fedavg_proto,0.5,0,39,200,16,16,0.1,val,client_0,24,104,39,143,True,0.5732248520710059
SIDER,fedavg_proto,0.5,0,39,200,16,16,0.1,val,client_0,25,134,9,143,True,0.6824212271973467
SIDER,fedavg_proto,0.5,0,39,200,16,16,0.1,val,client_0,26,95,48,143,True,0.6635964912280702
SIDER,fedavg_proto,0.5,0,39,200,16,16,0.1,val,client_1,0,76,67,143,True,0.5699135899450117
SIDER,fedavg_proto,0.5,0,39,200,16,16,0.1,val,client_1,1,99,44,143,True,0.6012396694214877
SIDER,fedavg_proto,0.5,0,39,200,16,16,0.1,val,client_1,2,2,141,143,True,0.6205673758865249
SIDER,fedavg_proto,0.5,0,39,200,16,16,0.1,val,client_1,3,85,58,143,True,0.6474645030425963
SIDER,fedavg_proto,0.5,0,39,200,16,16,0.1,val,client_1,4,117,26,143,True,0.6265614727153188
SIDER,fedavg_proto,0.5,0,39,200,16,16,0.1,val,client_1,5,99,44,143,True,0.5454545454545455
SIDER,fedavg_proto,0.5,0,39,200,16,16,0.1,val,client_1,6,131,12,143,True,0.7493638676844783
SIDER,fedavg_proto,0.5,0,39,200,16,16,0.1,val,client_1,7,20,123,143,True,0.5231707317073171
SIDER,fedavg_proto,0.5,0,39,200,16,16,0.1,val,client_1,8,97,46,143,True,0.5918870461676379
SIDER,fedavg_proto,0.5,0,39,200,16,16,0.1,val,client_1,9,71,72,143,True,0.627151799687011
SIDER,fedavg_proto,0.5,0,39,200,16,16,0.1,val,client_1,10,35,108,143,True,0.5275132275132275
SIDER,fedavg_proto,0.5,0,39,200,16,16,0.1,val,client_1,11,130,13,143,True,0.5420118343195266
SIDER,fedavg_proto,0.5,0,39,200,16,16,0.1,val,client_1,12,37,106,143,True,0.6149923508414075
SIDER,fedavg_proto,0.5,0,39,200,16,16,0.1,val,client_1,13,20,123,143,True,0.5947154471544716
SIDER,fedavg_proto,0.5,0,39,200,16,16,0.1,val,client_1,14,107,36,143,True,0.5521806853582555
SIDER,fedavg_proto,0.5,0,39,200,16,16,0.1,val,client_1,15,94,49,143,True,0.6613113330438558
SIDER,fedavg_proto,0.5,0,39,200,16,16,0.1,val,client_1,16,129,14,143,True,0.6351052048726467
SIDER,fedavg_proto,0.5,0,39,200,16,16,0.1,val,client_1,17,20,123,143,True,0.5024390243902439
SIDER,fedavg_proto,0.5,0,39,200,16,16,0.1,val,client_1,18,104,39,143,True,0.47904339250493094
SIDER,fedavg_proto,0.5,0,39,200,16,16,0.1,val,client_1,19,103,40,143,True,0.6024271844660193
SIDER,fedavg_proto,0.5,0,39,200,16,16,0.1,val,client_1,20,102,41,143,True,0.5616929698708752
SIDER,fedavg_proto,0.5,0,39,200,16,16,0.1,val,client_1,21,98,45,143,True,0.6594104308390023
SIDER,fedavg_proto,0.5,0,39,200,16,16,0.1,val,client_1,22,10,133,143,True,0.5353383458646617
SIDER,fedavg_proto,0.5,0,39,200,16,16,0.1,val,client_1,23,64,79,143,True,0.5650712025316456
SIDER,fedavg_proto,0.5,0,39,200,16,16,0.1,val,client_1,24,104,39,143,True,0.6294378698224852
SIDER,fedavg_proto,0.5,0,39,200,16,16,0.1,val,client_1,25,134,9,143,True,0.7611940298507464
SIDER,fedavg_proto,0.5,0,39,200,16,16,0.1,val,client_1,26,95,48,143,True,0.5331140350877194
SIDER,fedavg_proto,0.5,0,39,200,16,16,0.1,val,client_2,0,76,67,143,True,0.5545954438334642
SIDER,fedavg_proto,0.5,0,39,200,16,16,0.1,val,client_2,1,99,44,143,True,0.5684113865932048
SIDER,fedavg_proto,0.5,0,39,200,16,16,0.1,val,client_2,2,2,141,143,True,0.8297872340425532
SIDER,fedavg_proto,0.5,0,39,200,16,16,0.1,val,client_2,3,85,58,143,True,0.5839756592292089
SIDER,fedavg_proto,0.5,0,39,200,16,16,0.1,val,client_2,4,117,26,143,True,0.60387902695595
SIDER,fedavg_proto,0.5,0,39,200,16,16,0.1,val,client_2,5,99,44,143,True,0.5509641873278237
SIDER,fedavg_proto,0.5,0,39,200,16,16,0.1,val,client_2,6,131,12,143,True,0.7589058524173028
SIDER,fedavg_proto,0.5,0,39,200,16,16,0.1,val,client_2,7,20,123,143,True,0.5939024390243902
SIDER,fedavg_proto,0.5,0,39,200,16,16,0.1,val,client_2,8,97,46,143,True,0.5981622590766472
SIDER,fedavg_proto,0.5,0,39,200,16,16,0.1,val,client_2,9,71,72,143,True,0.594092331768388
SIDER,fedavg_proto,0.5,0,39,200,16,16,0.1,val,client_2,10,35,108,143,True,0.5984126984126984
SIDER,fedavg_proto,0.5,0,39,200,16,16,0.1,val,client_2,11,130,13,143,True,0.43964497041420114
SIDER,fedavg_proto,0.5,0,39,200,16,16,0.1,val,client_2,12,37,106,143,True,0.6346251912289649
SIDER,fedavg_proto,0.5,0,39,200,16,16,0.1,val,client_2,13,20,123,143,True,0.5552845528455285
SIDER,fedavg_proto,0.5,0,39,200,16,16,0.1,val,client_2,14,107,36,143,True,0.5036344755970924
SIDER,fedavg_proto,0.5,0,39,200,16,16,0.1,val,client_2,15,94,49,143,True,0.67629179331307
SIDER,fedavg_proto,0.5,0,39,200,16,16,0.1,val,client_2,16,129,14,143,True,0.5902547065337763
SIDER,fedavg_proto,0.5,0,39,200,16,16,0.1,val,client_2,17,20,123,143,True,0.45
SIDER,fedavg_proto,0.5,0,39,200,16,16,0.1,val,client_2,18,104,39,143,True,0.5204635108481261
SIDER,fedavg_proto,0.5,0,39,200,16,16,0.1,val,client_2,19,103,40,143,True,0.5216019417475728
SIDER,fedavg_proto,0.5,0,39,200,16,16,0.1,val,client_2,20,102,41,143,True,0.5
SIDER,fedavg_proto,0.5,0,39,200,16,16,0.1,val,client_2,21,98,45,143,True,0.6331065759637188
SIDER,fedavg_proto,0.5,0,39,200,16,16,0.1,val,client_2,22,10,133,143,True,0.5954887218045113
SIDER,fedavg_proto,0.5,0,39,200,16,16,0.1,val,client_2,23,64,79,143,True,0.5504351265822784
SIDER,fedavg_proto,0.5,0,39,200,16,16,0.1,val,client_2,24,104,39,143,True,0.5446252465483234
SIDER,fedavg_proto,0.5,0,39,200,16,16,0.1,val,client_2,25,134,9,143,True,0.6467661691542289
SIDER,fedavg_proto,0.5,0,39,200,16,16,0.1,val,client_2,26,95,48,143,True,0.5638157894736842
SIDER,fedavg_proto,0.5,0,39,200,16,16,0.1,val,client_3,0,76,67,143,True,0.6190102120974077
SIDER,fedavg_proto,0.5,0,39,200,16,16,0.1,val,client_3,1,99,44,143,True,0.638888888888889
SIDER,fedavg_proto,0.5,0,39,200,16,16,0.1,val,client_3,2,2,141,143,True,0.8297872340425532
SIDER,fedavg_proto,0.5,0,39,200,16,16,0.1,val,client_3,3,85,58,143,True,0.5742393509127789
SIDER,fedavg_proto,0.5,0,39,200,16,16,0.1,val,client_3,4,117,26,143,True,0.7061143984220907
SIDER,fedavg_proto,0.5,0,39,200,16,16,0.1,val,client_3,5,99,44,143,True,0.6609274563820018
SIDER,fedavg_proto,0.5,0,39,200,16,16,0.1,val,client_3,6,131,12,143,True,0.7633587786259541
SIDER,fedavg_proto,0.5,0,39,200,16,16,0.1,val,client_3,7,20,123,143,True,0.5601626016260163
SIDER,fedavg_proto,0.5,0,39,200,16,16,0.1,val,client_3,8,97,46,143,True,0.6069027341999104
SIDER,fedavg_proto,0.5,0,39,200,16,16,0.1,val,client_3,9,71,72,143,True,0.6326291079812207
SIDER,fedavg_proto,0.5,0,39,200,16,16,0.1,val,client_3,10,35,108,143,True,0.6137566137566137
SIDER,fedavg_proto,0.5,0,39,200,16,16,0.1,val,client_3,11,130,13,143,True,0.6455621301775147
SIDER,fedavg_proto,0.5,0,39,200,16,16,0.1,val,client_3,12,37,106,143,True,0.6935237123916369
SIDER,fedavg_proto,0.5,0,39,200,16,16,0.1,val,client_3,13,20,123,143,True,0.5626016260162602
SIDER,fedavg_proto,0.5,0,39,200,16,16,0.1,val,client_3,14,107,36,143,True,0.5545171339563862
SIDER,fedavg_proto,0.5,0,39,200,16,16,0.1,val,client_3,15,94,49,143,True,0.6430742509769865
SIDER,fedavg_proto,0.5,0,39,200,16,16,0.1,val,client_3,16,129,14,143,True,0.6223698781838316
SIDER,fedavg_proto,0.5,0,39,200,16,16,0.1,val,client_3,17,20,123,143,True,0.5443089430894309
SIDER,fedavg_proto,0.5,0,39,200,16,16,0.1,val,client_3,18,104,39,143,True,0.6484220907297831
SIDER,fedavg_proto,0.5,0,39,200,16,16,0.1,val,client_3,19,103,40,143,True,0.6351941747572816
SIDER,fedavg_proto,0.5,0,39,200,16,16,0.1,val,client_3,20,102,41,143,True,0.47584887613582016
SIDER,fedavg_proto,0.5,0,39,200,16,16,0.1,val,client_3,21,98,45,143,True,0.5863945578231292
SIDER,fedavg_proto,0.5,0,39,200,16,16,0.1,val,client_3,22,10,133,143,True,0.543609022556391
SIDER,fedavg_proto,0.5,0,39,200,16,16,0.1,val,client_3,23,64,79,143,True,0.5628955696202531
SIDER,fedavg_proto,0.5,0,39,200,16,16,0.1,val,client_3,24,104,39,143,True,0.5426528599605522
SIDER,fedavg_proto,0.5,0,39,200,16,16,0.1,val,client_3,25,134,9,143,True,0.6152570480928691
SIDER,fedavg_proto,0.5,0,39,200,16,16,0.1,val,client_3,26,95,48,143,True,0.5486842105263158
SIDER,fedavg_proto,0.5,0,39,200,16,16,0.1,test,server,0,72,71,143,True,0.6551251956181534
SIDER,fedavg_proto,0.5,0,39,200,16,16,0.1,test,server,1,105,38,143,True,0.6491228070175439
SIDER,fedavg_proto,0.5,0,39,200,16,16,0.1,test,server,2,5,138,143,True,0.43333333333333335
SIDER,fedavg_proto,0.5,0,39,200,16,16,0.1,test,server,3,90,53,143,True,0.5031446540880503
SIDER,fedavg_proto,0.5,0,39,200,16,16,0.1,test,server,4,118,25,143,True,0.5772881355932203
SIDER,fedavg_proto,0.5,0,39,200,16,16,0.1,test,server,5,104,39,143,True,0.5584319526627219
SIDER,fedavg_proto,0.5,0,39,200,16,16,0.1,test,server,6,134,9,143,True,0.587893864013267
SIDER,fedavg_proto,0.5,0,39,200,16,16,0.1,test,server,7,24,119,143,True,0.5812324929971988
SIDER,fedavg_proto,0.5,0,39,200,16,16,0.1,test,server,8,91,52,143,True,0.5200760777683855
SIDER,fedavg_proto,0.5,0,39,200,16,16,0.1,test,server,9,74,69,143,True,0.6243634939287113
SIDER,fedavg_proto,0.5,0,39,200,16,16,0.1,test,server,10,39,104,143,True,0.6131656804733727
SIDER,fedavg_proto,0.5,0,39,200,16,16,0.1,test,server,11,130,13,143,True,0.5242603550295858
SIDER,fedavg_proto,0.5,0,39,200,16,16,0.1,test,server,12,33,110,143,True,0.6057851239669422
SIDER,fedavg_proto,0.5,0,39,200,16,16,0.1,test,server,13,20,123,143,True,0.5991869918699186
SIDER,fedavg_proto,0.5,0,39,200,16,16,0.1,test,server,14,113,30,143,True,0.5008849557522124
SIDER,fedavg_proto,0.5,0,39,200,16,16,0.1,test,server,15,83,60,143,True,0.6339357429718875
SIDER,fedavg_proto,0.5,0,39,200,16,16,0.1,test,server,16,131,12,143,True,0.6590330788804071
SIDER,fedavg_proto,0.5,0,39,200,16,16,0.1,test,server,17,30,113,143,True,0.6386430678466077
SIDER,fedavg_proto,0.5,0,39,200,16,16,0.1,test,server,18,109,34,143,True,0.5434430652995144
SIDER,fedavg_proto,0.5,0,39,200,16,16,0.1,test,server,19,104,39,143,True,0.49704142011834324
SIDER,fedavg_proto,0.5,0,39,200,16,16,0.1,test,server,20,102,41,143,True,0.48278335724533716
SIDER,fedavg_proto,0.5,0,39,200,16,16,0.1,test,server,21,98,45,143,True,0.5888888888888889
SIDER,fedavg_proto,0.5,0,39,200,16,16,0.1,test,server,22,14,129,143,True,0.641749723145072
SIDER,fedavg_proto,0.5,0,39,200,16,16,0.1,test,server,23,60,83,143,True,0.4839357429718876
SIDER,fedavg_proto,0.5,0,39,200,16,16,0.1,test,server,24,98,45,143,True,0.48571428571428577
SIDER,fedavg_proto,0.5,0,39,200,16,16,0.1,test,server,25,132,11,143,True,0.6446280991735538
SIDER,fedavg_proto,0.5,0,39,200,16,16,0.1,test,server,26,101,42,143,True,0.5999528524280999
SIDER,fedavg_proto,0.5,0,39,200,16,16,0.1,test,client_0,0,72,71,143,True,0.653755868544601
SIDER,fedavg_proto,0.5,0,39,200,16,16,0.1,test,client_0,1,105,38,143,True,0.5932330827067669
SIDER,fedavg_proto,0.5,0,39,200,16,16,0.1,test,client_0,2,5,138,143,True,0.7797101449275363
SIDER,fedavg_proto,0.5,0,39,200,16,16,0.1,test,client_0,3,90,53,143,True,0.5268343815513628
SIDER,fedavg_proto,0.5,0,39,200,16,16,0.1,test,client_0,4,118,25,143,True,0.6786440677966102
SIDER,fedavg_proto,0.5,0,39,200,16,16,0.1,test,client_0,5,104,39,143,True,0.6245069033530573
SIDER,fedavg_proto,0.5,0,39,200,16,16,0.1,test,client_0,6,134,9,143,True,0.5406301824212272
SIDER,fedavg_proto,0.5,0,39,200,16,16,0.1,test,client_0,7,24,119,143,True,0.5392156862745098
SIDER,fedavg_proto,0.5,0,39,200,16,16,0.1,test,client_0,8,91,52,143,True,0.5344463229078613
SIDER,fedavg_proto,0.5,0,39,200,16,16,0.1,test,client_0,9,74,69,143,True,0.608499804151978
SIDER,fedavg_proto,0.5,0,39,200,16,16,0.1,test,client_0,10,39,104,143,True,0.6282051282051282
SIDER,fedavg_proto,0.5,0,39,200,16,16,0.1,test,client_0,11,130,13,143,True,0.6585798816568047
SIDER,fedavg_proto,0.5,0,39,200,16,16,0.1,test,client_0,12,33,110,143,True,0.5738292011019284
SIDER,fedavg_proto,0.5,0,39,200,16,16,0.1,test,client_0,13,20,123,143,True,0.5634146341463415
SIDER,fedavg_proto,0.5,0,39,200,16,16,0.1,test,client_0,14,113,30,143,True,0.5817109144542773
SIDER,fedavg_proto,0.5,0,39,200,16,16,0.1,test,client_0,15,83,60,143,True,0.6761044176706826
SIDER,fedavg_proto,0.5,0,39,200,16,16,0.1,test,client_0,16,131,12,143,True,0.7124681933842238
SIDER,fedavg_proto,0.5,0,39,200,16,16,0.1,test,client_0,17,30,113,143,True,0.5648967551622419
SIDER,fedavg_proto,0.5,0,39,200,16,16,0.1,test,client_0,18,109,34,143,True,0.49811117107393416
SIDER,fedavg_proto,0.5,0,39,200,16,16,0.1,test,client_0,19,104,39,143,True,0.525887573964497
SIDER,fedavg_proto,0.5,0,39,200,16,16,0.1,test,client_0,20,102,41,143,True,0.5141080822572932
SIDER,fedavg_proto,0.5,0,39,200,16,16,0.1,test,client_0,21,98,45,143,True,0.6117913832199546
SIDER,fedavg_proto,0.5,0,39,200,16,16,0.1,test,client_0,22,14,129,143,True,0.6218161683277962
SIDER,fedavg_proto,0.5,0,39,200,16,16,0.1,test,client_0,23,60,83,143,True,0.5664658634538152
SIDER,fedavg_proto,0.5,0,39,200,16,16,0.1,test,client_0,24,98,45,143,True,0.5108843537414967
SIDER,fedavg_proto,0.5,0,39,200,16,16,0.1,test,client_0,25,132,11,143,True,0.6212121212121212
SIDER,fedavg_proto,0.5,0,39,200,16,16,0.1,test,client_0,26,101,42,143,True,0.6364922206506365
SIDER,fedavg_proto,0.5,0,39,200,16,16,0.1,test,client_1,0,72,71,143,True,0.6474960876369328
SIDER,fedavg_proto,0.5,0,39,200,16,16,0.1,test,client_1,1,105,38,143,True,0.612280701754386
SIDER,fedavg_proto,0.5,0,39,200,16,16,0.1,test,client_1,2,5,138,143,True,0.5521739130434783
SIDER,fedavg_proto,0.5,0,39,200,16,16,0.1,test,client_1,3,90,53,143,True,0.5333333333333333
SIDER,fedavg_proto,0.5,0,39,200,16,16,0.1,test,client_1,4,118,25,143,True,0.5183050847457628
SIDER,fedavg_proto,0.5,0,39,200,16,16,0.1,test,client_1,5,104,39,143,True,0.5571992110453649
SIDER,fedavg_proto,0.5,0,39,200,16,16,0.1,test,client_1,6,134,9,143,True,0.5713101160862355
SIDER,fedavg_proto,0.5,0,39,200,16,16,0.1,test,client_1,7,24,119,143,True,0.6782212885154062
SIDER,fedavg_proto,0.5,0,39,200,16,16,0.1,test,client_1,8,91,52,143,True,0.5931952662721894
SIDER,fedavg_proto,0.5,0,39,200,16,16,0.1,test,client_1,9,74,69,143,True,0.6668625146886017
SIDER,fedavg_proto,0.5,0,39,200,16,16,0.1,test,client_1,10,39,104,143,True,0.6205621301775148
SIDER,fedavg_proto,0.5,0,39,200,16,16,0.1,test,client_1,11,130,13,143,True,0.49171597633136094
SIDER,fedavg_proto,0.5,0,39,200,16,16,0.1,test,client_1,12,33,110,143,True,0.6732782369146005
SIDER,fedavg_proto,0.5,0,39,200,16,16,0.1,test,client_1,13,20,123,143,True,0.6837398373983741
SIDER,fedavg_proto,0.5,0,39,200,16,16,0.1,test,client_1,14,113,30,143,True,0.4902654867256637
SIDER,fedavg_proto,0.5,0,39,200,16,16,0.1,test,client_1,15,83,60,143,True,0.5821285140562249
SIDER,fedavg_proto,0.5,0,39,200,16,16,0.1,test,client_1,16,131,12,143,True,0.5082697201017812
SIDER,fedavg_proto,0.5,0,39,200,16,16,0.1,test,client_1,17,30,113,143,True,0.6572271386430678
SIDER,fedavg_proto,0.5,0,39,200,16,16,0.1,test,client_1,18,109,34,143,True,0.5569347004856988
SIDER,fedavg_proto,0.5,0,39,200,16,16,0.1,test,client_1,19,104,39,143,True,0.516025641025641
SIDER,fedavg_proto,0.5,0,39,200,16,16,0.1,test,client_1,20,102,41,143,True,0.5308464849354376
SIDER,fedavg_proto,0.5,0,39,200,16,16,0.1,test,client_1,21,98,45,143,True,0.5306122448979591
SIDER,fedavg_proto,0.5,0,39,200,16,16,0.1,test,client_1,22,14,129,143,True,0.7508305647840532
SIDER,fedavg_proto,0.5,0,39,200,16,16,0.1,test,client_1,23,60,83,143,True,0.5120481927710843
SIDER,fedavg_proto,0.5,0,39,200,16,16,0.1,test,client_1,24,98,45,143,True,0.5024943310657597
SIDER,fedavg_proto,0.5,0,39,200,16,16,0.1,test,client_1,25,132,11,143,True,0.6253443526170799
SIDER,fedavg_proto,0.5,0,39,200,16,16,0.1,test,client_1,26,101,42,143,True,0.6145685997171146
SIDER,fedavg_proto,0.5,0,39,200,16,16,0.1,test,client_2,0,72,71,143,True,0.5708137715179968
SIDER,fedavg_proto,0.5,0,39,200,16,16,0.1,test,client_2,1,105,38,143,True,0.5488721804511278
SIDER,fedavg_proto,0.5,0,39,200,16,16,0.1,test,client_2,2,5,138,143,True,0.591304347826087
SIDER,fedavg_proto,0.5,0,39,200,16,16,0.1,test,client_2,3,90,53,143,True,0.44150943396226416
SIDER,fedavg_proto,0.5,0,39,200,16,16,0.1,test,client_2,4,118,25,143,True,0.5406779661016949
SIDER,fedavg_proto,0.5,0,39,200,16,16,0.1,test,client_2,5,104,39,143,True,0.5611439842209074
SIDER,fedavg_proto,0.5,0,39,200,16,16,0.1,test,client_2,6,134,9,143,True,0.5970149253731344
SIDER,fedavg_proto,0.5,0,39,200,16,16,0.1,test,client_2,7,24,119,143,True,0.584733893557423
SIDER,fedavg_proto,0.5,0,39,200,16,16,0.1,test,client_2,8,91,52,143,True,0.533178360101437
SIDER,fedavg_proto,0.5,0,39,200,16,16,0.1,test,client_2,9,74,69,143,True,0.5759890325107716
SIDER,fedavg_proto,0.5,0,39,200,16,16,0.1,test,client_2,10,39,104,143,True,0.6346153846153847
SIDER,fedavg_proto,0.5,0,39,200,16,16,0.1,test,client_2,11,130,13,143,True,0.40769230769230763
SIDER,fedavg_proto,0.5,0,39,200,16,16,0.1,test,client_2,12,33,110,143,True,0.6236914600550965
SIDER,fedavg_proto,0.5,0,39,200,16,16,0.1,test,client_2,13,20,123,143,True,0.5760162601626017
SIDER,fedavg_proto,0.5,0,39,200,16,16,0.1,test,client_2,14,113,30,143,True,0.5032448377581121
SIDER,fedavg_proto,0.5,0,39,200,16,16,0.1,test,client_2,15,83,60,143,True,0.6493975903614458
SIDER,fedavg_proto,0.5,0,39,200,16,16,0.1,test,client_2,16,131,12,143,True,0.6571246819338422
SIDER,fedavg_proto,0.5,0,39,200,16,16,0.1,test,client_2,17,30,113,143,True,0.6274336283185842
SIDER,fedavg_proto,0.5,0,39,200,16,16,0.1,test,client_2,18,109,34,143,True,0.4897463572584998
SIDER,fedavg_proto,0.5,0,39,200,16,16,0.1,test,client_2,19,104,39,143,True,0.4428007889546351
SIDER,fedavg_proto,0.5,0,39,200,16,16,0.1,test,client_2,20,102,41,143,True,0.4497847919655667
SIDER,fedavg_proto,0.5,0,39,200,16,16,0.1,test,client_2,21,98,45,143,True,0.5680272108843537
SIDER,fedavg_proto,0.5,0,39,200,16,16,0.1,test,client_2,22,14,129,143,True,0.6345514950166112
SIDER,fedavg_proto,0.5,0,39,200,16,16,0.1,test,client_2,23,60,83,143,True,0.4734939759036145
SIDER,fedavg_proto,0.5,0,39,200,16,16,0.1,test,client_2,24,98,45,143,True,0.4448979591836734
SIDER,fedavg_proto,0.5,0,39,200,16,16,0.1,test,client_2,25,132,11,143,True,0.6081267217630855
SIDER,fedavg_proto,0.5,0,39,200,16,16,0.1,test,client_2,26,101,42,143,True,0.5836869401225837
SIDER,fedavg_proto,0.5,0,39,200,16,16,0.1,test,client_3,0,72,71,143,True,0.6124804381846636
SIDER,fedavg_proto,0.5,0,39,200,16,16,0.1,test,client_3,1,105,38,143,True,0.6471177944862155
SIDER,fedavg_proto,0.5,0,39,200,16,16,0.1,test,client_3,2,5,138,143,True,0.663768115942029
SIDER,fedavg_proto,0.5,0,39,200,16,16,0.1,test,client_3,3,90,53,143,True,0.5415094339622641
SIDER,fedavg_proto,0.5,0,39,200,16,16,0.1,test,client_3,4,118,25,143,True,0.6650847457627118
SIDER,fedavg_proto,0.5,0,39,200,16,16,0.1,test,client_3,5,104,39,143,True,0.5764299802761341
SIDER,fedavg_proto,0.5,0,39,200,16,16,0.1,test,client_3,6,134,9,143,True,0.7271973466003319
SIDER,fedavg_proto,0.5,0,39,200,16,16,0.1,test,client_3,7,24,119,143,True,0.5301120448179272
SIDER,fedavg_proto,0.5,0,39,200,16,16,0.1,test,client_3,8,91,52,143,True,0.5194420963651732
SIDER,fedavg_proto,0.5,0,39,200,16,16,0.1,test,client_3,9,74,69,143,True,0.6490403446925186
SIDER,fedavg_proto,0.5,0,39,200,16,16,0.1,test,client_3,10,39,104,143,True,0.5655818540433925
SIDER,fedavg_proto,0.5,0,39,200,16,16,0.1,test,client_3,11,130,13,143,True,0.6372781065088757
SIDER,fedavg_proto,0.5,0,39,200,16,16,0.1,test,client_3,12,33,110,143,True,0.5611570247933885
SIDER,fedavg_proto,0.5,0,39,200,16,16,0.1,test,client_3,13,20,123,143,True,0.5504065040650407
SIDER,fedavg_proto,0.5,0,39,200,16,16,0.1,test,client_3,14,113,30,143,True,0.6377581120943953
SIDER,fedavg_proto,0.5,0,39,200,16,16,0.1,test,client_3,15,83,60,143,True,0.6222891566265061
SIDER,fedavg_proto,0.5,0,39,200,16,16,0.1,test,client_3,16,131,12,143,True,0.7665394402035624
SIDER,fedavg_proto,0.5,0,39,200,16,16,0.1,test,client_3,17,30,113,143,True,0.5899705014749262
SIDER,fedavg_proto,0.5,0,39,200,16,16,0.1,test,client_3,18,109,34,143,True,0.5814894765245548
SIDER,fedavg_proto,0.5,0,39,200,16,16,0.1,test,client_3,19,104,39,143,True,0.5520216962524656
SIDER,fedavg_proto,0.5,0,39,200,16,16,0.1,test,client_3,20,102,41,143,True,0.517455762792922
SIDER,fedavg_proto,0.5,0,39,200,16,16,0.1,test,client_3,21,98,45,143,True,0.6344671201814059
SIDER,fedavg_proto,0.5,0,39,200,16,16,0.1,test,client_3,22,14,129,143,True,0.5454042081949059
SIDER,fedavg_proto,0.5,0,39,200,16,16,0.1,test,client_3,23,60,83,143,True,0.4991967871485944
SIDER,fedavg_proto,0.5,0,39,200,16,16,0.1,test,client_3,24,98,45,143,True,0.5675736961451247
SIDER,fedavg_proto,0.5,0,39,200,16,16,0.1,test,client_3,25,132,11,143,True,0.6852617079889808
SIDER,fedavg_proto,0.5,0,39,200,16,16,0.1,test,client_3,26,101,42,143,True,0.5990099009900991
SIDER,fedavg_proto,0.5,0,40,200,16,16,0.1,val,server,0,76,67,143,True,0.5832678711704635
SIDER,fedavg_proto,0.5,0,40,200,16,16,0.1,val,server,1,99,44,143,True,0.6322314049586776
SIDER,fedavg_proto,0.5,0,40,200,16,16,0.1,val,server,2,2,141,143,True,0.5886524822695036
SIDER,fedavg_proto,0.5,0,40,200,16,16,0.1,val,server,3,85,58,143,True,0.652738336713996
SIDER,fedavg_proto,0.5,0,40,200,16,16,0.1,val,server,4,117,26,143,True,0.68310322156476
SIDER,fedavg_proto,0.5,0,40,200,16,16,0.1,val,server,5,99,44,143,True,0.6345270890725437
SIDER,fedavg_proto,0.5,0,40,200,16,16,0.1,val,server,6,131,12,143,True,0.75
SIDER,fedavg_proto,0.5,0,40,200,16,16,0.1,val,server,7,20,123,143,True,0.6276422764227643
SIDER,fedavg_proto,0.5,0,40,200,16,16,0.1,val,server,8,97,46,143,True,0.6456745853877186
SIDER,fedavg_proto,0.5,0,40,200,16,16,0.1,val,server,9,71,72,143,True,0.6336071987480439
SIDER,fedavg_proto,0.5,0,40,200,16,16,0.1,val,server,10,35,108,143,True,0.6124338624338624
SIDER,fedavg_proto,0.5,0,40,200,16,16,0.1,val,server,11,130,13,143,True,0.6668639053254437
SIDER,fedavg_proto,0.5,0,40,200,16,16,0.1,val,server,12,37,106,143,True,0.6891891891891893
SIDER,fedavg_proto,0.5,0,40,200,16,16,0.1,val,server,13,20,123,143,True,0.6085365853658538
SIDER,fedavg_proto,0.5,0,40,200,16,16,0.1,val,server,14,107,36,143,True,0.5306334371754932
SIDER,fedavg_proto,0.5,0,40,200,16,16,0.1,val,server,15,94,49,143,True,0.6615284411636995
SIDER,fedavg_proto,0.5,0,40,200,16,16,0.1,val,server,16,129,14,143,True,0.6528239202657808
SIDER,fedavg_proto,0.5,0,40,200,16,16,0.1,val,server,17,20,123,143,True,0.5077235772357724
SIDER,fedavg_proto,0.5,0,40,200,16,16,0.1,val,server,18,104,39,143,True,0.5554733727810651
SIDER,fedavg_proto,0.5,0,40,200,16,16,0.1,val,server,19,103,40,143,True,0.6308252427184465
SIDER,fedavg_proto,0.5,0,40,200,16,16,0.1,val,server,20,102,41,143,True,0.5308464849354375
SIDER,fedavg_proto,0.5,0,40,200,16,16,0.1,val,server,21,98,45,143,True,0.6893424036281179
SIDER,fedavg_proto,0.5,0,40,200,16,16,0.1,val,server,22,10,133,143,True,0.630827067669173
SIDER,fedavg_proto,0.5,0,40,200,16,16,0.1,val,server,23,64,79,143,True,0.6056170886075949
SIDER,fedavg_proto,0.5,0,40,200,16,16,0.1,val,server,24,104,39,143,True,0.5754437869822485
SIDER,fedavg_proto,0.5,0,40,200,16,16,0.1,val,server,25,134,9,143,True,0.7064676616915423
SIDER,fedavg_proto,0.5,0,40,200,16,16,0.1,val,server,26,95,48,143,True,0.5804824561403509
SIDER,fedavg_proto,0.5,0,40,200,16,16,0.1,val,client_0,0,76,67,143,True,0.6305970149253731
SIDER,fedavg_proto,0.5,0,40,200,16,16,0.1,val,client_0,1,99,44,143,True,0.6354453627180899
SIDER,fedavg_proto,0.5,0,40,200,16,16,0.1,val,client_0,2,2,141,143,True,0.6382978723404256
SIDER,fedavg_proto,0.5,0,40,200,16,16,0.1,val,client_0,3,85,58,143,True,0.6419878296146045
SIDER,fedavg_proto,0.5,0,40,200,16,16,0.1,val,client_0,4,117,26,143,True,0.673241288625904
SIDER,fedavg_proto,0.5,0,40,200,16,16,0.1,val,client_0,5,99,44,143,True,0.6910009182736455
SIDER,fedavg_proto,0.5,0,40,200,16,16,0.1,val,client_0,6,131,12,143,True,0.6927480916030535
SIDER,fedavg_proto,0.5,0,40,200,16,16,0.1,val,client_0,7,20,123,143,True,0.6630081300813009
SIDER,fedavg_proto,0.5,0,40,200,16,16,0.1,val,client_0,8,97,46,143,True,0.6194531600179292
SIDER,fedavg_proto,0.5,0,40,200,16,16,0.1,val,client_0,9,71,72,143,True,0.5528169014084507
SIDER,fedavg_proto,0.5,0,40,200,16,16,0.1,val,client_0,10,35,108,143,True,0.6777777777777778
SIDER,fedavg_proto,0.5,0,40,200,16,16,0.1,val,client_0,11,130,13,143,True,0.7437869822485207
SIDER,fedavg_proto,0.5,0,40,200,16,16,0.1,val,client_0,12,37,106,143,True,0.6560428352881184
SIDER,fedavg_proto,0.5,0,40,200,16,16,0.1,val,client_0,13,20,123,143,True,0.6764227642276424
SIDER,fedavg_proto,0.5,0,40,200,16,16,0.1,val,client_0,14,107,36,143,True,0.5179127725856697
SIDER,fedavg_proto,0.5,0,40,200,16,16,0.1,val,client_0,15,94,49,143,True,0.6576204950065133
SIDER,fedavg_proto,0.5,0,40,200,16,16,0.1,val,client_0,16,129,14,143,True,0.7070874861572536
SIDER,fedavg_proto,0.5,0,40,200,16,16,0.1,val,client_0,17,20,123,143,True,0.5678861788617886
SIDER,fedavg_proto,0.5,0,40,200,16,16,0.1,val,client_0,18,104,39,143,True,0.5426528599605523
SIDER,fedavg_proto,0.5,0,40,200,16,16,0.1,val,client_0,19,103,40,143,True,0.6058252427184465
SIDER,fedavg_proto,0.5,0,40,200,16,16,0.1,val,client_0,20,102,41,143,True,0.6212338593974175
SIDER,fedavg_proto,0.5,0,40,200,16,16,0.1,val,client_0,21,98,45,143,True,0.6684807256235828
SIDER,fedavg_proto,0.5,0,40,200,16,16,0.1,val,client_0,22,10,133,143,True,0.5969924812030075
SIDER,fedavg_proto,0.5,0,40,200,16,16,0.1,val,client_0,23,64,79,143,True,0.6168908227848101
SIDER,fedavg_proto,0.5,0,40,200,16,16,0.1,val,client_0,24,104,39,143,True,0.5608974358974359
SIDER,fedavg_proto,0.5,0,40,200,16,16,0.1,val,client_0,25,134,9,143,True,0.7155887230514096
SIDER,fedavg_proto,0.5,0,40,200,16,16,0.1,val,client_0,26,95,48,143,True,0.6493421052631578
SIDER,fedavg_proto,0.5,0,40,200,16,16,0.1,val,client_1,0,76,67,143,True,0.5583267871170463
SIDER,fedavg_proto,0.5,0,40,200,16,16,0.1,val,client_1,1,99,44,143,True,0.5971074380165289
SIDER,fedavg_proto,0.5,0,40,200,16,16,0.1,val,client_1,2,2,141,143,True,0.6666666666666666
SIDER,fedavg_proto,0.5,0,40,200,16,16,0.1,val,client_1,3,85,58,143,True,0.6356997971602434
SIDER,fedavg_proto,0.5,0,40,200,16,16,0.1,val,client_1,4,117,26,143,True,0.6222879684418146
SIDER,fedavg_proto,0.5,0,40,200,16,16,0.1,val,client_1,5,99,44,143,True,0.5312213039485767
SIDER,fedavg_proto,0.5,0,40,200,16,16,0.1,val,client_1,6,131,12,143,True,0.7442748091603053
SIDER,fedavg_proto,0.5,0,40,200,16,16,0.1,val,client_1,7,20,123,143,True,0.5
SIDER,fedavg_proto,0.5,0,40,200,16,16,0.1,val,client_1,8,97,46,143,True,0.5965934558493949
SIDER,fedavg_proto,0.5,0,40,200,16,16,0.1,val,client_1,9,71,72,143,True,0.6181533646322379
SIDER,fedavg_proto,0.5,0,40,200,16,16,0.1,val,client_1,10,35,108,143,True,0.5185185185185185
SIDER,fedavg_proto,0.5,0,40,200,16,16,0.1,val,client_1,11,130,13,143,True,0.5153846153846153
SIDER,fedavg_proto,0.5,0,40,200,16,16,0.1,val,client_1,12,37,106,143,True,0.6063233044365121
SIDER,fedavg_proto,0.5,0,40,200,16,16,0.1,val,client_1,13,20,123,143,True,0.5999999999999999
SIDER,fedavg_proto,0.5,0,40,200,16,16,0.1,val,client_1,14,107,36,143,True,0.5552959501557632
SIDER,fedavg_proto,0.5,0,40,200,16,16,0.1,val,client_1,15,94,49,143,True,0.6500217108119845
SIDER,fedavg_proto,0.5,0,40,200,16,16,0.1,val,client_1,16,129,14,143,True,0.6179401993355482
SIDER,fedavg_proto,0.5,0,40,200,16,16,0.1,val,client_1,17,20,123,143,True,0.5191056910569105
SIDER,fedavg_proto,0.5,0,40,200,16,16,0.1,val,client_1,18,104,39,143,True,0.4748520710059172
SIDER,fedavg_proto,0.5,0,40,200,16,16,0.1,val,client_1,19,103,40,143,True,0.5934466019417475
SIDER,fedavg_proto,0.5,0,40,200,16,16,0.1,val,client_1,20,102,41,143,True,0.5602582496413199
SIDER,fedavg_proto,0.5,0,40,200,16,16,0.1,val,client_1,21,98,45,143,True,0.656689342403628
SIDER,fedavg_proto,0.5,0,40,200,16,16,0.1,val,client_1,22,10,133,143,True,0.5157894736842106
SIDER,fedavg_proto,0.5,0,40,200,16,16,0.1,val,client_1,23,64,79,143,True,0.5731803797468354
SIDER,fedavg_proto,0.5,0,40,200,16,16,0.1,val,client_1,24,104,39,143,True,0.6131656804733728
SIDER,fedavg_proto,0.5,0,40,200,16,16,0.1,val,client_1,25,134,9,143,True,0.7479270315091211
SIDER,fedavg_proto,0.5,0,40,200,16,16,0.1,val,client_1,26,95,48,143,True,0.5276315789473685
SIDER,fedavg_proto,0.5,0,40,200,16,16,0.1,val,client_2,0,76,67,143,True,0.530243519245876
SIDER,fedavg_proto,0.5,0,40,200,16,16,0.1,val,client_2,1,99,44,143,True,0.5541781450872361
SIDER,fedavg_proto,0.5,0,40,200,16,16,0.1,val,client_2,2,2,141,143,True,0.8404255319148936
SIDER,fedavg_proto,0.5,0,40,200,16,16,0.1,val,client_2,3,85,58,143,True,0.5908722109533469
SIDER,fedavg_proto,0.5,0,40,200,16,16,0.1,val,client_2,4,117,26,143,True,0.6107823800131492
SIDER,fedavg_proto,0.5,0,40,200,16,16,0.1,val,client_2,5,99,44,143,True,0.5769054178145088
SIDER,fedavg_proto,0.5,0,40,200,16,16,0.1,val,client_2,6,131,12,143,True,0.7646310432569975
SIDER,fedavg_proto,0.5,0,40,200,16,16,0.1,val,client_2,7,20,123,143,True,0.5926829268292684
SIDER,fedavg_proto,0.5,0,40,200,16,16,0.1,val,client_2,8,97,46,143,True,0.6169878978036755
SIDER,fedavg_proto,0.5,0,40,200,16,16,0.1,val,client_2,9,71,72,143,True,0.599960876369327
SIDER,fedavg_proto,0.5,0,40,200,16,16,0.1,val,client_2,10,35,108,143,True,0.5994708994708995
SIDER,fedavg_proto,0.5,0,40,200,16,16,0.1,val,client_2,11,130,13,143,True,0.42485207100591715
SIDER,fedavg_proto,0.5,0,40,200,16,16,0.1,val,client_2,12,37,106,143,True,0.6435492095869455
SIDER,fedavg_proto,0.5,0,40,200,16,16,0.1,val,client_2,13,20,123,143,True,0.5882113821138211
SIDER,fedavg_proto,0.5,0,40,200,16,16,0.1,val,client_2,14,107,36,143,True,0.5109034267912772
SIDER,fedavg_proto,0.5,0,40,200,16,16,0.1,val,client_2,15,94,49,143,True,0.6769431176726008
SIDER,fedavg_proto,0.5,0,40,200,16,16,0.1,val,client_2,16,129,14,143,True,0.5564784053156147
SIDER,fedavg_proto,0.5,0,40,200,16,16,0.1,val,client_2,17,20,123,143,True,0.46138211382113825
SIDER,fedavg_proto,0.5,0,40,200,16,16,0.1,val,client_2,18,104,39,143,True,0.5337771203155819
SIDER,fedavg_proto,0.5,0,40,200,16,16,0.1,val,client_2,19,103,40,143,True,0.5473300970873787
SIDER,fedavg_proto,0.5,0,40,200,16,16,0.1,val,client_2,20,102,41,143,True,0.4961740793878527
SIDER,fedavg_proto,0.5,0,40,200,16,16,0.1,val,client_2,21,98,45,143,True,0.647392290249433
SIDER,fedavg_proto,0.5,0,40,200,16,16,0.1,val,client_2,22,10,133,143,True,0.5902255639097744
SIDER,fedavg_proto,0.5,0,40,200,16,16,0.1,val,client_2,23,64,79,143,True,0.5534018987341771
SIDER,fedavg_proto,0.5,0,40,200,16,16,0.1,val,client_2,24,104,39,143,True,0.5641025641025641
SIDER,fedavg_proto,0.5,0,40,200,16,16,0.1,val,client_2,25,134,9,143,True,0.640961857379768
SIDER,fedavg_proto,0.5,0,40,200,16,16,0.1,val,client_2,26,95,48,143,True,0.5657894736842105
SIDER,fedavg_proto,0.5,0,40,200,16,16,0.1,val,client_3,0,76,67,143,True,0.6190102120974077
SIDER,fedavg_proto,0.5,0,40,200,16,16,0.1,val,client_3,1,99,44,143,True,0.6398071625344353
SIDER,fedavg_proto,0.5,0,40,200,16,16,0.1,val,client_3,2,2,141,143,True,0.7092198581560285
SIDER,fedavg_proto,0.5,0,40,200,16,16,0.1,val,client_3,3,85,58,143,True,0.5482758620689655
SIDER,fedavg_proto,0.5,0,40,200,16,16,0.1,val,client_3,4,117,26,143,True,0.7189349112426036
SIDER,fedavg_proto,0.5,0,40,200,16,16,0.1,val,client_3,5,99,44,143,True,0.6517447199265382
SIDER,fedavg_proto,0.5,0,40,200,16,16,0.1,val,client_3,6,131,12,143,True,0.7608142493638678
SIDER,fedavg_proto,0.5,0,40,200,16,16,0.1,val,client_3,7,20,123,143,True,0.5821138211382114
SIDER,fedavg_proto,0.5,0,40,200,16,16,0.1,val,client_3,8,97,46,143,True,0.5963693411026445
SIDER,fedavg_proto,0.5,0,40,200,16,16,0.1,val,client_3,9,71,72,143,True,0.5982003129890454
SIDER,fedavg_proto,0.5,0,40,200,16,16,0.1,val,client_3,10,35,108,143,True,0.6058201058201059
SIDER,fedavg_proto,0.5,0,40,200,16,16,0.1,val,client_3,11,130,13,143,True,0.6467455621301774
SIDER,fedavg_proto,0.5,0,40,200,16,16,0.1,val,client_3,12,37,106,143,True,0.6953085160632331
SIDER,fedavg_proto,0.5,0,40,200,16,16,0.1,val,client_3,13,20,123,143,True,0.5642276422764227
SIDER,fedavg_proto,0.5,0,40,200,16,16,0.1,val,client_3,14,107,36,143,True,0.5607476635514018
SIDER,fedavg_proto,0.5,0,40,200,16,16,0.1,val,client_3,15,94,49,143,True,0.6402518454190187
SIDER,fedavg_proto,0.5,0,40,200,16,16,0.1,val,client_3,16,129,14,143,True,0.6339977851605759
SIDER,fedavg_proto,0.5,0,40,200,16,16,0.1,val,client_3,17,20,123,143,True,0.5154471544715447
SIDER,fedavg_proto,0.5,0,40,200,16,16,0.1,val,client_3,18,104,39,143,True,0.6375739644970415
SIDER,fedavg_proto,0.5,0,40,200,16,16,0.1,val,client_3,19,103,40,143,True,0.6145631067961165
SIDER,fedavg_proto,0.5,0,40,200,16,16,0.1,val,client_3,20,102,41,143,True,0.48421807747489237
SIDER,fedavg_proto,0.5,0,40,200,16,16,0.1,val,client_3,21,98,45,143,True,0.5829931972789114
SIDER,fedavg_proto,0.5,0,40,200,16,16,0.1,val,client_3,22,10,133,143,True,0.5646616541353384
SIDER,fedavg_proto,0.5,0,40,200,16,16,0.1,val,client_3,23,64,79,143,True,0.5595332278481013
SIDER,fedavg_proto,0.5,0,40,200,16,16,0.1,val,client_3,24,104,39,143,True,0.5362426035502958
SIDER,fedavg_proto,0.5,0,40,200,16,16,0.1,val,client_3,25,134,9,143,True,0.6135986733001658
SIDER,fedavg_proto,0.5,0,40,200,16,16,0.1,val,client_3,26,95,48,143,True,0.5469298245614036
SIDER,fedavg_proto,0.5,0,40,200,16,16,0.1,test,server,0,72,71,143,True,0.6607981220657279
SIDER,fedavg_proto,0.5,0,40,200,16,16,0.1,test,server,1,105,38,143,True,0.6518796992481204
SIDER,fedavg_proto,0.5,0,40,200,16,16,0.1,test,server,2,5,138,143,True,0.4173913043478261
SIDER,fedavg_proto,0.5,0,40,200,16,16,0.1,test,server,3,90,53,143,True,0.510901467505241
SIDER,fedavg_proto,0.5,0,40,200,16,16,0.1,test,server,4,118,25,143,True,0.5711864406779661
SIDER,fedavg_proto,0.5,0,40,200,16,16,0.1,test,server,5,104,39,143,True,0.5557199211045365
SIDER,fedavg_proto,0.5,0,40,200,16,16,0.1,test,server,6,134,9,143,True,0.5970149253731343
SIDER,fedavg_proto,0.5,0,40,200,16,16,0.1,test,server,7,24,119,143,True,0.5861344537815126
SIDER,fedavg_proto,0.5,0,40,200,16,16,0.1,test,server,8,91,52,143,True,0.518596787827557
SIDER,fedavg_proto,0.5,0,40,200,16,16,0.1,test,server,9,74,69,143,True,0.6245593419506462
SIDER,fedavg_proto,0.5,0,40,200,16,16,0.1,test,server,10,39,104,143,True,0.606508875739645
SIDER,fedavg_proto,0.5,0,40,200,16,16,0.1,test,server,11,130,13,143,True,0.51301775147929
SIDER,fedavg_proto,0.5,0,40,200,16,16,0.1,test,server,12,33,110,143,True,0.6024793388429752
SIDER,fedavg_proto,0.5,0,40,200,16,16,0.1,test,server,13,20,123,143,True,0.608130081300813
SIDER,fedavg_proto,0.5,0,40,200,16,16,0.1,test,server,14,113,30,143,True,0.5023598820058996
SIDER,fedavg_proto,0.5,0,40,200,16,16,0.1,test,server,15,83,60,143,True,0.6261044176706827
SIDER,fedavg_proto,0.5,0,40,200,16,16,0.1,test,server,16,131,12,143,True,0.6571246819338423
SIDER,fedavg_proto,0.5,0,40,200,16,16,0.1,test,server,17,30,113,143,True,0.6563421828908554
SIDER,fedavg_proto,0.5,0,40,200,16,16,0.1,test,server,18,109,34,143,True,0.5310307609282245
SIDER,fedavg_proto,0.5,0,40,200,16,16,0.1,test,server,19,104,39,143,True,0.4965483234714004
SIDER,fedavg_proto,0.5,0,40,200,16,16,0.1,test,server,20,102,41,143,True,0.4866092778574844
SIDER,fedavg_proto,0.5,0,40,200,16,16,0.1,test,server,21,98,45,143,True,0.5927437641723355
SIDER,fedavg_proto,0.5,0,40,200,16,16,0.1,test,server,22,14,129,143,True,0.6478405315614617
SIDER,fedavg_proto,0.5,0,40,200,16,16,0.1,test,server,23,60,83,143,True,0.49397590361445776
SIDER,fedavg_proto,0.5,0,40,200,16,16,0.1,test,server,24,98,45,143,True,0.49002267573696145
SIDER,fedavg_proto,0.5,0,40,200,16,16,0.1,test,server,25,132,11,143,True,0.6267217630853994
SIDER,fedavg_proto,0.5,0,40,200,16,16,0.1,test,server,26,101,42,143,True,0.5938236680810938
SIDER,fedavg_proto,0.5,0,40,200,16,16,0.1,test,client_0,0,72,71,143,True,0.6414319248826291
SIDER,fedavg_proto,0.5,0,40,200,16,16,0.1,test,client_0,1,105,38,143,True,0.5724310776942356
SIDER,fedavg_proto,0.5,0,40,200,16,16,0.1,test,client_0,2,5,138,143,True,0.7550724637681159
SIDER,fedavg_proto,0.5,0,40,200,16,16,0.1,test,client_0,3,90,53,143,True,0.5622641509433961
SIDER,fedavg_proto,0.5,0,40,200,16,16,0.1,test,client_0,4,118,25,143,True,0.6861016949152543
SIDER,fedavg_proto,0.5,0,40,200,16,16,0.1,test,client_0,5,104,39,143,True,0.6235207100591716
SIDER,fedavg_proto,0.5,0,40,200,16,16,0.1,test,client_0,6,134,9,143,True,0.5854063018242123
SIDER,fedavg_proto,0.5,0,40,200,16,16,0.1,test,client_0,7,24,119,143,True,0.5546218487394958
SIDER,fedavg_proto,0.5,0,40,200,16,16,0.1,test,client_0,8,91,52,143,True,0.5276838546069316
SIDER,fedavg_proto,0.5,0,40,200,16,16,0.1,test,client_0,9,74,69,143,True,0.5752056404230318
SIDER,fedavg_proto,0.5,0,40,200,16,16,0.1,test,client_0,10,39,104,143,True,0.6141518737672584
SIDER,fedavg_proto,0.5,0,40,200,16,16,0.1,test,client_0,11,130,13,143,True,0.6284023668639053
SIDER,fedavg_proto,0.5,0,40,200,16,16,0.1,test,client_0,12,33,110,143,True,0.5636363636363637
SIDER,fedavg_proto,0.5,0,40,200,16,16,0.1,test,client_0,13,20,123,143,True,0.5995934959349594
SIDER,fedavg_proto,0.5,0,40,200,16,16,0.1,test,client_0,14,113,30,143,True,0.605014749262537
SIDER,fedavg_proto,0.5,0,40,200,16,16,0.1,test,client_0,15,83,60,143,True,0.6771084337349397
SIDER,fedavg_proto,0.5,0,40,200,16,16,0.1,test,client_0,16,131,12,143,True,0.72264631043257
SIDER,fedavg_proto,0.5,0,40,200,16,16,0.1,test,client_0,17,30,113,143,True,0.5601769911504424
SIDER,fedavg_proto,0.5,0,40,200,16,16,0.1,test,client_0,18,109,34,143,True,0.49730167296276306
SIDER,fedavg_proto,0.5,0,40,200,16,16,0.1,test,client_0,19,104,39,143,True,0.539447731755424
SIDER,fedavg_proto,0.5,0,40,200,16,16,0.1,test,client_0,20,102,41,143,True,0.5124342419894787
SIDER,fedavg_proto,0.5,0,40,200,16,16,0.1,test,client_0,21,98,45,143,True,0.60702947845805
SIDER,fedavg_proto,0.5,0,40,200,16,16,0.1,test,client_0,22,14,129,143,True,0.6467331118493909
SIDER,fedavg_proto,0.5,0,40,200,16,16,0.1,test,client_0,23,60,83,143,True,0.572289156626506
SIDER,fedavg_proto,0.5,0,40,200,16,16,0.1,test,client_0,24,98,45,143,True,0.5163265306122449
SIDER,fedavg_proto,0.5,0,40,200,16,16,0.1,test,client_0,25,132,11,143,True,0.6108815426997245
SIDER,fedavg_proto,0.5,0,40,200,16,16,0.1,test,client_0,26,101,42,143,True,0.6678453559641679
SIDER,fedavg_proto,0.5,0,40,200,16,16,0.1,test,client_1,0,72,71,143,True,0.6521909233176839
SIDER,fedavg_proto,0.5,0,40,200,16,16,0.1,test,client_1,1,105,38,143,True,0.6165413533834586
SIDER,fedavg_proto,0.5,0,40,200,16,16,0.1,test,client_1,2,5,138,143,True,0.5565217391304348
SIDER,fedavg_proto,0.5,0,40,200,16,16,0.1,test,client_1,3,90,53,143,True,0.5352201257861635
SIDER,fedavg_proto,0.5,0,40,200,16,16,0.1,test,client_1,4,118,25,143,True,0.5166101694915255
SIDER,fedavg_proto,0.5,0,40,200,16,16,0.1,test,client_1,5,104,39,143,True,0.5653353057199211
SIDER,fedavg_proto,0.5,0,40,200,16,16,0.1,test,client_1,6,134,9,143,True,0.6053067993366501
SIDER,fedavg_proto,0.5,0,40,200,16,16,0.1,test,client_1,7,24,119,143,True,0.6985294117647058
SIDER,fedavg_proto,0.5,0,40,200,16,16,0.1,test,client_1,8,91,52,143,True,0.5948858833474218
SIDER,fedavg_proto,0.5,0,40,200,16,16,0.1,test,client_1,9,74,69,143,True,0.671954563258911
SIDER,fedavg_proto,0.5,0,40,200,16,16,0.1,test,client_1,10,39,104,143,True,0.6385601577909269
SIDER,fedavg_proto,0.5,0,40,200,16,16,0.1,test,client_1,11,130,13,143,True,0.48402366863905333
SIDER,fedavg_proto,0.5,0,40,200,16,16,0.1,test,client_1,12,33,110,143,True,0.684573002754821
SIDER,fedavg_proto,0.5,0,40,200,16,16,0.1,test,client_1,13,20,123,143,True,0.6857723577235773
SIDER,fedavg_proto,0.5,0,40,200,16,16,0.1,test,client_1,14,113,30,143,True,0.4820058997050148
SIDER,fedavg_proto,0.5,0,40,200,16,16,0.1,test,client_1,15,83,60,143,True,0.581726907630522
SIDER,fedavg_proto,0.5,0,40,200,16,16,0.1,test,client_1,16,131,12,143,True,0.5031806615776082
SIDER,fedavg_proto,0.5,0,40,200,16,16,0.1,test,client_1,17,30,113,143,True,0.663126843657817
SIDER,fedavg_proto,0.5,0,40,200,16,16,0.1,test,client_1,18,109,34,143,True,0.562061521856449
SIDER,fedavg_proto,0.5,0,40,200,16,16,0.1,test,client_1,19,104,39,143,True,0.5298323471400395
SIDER,fedavg_proto,0.5,0,40,200,16,16,0.1,test,client_1,20,102,41,143,True,0.5416068866571019
SIDER,fedavg_proto,0.5,0,40,200,16,16,0.1,test,client_1,21,98,45,143,True,0.5351473922902494
SIDER,fedavg_proto,0.5,0,40,200,16,16,0.1,test,client_1,22,14,129,143,True,0.7519379844961241
SIDER,fedavg_proto,0.5,0,40,200,16,16,0.1,test,client_1,23,60,83,143,True,0.5098393574297189
SIDER,fedavg_proto,0.5,0,40,200,16,16,0.1,test,client_1,24,98,45,143,True,0.5117913832199547
SIDER,fedavg_proto,0.5,0,40,200,16,16,0.1,test,client_1,25,132,11,143,True,0.640495867768595
SIDER,fedavg_proto,0.5,0,40,200,16,16,0.1,test,client_1,26,101,42,143,True,0.6126826968411127
SIDER,fedavg_proto,0.5,0,40,200,16,16,0.1,test,client_2,0,72,71,143,True,0.5594679186228482
SIDER,fedavg_proto,0.5,0,40,200,16,16,0.1,test,client_2,1,105,38,143,True,0.5513784461152883
SIDER,fedavg_proto,0.5,0,40,200,16,16,0.1,test,client_2,2,5,138,143,True,0.6159420289855073
SIDER,fedavg_proto,0.5,0,40,200,16,16,0.1,test,client_2,3,90,53,143,True,0.46373165618448636
SIDER,fedavg_proto,0.5,0,40,200,16,16,0.1,test,client_2,4,118,25,143,True,0.531186440677966
SIDER,fedavg_proto,0.5,0,40,200,16,16,0.1,test,client_2,5,104,39,143,True,0.5502958579881656
SIDER,fedavg_proto,0.5,0,40,200,16,16,0.1,test,client_2,6,134,9,143,True,0.5762852404643449
SIDER,fedavg_proto,0.5,0,40,200,16,16,0.1,test,client_2,7,24,119,143,True,0.5612745098039216
SIDER,fedavg_proto,0.5,0,40,200,16,16,0.1,test,client_2,8,91,52,143,True,0.5128909551986475
SIDER,fedavg_proto,0.5,0,40,200,16,16,0.1,test,client_2,9,74,69,143,True,0.5589502546024285
SIDER,fedavg_proto,0.5,0,40,200,16,16,0.1,test,client_2,10,39,104,143,True,0.6094674556213018
SIDER,fedavg_proto,0.5,0,40,200,16,16,0.1,test,client_2,11,130,13,143,True,0.40887573964497037
SIDER,fedavg_proto,0.5,0,40,200,16,16,0.1,test,client_2,12,33,110,143,True,0.6209366391184573
SIDER,fedavg_proto,0.5,0,40,200,16,16,0.1,test,client_2,13,20,123,143,True,0.5873983739837398
SIDER,fedavg_proto,0.5,0,40,200,16,16,0.1,test,client_2,14,113,30,143,True,0.49734513274336284
SIDER,fedavg_proto,0.5,0,40,200,16,16,0.1,test,client_2,15,83,60,143,True,0.6301204819277109
SIDER,fedavg_proto,0.5,0,40,200,16,16,0.1,test,client_2,16,131,12,143,True,0.6520356234096693
SIDER,fedavg_proto,0.5,0,40,200,16,16,0.1,test,client_2,17,30,113,143,True,0.6174041297935102
SIDER,fedavg_proto,0.5,0,40,200,16,16,0.1,test,client_2,18,109,34,143,True,0.5010793308148948
SIDER,fedavg_proto,0.5,0,40,200,16,16,0.1,test,client_2,19,104,39,143,True,0.4536489151873767
SIDER,fedavg_proto,0.5,0,40,200,16,16,0.1,test,client_2,20,102,41,143,True,0.45934959349593496
SIDER,fedavg_proto,0.5,0,40,200,16,16,0.1,test,client_2,21,98,45,143,True,0.6040816326530611
SIDER,fedavg_proto,0.5,0,40,200,16,16,0.1,test,client_2,22,14,129,143,True,0.6057585825027685
SIDER,fedavg_proto,0.5,0,40,200,16,16,0.1,test,client_2,23,60,83,143,True,0.47650602409638554
SIDER,fedavg_proto,0.5,0,40,200,16,16,0.1,test,client_2,24,98,45,143,True,0.4591836734693877
SIDER,fedavg_proto,0.5,0,40,200,16,16,0.1,test,client_2,25,132,11,143,True,0.6315426997245179
SIDER,fedavg_proto,0.5,0,40,200,16,16,0.1,test,client_2,26,101,42,143,True,0.578972182932579
SIDER,fedavg_proto,0.5,0,40,200,16,16,0.1,test,client_3,0,72,71,143,True,0.6113067292644757
SIDER,fedavg_proto,0.5,0,40,200,16,16,0.1,test,client_3,1,105,38,143,True,0.6473684210526316
SIDER,fedavg_proto,0.5,0,40,200,16,16,0.1,test,client_3,2,5,138,143,True,0.6724637681159421
SIDER,fedavg_proto,0.5,0,40,200,16,16,0.1,test,client_3,3,90,53,143,True,0.5400419287211741
SIDER,fedavg_proto,0.5,0,40,200,16,16,0.1,test,client_3,4,118,25,143,True,0.6633898305084747
SIDER,fedavg_proto,0.5,0,40,200,16,16,0.1,test,client_3,5,104,39,143,True,0.5515285996055227
SIDER,fedavg_proto,0.5,0,40,200,16,16,0.1,test,client_3,6,134,9,143,True,0.6791044776119404
SIDER,fedavg_proto,0.5,0,40,200,16,16,0.1,test,client_3,7,24,119,143,True,0.5287114845938374
SIDER,fedavg_proto,0.5,0,40,200,16,16,0.1,test,client_3,8,91,52,143,True,0.5232459847844463
SIDER,fedavg_proto,0.5,0,40,200,16,16,0.1,test,client_3,9,74,69,143,True,0.6633372502937721
SIDER,fedavg_proto,0.5,0,40,200,16,16,0.1,test,client_3,10,39,104,143,True,0.5697731755424064
SIDER,fedavg_proto,0.5,0,40,200,16,16,0.1,test,client_3,11,130,13,143,True,0.662130177514793
SIDER,fedavg_proto,0.5,0,40,200,16,16,0.1,test,client_3,12,33,110,143,True,0.5652892561983471
SIDER,fedavg_proto,0.5,0,40,200,16,16,0.1,test,client_3,13,20,123,143,True,0.5532520325203252
SIDER,fedavg_proto,0.5,0,40,200,16,16,0.1,test,client_3,14,113,30,143,True,0.6123893805309735
SIDER,fedavg_proto,0.5,0,40,200,16,16,0.1,test,client_3,15,83,60,143,True,0.6327309236947791
SIDER,fedavg_proto,0.5,0,40,200,16,16,0.1,test,client_3,16,131,12,143,True,0.7779898218829516
SIDER,fedavg_proto,0.5,0,40,200,16,16,0.1,test,client_3,17,30,113,143,True,0.5890855457227139
SIDER,fedavg_proto,0.5,0,40,200,16,16,0.1,test,client_3,18,109,34,143,True,0.5731246627091203
SIDER,fedavg_proto,0.5,0,40,200,16,16,0.1,test,client_3,19,104,39,143,True,0.5399408284023668
SIDER,fedavg_proto,0.5,0,40,200,16,16,0.1,test,client_3,20,102,41,143,True,0.5176948828311813
SIDER,fedavg_proto,0.5,0,40,200,16,16,0.1,test,client_3,21,98,45,143,True,0.627437641723356
SIDER,fedavg_proto,0.5,0,40,200,16,16,0.1,test,client_3,22,14,129,143,True,0.5548172757475083
SIDER,fedavg_proto,0.5,0,40,200,16,16,0.1,test,client_3,23,60,83,143,True,0.5146586345381525
SIDER,fedavg_proto,0.5,0,40,200,16,16,0.1,test,client_3,24,98,45,143,True,0.5580498866213152
SIDER,fedavg_proto,0.5,0,40,200,16,16,0.1,test,client_3,25,132,11,143,True,0.6515151515151515
SIDER,fedavg_proto,0.5,0,40,200,16,16,0.1,test,client_3,26,101,42,143,True,0.5926449787835927
SIDER,fedavg_proto,0.5,0,41,200,16,16,0.1,val,server,0,76,67,143,True,0.5866064414768264
SIDER,fedavg_proto,0.5,0,41,200,16,16,0.1,val,server,1,99,44,143,True,0.6294765840220385
SIDER,fedavg_proto,0.5,0,41,200,16,16,0.1,val,server,2,2,141,143,True,0.5886524822695036
SIDER,fedavg_proto,0.5,0,41,200,16,16,0.1,val,server,3,85,58,143,True,0.6446247464503043
SIDER,fedavg_proto,0.5,0,41,200,16,16,0.1,val,server,4,117,26,143,True,0.6923076923076923
SIDER,fedavg_proto,0.5,0,41,200,16,16,0.1,val,server,5,99,44,143,True,0.6308539944903582
SIDER,fedavg_proto,0.5,0,41,200,16,16,0.1,val,server,6,131,12,143,True,0.7506361323155217
SIDER,fedavg_proto,0.5,0,41,200,16,16,0.1,val,server,7,20,123,143,True,0.624390243902439
SIDER,fedavg_proto,0.5,0,41,200,16,16,0.1,val,server,8,97,46,143,True,0.6510533393097266
SIDER,fedavg_proto,0.5,0,41,200,16,16,0.1,val,server,9,71,72,143,True,0.6240219092331769
SIDER,fedavg_proto,0.5,0,41,200,16,16,0.1,val,server,10,35,108,143,True,0.6259259259259259
SIDER,fedavg_proto,0.5,0,41,200,16,16,0.1,val,server,11,130,13,143,True,0.6485207100591716
SIDER,fedavg_proto,0.5,0,41,200,16,16,0.1,val,server,12,37,106,143,True,0.7034676185619582
SIDER,fedavg_proto,0.5,0,41,200,16,16,0.1,val,server,13,20,123,143,True,0.6028455284552846
SIDER,fedavg_proto,0.5,0,41,200,16,16,0.1,val,server,14,107,36,143,True,0.5355659397715472
SIDER,fedavg_proto,0.5,0,41,200,16,16,0.1,val,server,15,94,49,143,True,0.6604429005644812
SIDER,fedavg_proto,0.5,0,41,200,16,16,0.1,val,server,16,129,14,143,True,0.6655592469545958
SIDER,fedavg_proto,0.5,0,41,200,16,16,0.1,val,server,17,20,123,143,True,0.506910569105691
SIDER,fedavg_proto,0.5,0,41,200,16,16,0.1,val,server,18,104,39,143,True,0.5623767258382643
SIDER,fedavg_proto,0.5,0,41,200,16,16,0.1,val,server,19,103,40,143,True,0.6259708737864077
SIDER,fedavg_proto,0.5,0,41,200,16,16,0.1,val,server,20,102,41,143,True,0.5282161645145864
SIDER,fedavg_proto,0.5,0,41,200,16,16,0.1,val,server,21,98,45,143,True,0.692063492063492
SIDER,fedavg_proto,0.5,0,41,200,16,16,0.1,val,server,22,10,133,143,True,0.6330827067669174
SIDER,fedavg_proto,0.5,0,41,200,16,16,0.1,val,server,23,64,79,143,True,0.5988924050632911
SIDER,fedavg_proto,0.5,0,41,200,16,16,0.1,val,server,24,104,39,143,True,0.5742110453648915
SIDER,fedavg_proto,0.5,0,41,200,16,16,0.1,val,server,25,134,9,143,True,0.6932006633499171
SIDER,fedavg_proto,0.5,0,41,200,16,16,0.1,val,server,26,95,48,143,True,0.581578947368421
SIDER,fedavg_proto,0.5,0,41,200,16,16,0.1,val,client_0,0,76,67,143,True,0.6300078554595444
SIDER,fedavg_proto,0.5,0,41,200,16,16,0.1,val,client_0,1,99,44,143,True,0.6193755739210285
SIDER,fedavg_proto,0.5,0,41,200,16,16,0.1,val,client_0,2,2,141,143,True,0.6524822695035462
SIDER,fedavg_proto,0.5,0,41,200,16,16,0.1,val,client_0,3,85,58,143,True,0.6253549695740366
SIDER,fedavg_proto,0.5,0,41,200,16,16,0.1,val,client_0,4,117,26,143,True,0.6781722550953321
SIDER,fedavg_proto,0.5,0,41,200,16,16,0.1,val,client_0,5,99,44,143,True,0.6806703397612488
SIDER,fedavg_proto,0.5,0,41,200,16,16,0.1,val,client_0,6,131,12,143,True,0.6844783715012723
SIDER,fedavg_proto,0.5,0,41,200,16,16,0.1,val,client_0,7,20,123,143,True,0.6455284552845528
SIDER,fedavg_proto,0.5,0,41,200,16,16,0.1,val,client_0,8,97,46,143,True,0.6131779471089198
SIDER,fedavg_proto,0.5,0,41,200,16,16,0.1,val,client_0,9,71,72,143,True,0.5453834115805947
SIDER,fedavg_proto,0.5,0,41,200,16,16,0.1,val,client_0,10,35,108,143,True,0.6904761904761905
SIDER,fedavg_proto,0.5,0,41,200,16,16,0.1,val,client_0,11,130,13,143,True,0.7071005917159764
SIDER,fedavg_proto,0.5,0,41,200,16,16,0.1,val,client_0,12,37,106,143,True,0.6759306476287609
SIDER,fedavg_proto,0.5,0,41,200,16,16,0.1,val,client_0,13,20,123,143,True,0.6455284552845528
SIDER,fedavg_proto,0.5,0,41,200,16,16,0.1,val,client_0,14,107,36,143,True,0.5303738317757009
SIDER,fedavg_proto,0.5,0,41,200,16,16,0.1,val,client_0,15,94,49,143,True,0.6528441163699523
SIDER,fedavg_proto,0.5,0,41,200,16,16,0.1,val,client_0,16,129,14,143,True,0.6993355481727574
SIDER,fedavg_proto,0.5,0,41,200,16,16,0.1,val,client_0,17,20,123,143,True,0.578048780487805
SIDER,fedavg_proto,0.5,0,41,200,16,16,0.1,val,client_0,18,104,39,143,True,0.5569526627218935
SIDER,fedavg_proto,0.5,0,41,200,16,16,0.1,val,client_0,19,103,40,143,True,0.6094660194174757
SIDER,fedavg_proto,0.5,0,41,200,16,16,0.1,val,client_0,20,102,41,143,True,0.6348637015781923
SIDER,fedavg_proto,0.5,0,41,200,16,16,0.1,val,client_0,21,98,45,143,True,0.6653061224489796
SIDER,fedavg_proto,0.5,0,41,200,16,16,0.1,val,client_0,22,10,133,143,True,0.6526315789473685
SIDER,fedavg_proto,0.5,0,41,200,16,16,0.1,val,client_0,23,64,79,143,True,0.5986946202531646
SIDER,fedavg_proto,0.5,0,41,200,16,16,0.1,val,client_0,24,104,39,143,True,0.5631163708086786
SIDER,fedavg_proto,0.5,0,41,200,16,16,0.1,val,client_0,25,134,9,143,True,0.6898839137645107
SIDER,fedavg_proto,0.5,0,41,200,16,16,0.1,val,client_0,26,95,48,143,True,0.6557017543859649
SIDER,fedavg_proto,0.5,0,41,200,16,16,0.1,val,client_1,0,76,67,143,True,0.5642183817753339
SIDER,fedavg_proto,0.5,0,41,200,16,16,0.1,val,client_1,1,99,44,143,True,0.5929752066115702
SIDER,fedavg_proto,0.5,0,41,200,16,16,0.1,val,client_1,2,2,141,143,True,0.6205673758865249
SIDER,fedavg_proto,0.5,0,41,200,16,16,0.1,val,client_1,3,85,58,143,True,0.6470588235294117
SIDER,fedavg_proto,0.5,0,41,200,16,16,0.1,val,client_1,4,117,26,143,True,0.6124260355029586
SIDER,fedavg_proto,0.5,0,41,200,16,16,0.1,val,client_1,5,99,44,143,True,0.5202020202020202
SIDER,fedavg_proto,0.5,0,41,200,16,16,0.1,val,client_1,6,131,12,143,True,0.7334605597964376
SIDER,fedavg_proto,0.5,0,41,200,16,16,0.1,val,client_1,7,20,123,143,True,0.5191056910569105
SIDER,fedavg_proto,0.5,0,41,200,16,16,0.1,val,client_1,8,97,46,143,True,0.5862841774988794
SIDER,fedavg_proto,0.5,0,41,200,16,16,0.1,val,client_1,9,71,72,143,True,0.61697965571205
SIDER,fedavg_proto,0.5,0,41,200,16,16,0.1,val,client_1,10,35,108,143,True,0.5335978835978835
SIDER,fedavg_proto,0.5,0,41,200,16,16,0.1,val,client_1,11,130,13,143,True,0.5360946745562131
SIDER,fedavg_proto,0.5,0,41,200,16,16,0.1,val,client_1,12,37,106,143,True,0.6147373788883224
SIDER,fedavg_proto,0.5,0,41,200,16,16,0.1,val,client_1,13,20,123,143,True,0.5902439024390244
SIDER,fedavg_proto,0.5,0,41,200,16,16,0.1,val,client_1,14,107,36,143,True,0.5547767393561787
SIDER,fedavg_proto,0.5,0,41,200,16,16,0.1,val,client_1,15,94,49,143,True,0.6333043855840208
SIDER,fedavg_proto,0.5,0,41,200,16,16,0.1,val,client_1,16,129,14,143,True,0.624031007751938
SIDER,fedavg_proto,0.5,0,41,200,16,16,0.1,val,client_1,17,20,123,143,True,0.5154471544715447
SIDER,fedavg_proto,0.5,0,41,200,16,16,0.1,val,client_1,18,104,39,143,True,0.48989151873767256
SIDER,fedavg_proto,0.5,0,41,200,16,16,0.1,val,client_1,19,103,40,143,True,0.5995145631067962
SIDER,fedavg_proto,0.5,0,41,200,16,16,0.1,val,client_1,20,102,41,143,True,0.5437589670014347
SIDER,fedavg_proto,0.5,0,41,200,16,16,0.1,val,client_1,21,98,45,143,True,0.6487528344671202
SIDER,fedavg_proto,0.5,0,41,200,16,16,0.1,val,client_1,22,10,133,143,True,0.5812030075187969
SIDER,fedavg_proto,0.5,0,41,200,16,16,0.1,val,client_1,23,64,79,143,True,0.5670490506329114
SIDER,fedavg_proto,0.5,0,41,200,16,16,0.1,val,client_1,24,104,39,143,True,0.6203155818540435
SIDER,fedavg_proto,0.5,0,41,200,16,16,0.1,val,client_1,25,134,9,143,True,0.7628524046434495
SIDER,fedavg_proto,0.5,0,41,200,16,16,0.1,val,client_1,26,95,48,143,True,0.5353070175438597
SIDER,fedavg_proto,0.5,0,41,200,16,16,0.1,val,client_2,0,76,67,143,True,0.5473291437549097
SIDER,fedavg_proto,0.5,0,41,200,16,16,0.1,val,client_2,1,99,44,143,True,0.5750688705234159
SIDER,fedavg_proto,0.5,0,41,200,16,16,0.1,val,client_2,2,2,141,143,True,0.8546099290780141
SIDER,fedavg_proto,0.5,0,41,200,16,16,0.1,val,client_2,3,85,58,143,True,0.601419878296146
SIDER,fedavg_proto,0.5,0,41,200,16,16,0.1,val,client_2,4,117,26,143,True,0.6209730440499672
SIDER,fedavg_proto,0.5,0,41,200,16,16,0.1,val,client_2,5,99,44,143,True,0.5670339761248852
SIDER,fedavg_proto,0.5,0,41,200,16,16,0.1,val,client_2,6,131,12,143,True,0.7729007633587787
SIDER,fedavg_proto,0.5,0,41,200,16,16,0.1,val,client_2,7,20,123,143,True,0.5963414634146341
SIDER,fedavg_proto,0.5,0,41,200,16,16,0.1,val,client_2,8,97,46,143,True,0.6250560286866876
SIDER,fedavg_proto,0.5,0,41,200,16,16,0.1,val,client_2,9,71,72,143,True,0.5925273865414711
SIDER,fedavg_proto,0.5,0,41,200,16,16,0.1,val,client_2,10,35,108,143,True,0.6005291005291006
SIDER,fedavg_proto,0.5,0,41,200,16,16,0.1,val,client_2,11,130,13,143,True,0.4366863905325444
SIDER,fedavg_proto,0.5,0,41,200,16,16,0.1,val,client_2,12,37,106,143,True,0.636409994900561
SIDER,fedavg_proto,0.5,0,41,200,16,16,0.1,val,client_2,13,20,123,143,True,0.590650406504065
SIDER,fedavg_proto,0.5,0,41,200,16,16,0.1,val,client_2,14,107,36,143,True,0.5127206645898235
SIDER,fedavg_proto,0.5,0,41,200,16,16,0.1,val,client_2,15,94,49,143,True,0.6715154146765089
SIDER,fedavg_proto,0.5,0,41,200,16,16,0.1,val,client_2,16,129,14,143,True,0.5791805094130675
SIDER,fedavg_proto,0.5,0,41,200,16,16,0.1,val,client_2,17,20,123,143,True,0.47479674796747967
SIDER,fedavg_proto,0.5,0,41,200,16,16,0.1,val,client_2,18,104,39,143,True,0.5416666666666666
SIDER,fedavg_proto,0.5,0,41,200,16,16,0.1,val,client_2,19,103,40,143,True,0.5475728155339805
SIDER,fedavg_proto,0.5,0,41,200,16,16,0.1,val,client_2,20,102,41,143,True,0.5054997608799617
SIDER,fedavg_proto,0.5,0,41,200,16,16,0.1,val,client_2,21,98,45,143,True,0.6394557823129252
SIDER,fedavg_proto,0.5,0,41,200,16,16,0.1,val,client_2,22,10,133,143,True,0.5954887218045113
SIDER,fedavg_proto,0.5,0,41,200,16,16,0.1,val,client_2,23,64,79,143,True,0.5632911392405063
SIDER,fedavg_proto,0.5,0,41,200,16,16,0.1,val,client_2,24,104,39,143,True,0.5608974358974359
SIDER,fedavg_proto,0.5,0,41,200,16,16,0.1,val,client_2,25,134,9,143,True,0.6592039800995024
SIDER,fedavg_proto,0.5,0,41,200,16,16,0.1,val,client_2,26,95,48,143,True,0.581578947368421
SIDER,fedavg_proto,0.5,0,41,200,16,16,0.1,val,client_3,0,76,67,143,True,0.6343283582089552
SIDER,fedavg_proto,0.5,0,41,200,16,16,0.1,val,client_3,1,99,44,143,True,0.6407254361799817
SIDER,fedavg_proto,0.5,0,41,200,16,16,0.1,val,client_3,2,2,141,143,True,0.6028368794326242
SIDER,fedavg_proto,0.5,0,41,200,16,16,0.1,val,client_3,3,85,58,143,True,0.5634888438133874
SIDER,fedavg_proto,0.5,0,41,200,16,16,0.1,val,client_3,4,117,26,143,True,0.7432610124917818
SIDER,fedavg_proto,0.5,0,41,200,16,16,0.1,val,client_3,5,99,44,143,True,0.6724058769513315
SIDER,fedavg_proto,0.5,0,41,200,16,16,0.1,val,client_3,6,131,12,143,True,0.7639949109414759
SIDER,fedavg_proto,0.5,0,41,200,16,16,0.1,val,client_3,7,20,123,143,True,0.5955284552845528
SIDER,fedavg_proto,0.5,0,41,200,16,16,0.1,val,client_3,8,97,46,143,True,0.6057821604661587
SIDER,fedavg_proto,0.5,0,41,200,16,16,0.1,val,client_3,9,71,72,143,True,0.6120892018779343
SIDER,fedavg_proto,0.5,0,41,200,16,16,0.1,val,client_3,10,35,108,143,True,0.6230158730158731
SIDER,fedavg_proto,0.5,0,41,200,16,16,0.1,val,client_3,11,130,13,143,True,0.6863905325443788
SIDER,fedavg_proto,0.5,0,41,200,16,16,0.1,val,client_3,12,37,106,143,True,0.7039775624681285
SIDER,fedavg_proto,0.5,0,41,200,16,16,0.1,val,client_3,13,20,123,143,True,0.5882113821138211
SIDER,fedavg_proto,0.5,0,41,200,16,16,0.1,val,client_3,14,107,36,143,True,0.5620456905503635
SIDER,fedavg_proto,0.5,0,41,200,16,16,0.1,val,client_3,15,94,49,143,True,0.6613113330438559
SIDER,fedavg_proto,0.5,0,41,200,16,16,0.1,val,client_3,16,129,14,143,True,0.6533776301218162
SIDER,fedavg_proto,0.5,0,41,200,16,16,0.1,val,client_3,17,20,123,143,True,0.5378048780487805
SIDER,fedavg_proto,0.5,0,41,200,16,16,0.1,val,client_3,18,104,39,143,True,0.6126725838264301
SIDER,fedavg_proto,0.5,0,41,200,16,16,0.1,val,client_3,19,103,40,143,True,0.6359223300970874
SIDER,fedavg_proto,0.5,0,41,200,16,16,0.1,val,client_3,20,102,41,143,True,0.5119560019129602
SIDER,fedavg_proto,0.5,0,41,200,16,16,0.1,val,client_3,21,98,45,143,True,0.600453514739229
SIDER,fedavg_proto,0.5,0,41,200,16,16,0.1,val,client_3,22,10,133,143,True,0.5902255639097744
SIDER,fedavg_proto,0.5,0,41,200,16,16,0.1,val,client_3,23,64,79,143,True,0.5569620253164558
SIDER,fedavg_proto,0.5,0,41,200,16,16,0.1,val,client_3,24,104,39,143,True,0.5273668639053255
SIDER,fedavg_proto,0.5,0,41,200,16,16,0.1,val,client_3,25,134,9,143,True,0.6194029850746269
SIDER,fedavg_proto,0.5,0,41,200,16,16,0.1,val,client_3,26,95,48,143,True,0.550219298245614
SIDER,fedavg_proto,0.5,0,41,200,16,16,0.1,test,server,0,72,71,143,True,0.6627543035993742
SIDER,fedavg_proto,0.5,0,41,200,16,16,0.1,test,server,1,105,38,143,True,0.6556390977443609
SIDER,fedavg_proto,0.5,0,41,200,16,16,0.1,test,server,2,5,138,143,True,0.43478260869565216
SIDER,fedavg_proto,0.5,0,41,200,16,16,0.1,test,server,3,90,53,143,True,0.5037735849056604
SIDER,fedavg_proto,0.5,0,41,200,16,16,0.1,test,server,4,118,25,143,True,0.5830508474576271
SIDER,fedavg_proto,0.5,0,41,200,16,16,0.1,test,server,5,104,39,143,True,0.5552268244575937
SIDER,fedavg_proto,0.5,0,41,200,16,16,0.1,test,server,6,134,9,143,True,0.6028192371475953
SIDER,fedavg_proto,0.5,0,41,200,16,16,0.1,test,server,7,24,119,143,True,0.5829831932773109
SIDER,fedavg_proto,0.5,0,41,200,16,16,0.1,test,server,8,91,52,143,True,0.5194420963651734
SIDER,fedavg_proto,0.5,0,41,200,16,16,0.1,test,server,9,74,69,143,True,0.6316098707403055
SIDER,fedavg_proto,0.5,0,41,200,16,16,0.1,test,server,10,39,104,143,True,0.6097140039447732
SIDER,fedavg_proto,0.5,0,41,200,16,16,0.1,test,server,11,130,13,143,True,0.5396449704142012
SIDER,fedavg_proto,0.5,0,41,200,16,16,0.1,test,server,12,33,110,143,True,0.6151515151515151
SIDER,fedavg_proto,0.5,0,41,200,16,16,0.1,test,server,13,20,123,143,True,0.6040650406504066
SIDER,fedavg_proto,0.5,0,41,200,16,16,0.1,test,server,14,113,30,143,True,0.4985250737463127
SIDER,fedavg_proto,0.5,0,41,200,16,16,0.1,test,server,15,83,60,143,True,0.6343373493975903
SIDER,fedavg_proto,0.5,0,41,200,16,16,0.1,test,server,16,131,12,143,True,0.6692111959287532
SIDER,fedavg_proto,0.5,0,41,200,16,16,0.1,test,server,17,30,113,143,True,0.6601769911504425
SIDER,fedavg_proto,0.5,0,41,200,16,16,0.1,test,server,18,109,34,143,True,0.5418240690771721
SIDER,fedavg_proto,0.5,0,41,200,16,16,0.1,test,server,19,104,39,143,True,0.4997534516765286
SIDER,fedavg_proto,0.5,0,41,200,16,16,0.1,test,server,20,102,41,143,True,0.48756575801052127
SIDER,fedavg_proto,0.5,0,41,200,16,16,0.1,test,server,21,98,45,143,True,0.5961451247165532
SIDER,fedavg_proto,0.5,0,41,200,16,16,0.1,test,server,22,14,129,143,True,0.6495016611295681
SIDER,fedavg_proto,0.5,0,41,200,16,16,0.1,test,server,23,60,83,143,True,0.4899598393574297
SIDER,fedavg_proto,0.5,0,41,200,16,16,0.1,test,server,24,98,45,143,True,0.49478458049886614
SIDER,fedavg_proto,0.5,0,41,200,16,16,0.1,test,server,25,132,11,143,True,0.6487603305785125
SIDER,fedavg_proto,0.5,0,41,200,16,16,0.1,test,server,26,101,42,143,True,0.6103253182461104
SIDER,fedavg_proto,0.5,0,41,200,16,16,0.1,test,client_0,0,72,71,143,True,0.6535602503912364
SIDER,fedavg_proto,0.5,0,41,200,16,16,0.1,test,client_0,1,105,38,143,True,0.5854636591478697
SIDER,fedavg_proto,0.5,0,41,200,16,16,0.1,test,client_0,2,5,138,143,True,0.7130434782608696
SIDER,fedavg_proto,0.5,0,41,200,16,16,0.1,test,client_0,3,90,53,143,True,0.5345911949685535
SIDER,fedavg_proto,0.5,0,41,200,16,16,0.1,test,client_0,4,118,25,143,True,0.6572881355932204
SIDER,fedavg_proto,0.5,0,41,200,16,16,0.1,test,client_0,5,104,39,143,True,0.6222879684418147
SIDER,fedavg_proto,0.5,0,41,200,16,16,0.1,test,client_0,6,134,9,143,True,0.5364842454394694
SIDER,fedavg_proto,0.5,0,41,200,16,16,0.1,test,client_0,7,24,119,143,True,0.5661764705882353
SIDER,fedavg_proto,0.5,0,41,200,16,16,0.1,test,client_0,8,91,52,143,True,0.5325443786982249
SIDER,fedavg_proto,0.5,0,41,200,16,16,0.1,test,client_0,9,74,69,143,True,0.6049745397571485
SIDER,fedavg_proto,0.5,0,41,200,16,16,0.1,test,client_0,10,39,104,143,True,0.6264792899408285
SIDER,fedavg_proto,0.5,0,41,200,16,16,0.1,test,client_0,11,130,13,143,True,0.6520710059171597
SIDER,fedavg_proto,0.5,0,41,200,16,16,0.1,test,client_0,12,33,110,143,True,0.5683195592286502
SIDER,fedavg_proto,0.5,0,41,200,16,16,0.1,test,client_0,13,20,123,143,True,0.5857723577235772
SIDER,fedavg_proto,0.5,0,41,200,16,16,0.1,test,client_0,14,113,30,143,True,0.5855457227138644
SIDER,fedavg_proto,0.5,0,41,200,16,16,0.1,test,client_0,15,83,60,143,True,0.680722891566265
SIDER,fedavg_proto,0.5,0,41,200,16,16,0.1,test,client_0,16,131,12,143,True,0.7137404580152672
SIDER,fedavg_proto,0.5,0,41,200,16,16,0.1,test,client_0,17,30,113,143,True,0.5699115044247787
SIDER,fedavg_proto,0.5,0,41,200,16,16,0.1,test,client_0,18,109,34,143,True,0.4946033459255262
SIDER,fedavg_proto,0.5,0,41,200,16,16,0.1,test,client_0,19,104,39,143,True,0.5241617357001972
SIDER,fedavg_proto,0.5,0,41,200,16,16,0.1,test,client_0,20,102,41,143,True,0.5222381635581063
SIDER,fedavg_proto,0.5,0,41,200,16,16,0.1,test,client_0,21,98,45,143,True,0.6031746031746031
SIDER,fedavg_proto,0.5,0,41,200,16,16,0.1,test,client_0,22,14,129,143,True,0.6046511627906976
SIDER,fedavg_proto,0.5,0,41,200,16,16,0.1,test,client_0,23,60,83,143,True,0.5630522088353414
SIDER,fedavg_proto,0.5,0,41,200,16,16,0.1,test,client_0,24,98,45,143,True,0.5117913832199547
SIDER,fedavg_proto,0.5,0,41,200,16,16,0.1,test,client_0,25,132,11,143,True,0.6136363636363636
SIDER,fedavg_proto,0.5,0,41,200,16,16,0.1,test,client_0,26,101,42,143,True,0.6421499292786421
SIDER,fedavg_proto,0.5,0,41,200,16,16,0.1,test,client_1,0,72,71,143,True,0.6400625978090767
SIDER,fedavg_proto,0.5,0,41,200,16,16,0.1,test,client_1,1,105,38,143,True,0.6117794486215539
SIDER,fedavg_proto,0.5,0,41,200,16,16,0.1,test,client_1,2,5,138,143,True,0.5304347826086957
SIDER,fedavg_proto,0.5,0,41,200,16,16,0.1,test,client_1,3,90,53,143,True,0.520335429769392
SIDER,fedavg_proto,0.5,0,41,200,16,16,0.1,test,client_1,4,118,25,143,True,0.5010169491525424
SIDER,fedavg_proto,0.5,0,41,200,16,16,0.1,test,client_1,5,104,39,143,True,0.5512820512820513
SIDER,fedavg_proto,0.5,0,41,200,16,16,0.1,test,client_1,6,134,9,143,True,0.5779436152570481
SIDER,fedavg_proto,0.5,0,41,200,16,16,0.1,test,client_1,7,24,119,143,True,0.6859243697478992
SIDER,fedavg_proto,0.5,0,41,200,16,16,0.1,test,client_1,8,91,52,143,True,0.5762890955198647
SIDER,fedavg_proto,0.5,0,41,200,16,16,0.1,test,client_1,9,74,69,143,True,0.6678417547982767
SIDER,fedavg_proto,0.5,0,41,200,16,16,0.1,test,client_1,10,39,104,143,True,0.6139053254437871
SIDER,fedavg_proto,0.5,0,41,200,16,16,0.1,test,client_1,11,130,13,143,True,0.48047337278106506
SIDER,fedavg_proto,0.5,0,41,200,16,16,0.1,test,client_1,12,33,110,143,True,0.6851239669421487
SIDER,fedavg_proto,0.5,0,41,200,16,16,0.1,test,client_1,13,20,123,143,True,0.6922764227642277
SIDER,fedavg_proto,0.5,0,41,200,16,16,0.1,test,client_1,14,113,30,143,True,0.48200589970501473
SIDER,fedavg_proto,0.5,0,41,200,16,16,0.1,test,client_1,15,83,60,143,True,0.5833333333333333
SIDER,fedavg_proto,0.5,0,41,200,16,16,0.1,test,client_1,16,131,12,143,True,0.5031806615776081
SIDER,fedavg_proto,0.5,0,41,200,16,16,0.1,test,client_1,17,30,113,143,True,0.6681415929203539
SIDER,fedavg_proto,0.5,0,41,200,16,16,0.1,test,client_1,18,109,34,143,True,0.5518078791149487
SIDER,fedavg_proto,0.5,0,41,200,16,16,0.1,test,client_1,19,104,39,143,True,0.519723865877712
SIDER,fedavg_proto,0.5,0,41,200,16,16,0.1,test,client_1,20,102,41,143,True,0.5219990435198469
SIDER,fedavg_proto,0.5,0,41,200,16,16,0.1,test,client_1,21,98,45,143,True,0.5256235827664398
SIDER,fedavg_proto,0.5,0,41,200,16,16,0.1,test,client_1,22,14,129,143,True,0.7535991140642303
SIDER,fedavg_proto,0.5,0,41,200,16,16,0.1,test,client_1,23,60,83,143,True,0.5122489959839358
SIDER,fedavg_proto,0.5,0,41,200,16,16,0.1,test,client_1,24,98,45,143,True,0.5099773242630385
SIDER,fedavg_proto,0.5,0,41,200,16,16,0.1,test,client_1,25,132,11,143,True,0.615702479338843
SIDER,fedavg_proto,0.5,0,41,200,16,16,0.1,test,client_1,26,101,42,143,True,0.6122112211221121
SIDER,fedavg_proto,0.5,0,41,200,16,16,0.1,test,client_2,0,72,71,143,True,0.5543818466353677
SIDER,fedavg_proto,0.5,0,41,200,16,16,0.1,test,client_2,1,105,38,143,True,0.531328320802005
SIDER,fedavg_proto,0.5,0,41,200,16,16,0.1,test,client_2,2,5,138,143,True,0.5521739130434783
SIDER,fedavg_proto,0.5,0,41,200,16,16,0.1,test,client_2,3,90,53,143,True,0.4442348008385745
SIDER,fedavg_proto,0.5,0,41,200,16,16,0.1,test,client_2,4,118,25,143,True,0.5399999999999999
SIDER,fedavg_proto,0.5,0,41,200,16,16,0.1,test,client_2,5,104,39,143,True,0.5488165680473374
SIDER,fedavg_proto,0.5,0,41,200,16,16,0.1,test,client_2,6,134,9,143,True,0.5613598673300166
SIDER,fedavg_proto,0.5,0,41,200,16,16,0.1,test,client_2,7,24,119,143,True,0.5763305322128851
SIDER,fedavg_proto,0.5,0,41,200,16,16,0.1,test,client_2,8,91,52,143,True,0.5188081149619611
SIDER,fedavg_proto,0.5,0,41,200,16,16,0.1,test,client_2,9,74,69,143,True,0.5583627105366236
SIDER,fedavg_proto,0.5,0,41,200,16,16,0.1,test,client_2,10,39,104,143,True,0.6035502958579881
SIDER,fedavg_proto,0.5,0,41,200,16,16,0.1,test,client_2,11,130,13,143,True,0.38816568047337274
SIDER,fedavg_proto,0.5,0,41,200,16,16,0.1,test,client_2,12,33,110,143,True,0.615702479338843
SIDER,fedavg_proto,0.5,0,41,200,16,16,0.1,test,client_2,13,20,123,143,True,0.5829268292682926
SIDER,fedavg_proto,0.5,0,41,200,16,16,0.1,test,client_2,14,113,30,143,True,0.4988200589970502
SIDER,fedavg_proto,0.5,0,41,200,16,16,0.1,test,client_2,15,83,60,143,True,0.6240963855421687
SIDER,fedavg_proto,0.5,0,41,200,16,16,0.1,test,client_2,16,131,12,143,True,0.6463104325699746
SIDER,fedavg_proto,0.5,0,41,200,16,16,0.1,test,client_2,17,30,113,143,True,0.61976401179941
SIDER,fedavg_proto,0.5,0,41,200,16,16,0.1,test,client_2,18,109,34,143,True,0.5
SIDER,fedavg_proto,0.5,0,41,200,16,16,0.1,test,client_2,19,104,39,143,True,0.43959566074950684
SIDER,fedavg_proto,0.5,0,41,200,16,16,0.1,test,client_2,20,102,41,143,True,0.4421329507412721
SIDER,fedavg_proto,0.5,0,41,200,16,16,0.1,test,client_2,21,98,45,143,True,0.5662131519274377
SIDER,fedavg_proto,0.5,0,41,200,16,16,0.1,test,client_2,22,14,129,143,True,0.5764119601328903
SIDER,fedavg_proto,0.5,0,41,200,16,16,0.1,test,client_2,23,60,83,143,True,0.45903614457831327
SIDER,fedavg_proto,0.5,0,41,200,16,16,0.1,test,client_2,24,98,45,143,True,0.4478458049886621
SIDER,fedavg_proto,0.5,0,41,200,16,16,0.1,test,client_2,25,132,11,143,True,0.5936639118457301
SIDER,fedavg_proto,0.5,0,41,200,16,16,0.1,test,client_2,26,101,42,143,True,0.5843941537010844
SIDER,fedavg_proto,0.5,0,41,200,16,16,0.1,test,client_3,0,72,71,143,True,0.6140453834115805
SIDER,fedavg_proto,0.5,0,41,200,16,16,0.1,test,client_3,1,105,38,143,True,0.6491228070175438
SIDER,fedavg_proto,0.5,0,41,200,16,16,0.1,test,client_3,2,5,138,143,True,0.7231884057971014
SIDER,fedavg_proto,0.5,0,41,200,16,16,0.1,test,client_3,3,90,53,143,True,0.5044025157232704
SIDER,fedavg_proto,0.5,0,41,200,16,16,0.1,test,client_3,4,118,25,143,True,0.6630508474576272
SIDER,fedavg_proto,0.5,0,41,200,16,16,0.1,test,client_3,5,104,39,143,True,0.5485700197238659
SIDER,fedavg_proto,0.5,0,41,200,16,16,0.1,test,client_3,6,134,9,143,True,0.6807628524046434
SIDER,fedavg_proto,0.5,0,41,200,16,16,0.1,test,client_3,7,24,119,143,True,0.4950980392156863
SIDER,fedavg_proto,0.5,0,41,200,16,16,0.1,test,client_3,8,91,52,143,True,0.5253592561284869
SIDER,fedavg_proto,0.5,0,41,200,16,16,0.1,test,client_3,9,74,69,143,True,0.6453192322757539
SIDER,fedavg_proto,0.5,0,41,200,16,16,0.1,test,client_3,10,39,104,143,True,0.5917159763313609
SIDER,fedavg_proto,0.5,0,41,200,16,16,0.1,test,client_3,11,130,13,143,True,0.6467455621301775
SIDER,fedavg_proto,0.5,0,41,200,16,16,0.1,test,client_3,12,33,110,143,True,0.5600550964187329
SIDER,fedavg_proto,0.5,0,41,200,16,16,0.1,test,client_3,13,20,123,143,True,0.5227642276422764
SIDER,fedavg_proto,0.5,0,41,200,16,16,0.1,test,client_3,14,113,30,143,True,0.6023598820058998
SIDER,fedavg_proto,0.5,0,41,200,16,16,0.1,test,client_3,15,83,60,143,True,0.6303212851405622
SIDER,fedavg_proto,0.5,0,41,200,16,16,0.1,test,client_3,16,131,12,143,True,0.7767175572519085
SIDER,fedavg_proto,0.5,0,41,200,16,16,0.1,test,client_3,17,30,113,143,True,0.5536873156342184
SIDER,fedavg_proto,0.5,0,41,200,16,16,0.1,test,client_3,18,109,34,143,True,0.5515380464112251
SIDER,fedavg_proto,0.5,0,41,200,16,16,0.1,test,client_3,19,104,39,143,True,0.4977810650887574
SIDER,fedavg_proto,0.5,0,41,200,16,16,0.1,test,client_3,20,102,41,143,True,0.5021520803443329
SIDER,fedavg_proto,0.5,0,41,200,16,16,0.1,test,client_3,21,98,45,143,True,0.6108843537414966
SIDER,fedavg_proto,0.5,0,41,200,16,16,0.1,test,client_3,22,14,129,143,True,0.5348837209302326
SIDER,fedavg_proto,0.5,0,41,200,16,16,0.1,test,client_3,23,60,83,143,True,0.4889558232931727
SIDER,fedavg_proto,0.5,0,41,200,16,16,0.1,test,client_3,24,98,45,143,True,0.5253968253968254
SIDER,fedavg_proto,0.5,0,41,200,16,16,0.1,test,client_3,25,132,11,143,True,0.6597796143250689
SIDER,fedavg_proto,0.5,0,41,200,16,16,0.1,test,client_3,26,101,42,143,True,0.586044318717586
SIDER,fedavg_proto,0.5,0,42,200,16,16,0.1,val,server,0,76,67,143,True,0.5842498036135113
SIDER,fedavg_proto,0.5,0,42,200,16,16,0.1,val,server,1,99,44,143,True,0.6308539944903581
SIDER,fedavg_proto,0.5,0,42,200,16,16,0.1,val,server,2,2,141,143,True,0.549645390070922
SIDER,fedavg_proto,0.5,0,42,200,16,16,0.1,val,server,3,85,58,143,True,0.6494929006085193
SIDER,fedavg_proto,0.5,0,42,200,16,16,0.1,val,server,4,117,26,143,True,0.6873767258382644
SIDER,fedavg_proto,0.5,0,42,200,16,16,0.1,val,server,5,99,44,143,True,0.6333792470156107
SIDER,fedavg_proto,0.5,0,42,200,16,16,0.1,val,server,6,131,12,143,True,0.7487277353689569
SIDER,fedavg_proto,0.5,0,42,200,16,16,0.1,val,server,7,20,123,143,True,0.6276422764227643
SIDER,fedavg_proto,0.5,0,42,200,16,16,0.1,val,server,8,97,46,143,True,0.6425369789332138
SIDER,fedavg_proto,0.5,0,42,200,16,16,0.1,val,server,9,71,72,143,True,0.6267605633802816
SIDER,fedavg_proto,0.5,0,42,200,16,16,0.1,val,server,10,35,108,143,True,0.6211640211640211
SIDER,fedavg_proto,0.5,0,42,200,16,16,0.1,val,server,11,130,13,143,True,0.6591715976331362
SIDER,fedavg_proto,0.5,0,42,200,16,16,0.1,val,server,12,37,106,143,True,0.698368179500255
SIDER,fedavg_proto,0.5,0,42,200,16,16,0.1,val,server,13,20,123,143,True,0.6032520325203251
SIDER,fedavg_proto,0.5,0,42,200,16,16,0.1,val,server,14,107,36,143,True,0.5360851505711319
SIDER,fedavg_proto,0.5,0,42,200,16,16,0.1,val,server,15,94,49,143,True,0.6532783326096397
SIDER,fedavg_proto,0.5,0,42,200,16,16,0.1,val,server,16,129,14,143,True,0.6517165005537099
SIDER,fedavg_proto,0.5,0,42,200,16,16,0.1,val,server,17,20,123,143,True,0.4987804878048781
SIDER,fedavg_proto,0.5,0,42,200,16,16,0.1,val,server,18,104,39,143,True,0.5537475345167653
SIDER,fedavg_proto,0.5,0,42,200,16,16,0.1,val,server,19,103,40,143,True,0.6279126213592233
SIDER,fedavg_proto,0.5,0,42,200,16,16,0.1,val,server,20,102,41,143,True,0.53012912482066
SIDER,fedavg_proto,0.5,0,42,200,16,16,0.1,val,server,21,98,45,143,True,0.6854875283446712
SIDER,fedavg_proto,0.5,0,42,200,16,16,0.1,val,server,22,10,133,143,True,0.612781954887218
SIDER,fedavg_proto,0.5,0,42,200,16,16,0.1,val,server,23,64,79,143,True,0.5990901898734178
SIDER,fedavg_proto,0.5,0,42,200,16,16,0.1,val,server,24,104,39,143,True,0.5687869822485208
SIDER,fedavg_proto,0.5,0,42,200,16,16,0.1,val,server,25,134,9,143,True,0.6948590381426202
SIDER,fedavg_proto,0.5,0,42,200,16,16,0.1,val,server,26,95,48,143,True,0.5796052631578947
SIDER,fedavg_proto,0.5,0,42,200,16,16,0.1,val,client_0,0,76,67,143,True,0.6237234878240377
SIDER,fedavg_proto,0.5,0,42,200,16,16,0.1,val,client_0,1,99,44,143,True,0.6200642791551882
SIDER,fedavg_proto,0.5,0,42,200,16,16,0.1,val,client_0,2,2,141,143,True,0.5638297872340425
SIDER,fedavg_proto,0.5,0,42,200,16,16,0.1,val,client_0,3,85,58,143,True,0.6239350912778904
SIDER,fedavg_proto,0.5,0,42,200,16,16,0.1,val,client_0,4,117,26,143,True,0.6890203813280736
SIDER,fedavg_proto,0.5,0,42,200,16,16,0.1,val,client_0,5,99,44,143,True,0.6875573921028467
SIDER,fedavg_proto,0.5,0,42,200,16,16,0.1,val,client_0,6,131,12,143,True,0.6838422391857506
SIDER,fedavg_proto,0.5,0,42,200,16,16,0.1,val,client_0,7,20,123,143,True,0.6483739837398375
SIDER,fedavg_proto,0.5,0,42,200,16,16,0.1,val,client_0,8,97,46,143,True,0.621246077991932
SIDER,fedavg_proto,0.5,0,42,200,16,16,0.1,val,client_0,9,71,72,143,True,0.547339593114241
SIDER,fedavg_proto,0.5,0,42,200,16,16,0.1,val,client_0,10,35,108,143,True,0.6867724867724868
SIDER,fedavg_proto,0.5,0,42,200,16,16,0.1,val,client_0,11,130,13,143,True,0.6934911242603551
SIDER,fedavg_proto,0.5,0,42,200,16,16,0.1,val,client_0,12,37,106,143,True,0.6772055073941866
SIDER,fedavg_proto,0.5,0,42,200,16,16,0.1,val,client_0,13,20,123,143,True,0.6577235772357723
SIDER,fedavg_proto,0.5,0,42,200,16,16,0.1,val,client_0,14,107,36,143,True,0.5552959501557633
SIDER,fedavg_proto,0.5,0,42,200,16,16,0.1,val,client_0,15,94,49,143,True,0.6493703864524534
SIDER,fedavg_proto,0.5,0,42,200,16,16,0.1,val,client_0,16,129,14,143,True,0.6910299003322259
SIDER,fedavg_proto,0.5,0,42,200,16,16,0.1,val,client_0,17,20,123,143,True,0.5914634146341464
SIDER,fedavg_proto,0.5,0,42,200,16,16,0.1,val,client_0,18,104,39,143,True,0.5692800788954635
SIDER,fedavg_proto,0.5,0,42,200,16,16,0.1,val,client_0,19,103,40,143,True,0.6269417475728154
SIDER,fedavg_proto,0.5,0,42,200,16,16,0.1,val,client_0,20,102,41,143,True,0.6504065040650405
SIDER,fedavg_proto,0.5,0,42,200,16,16,0.1,val,client_0,21,98,45,143,True,0.671201814058957
SIDER,fedavg_proto,0.5,0,42,200,16,16,0.1,val,client_0,22,10,133,143,True,0.6428571428571429
SIDER,fedavg_proto,0.5,0,42,200,16,16,0.1,val,client_0,23,64,79,143,True,0.5888053797468354
SIDER,fedavg_proto,0.5,0,42,200,16,16,0.1,val,client_0,24,104,39,143,True,0.5747041420118344
SIDER,fedavg_proto,0.5,0,42,200,16,16,0.1,val,client_0,25,134,9,143,True,0.7064676616915424
SIDER,fedavg_proto,0.5,0,42,200,16,16,0.1,val,client_0,26,95,48,143,True,0.6625000000000001
SIDER,fedavg_proto,0.5,0,42,200,16,16,0.1,val,client_1,0,76,67,143,True,0.5911233307148469
SIDER,fedavg_proto,0.5,0,42,200,16,16,0.1,val,client_1,1,99,44,143,True,0.6120293847566576
SIDER,fedavg_proto,0.5,0,42,200,16,16,0.1,val,client_1,2,2,141,143,True,0.5531914893617021
SIDER,fedavg_proto,0.5,0,42,200,16,16,0.1,val,client_1,3,85,58,143,True,0.655578093306288
SIDER,fedavg_proto,0.5,0,42,200,16,16,0.1,val,client_1,4,117,26,143,True,0.614069690992768
SIDER,fedavg_proto,0.5,0,42,200,16,16,0.1,val,client_1,5,99,44,143,True,0.5303030303030303
SIDER,fedavg_proto,0.5,0,42,200,16,16,0.1,val,client_1,6,131,12,143,True,0.7423664122137404
SIDER,fedavg_proto,0.5,0,42,200,16,16,0.1,val,client_1,7,20,123,143,True,0.5101626016260162
SIDER,fedavg_proto,0.5,0,42,200,16,16,0.1,val,client_1,8,97,46,143,True,0.5903182429403855
SIDER,fedavg_proto,0.5,0,42,200,16,16,0.1,val,client_1,9,71,72,143,True,0.6218701095461658
SIDER,fedavg_proto,0.5,0,42,200,16,16,0.1,val,client_1,10,35,108,143,True,0.5306878306878307
SIDER,fedavg_proto,0.5,0,42,200,16,16,0.1,val,client_1,11,130,13,143,True,0.5437869822485206
SIDER,fedavg_proto,0.5,0,42,200,16,16,0.1,val,client_1,12,37,106,143,True,0.615757266700663
SIDER,fedavg_proto,0.5,0,42,200,16,16,0.1,val,client_1,13,20,123,143,True,0.5678861788617886
SIDER,fedavg_proto,0.5,0,42,200,16,16,0.1,val,client_1,14,107,36,143,True,0.5467289719626168
SIDER,fedavg_proto,0.5,0,42,200,16,16,0.1,val,client_1,15,94,49,143,True,0.6576204950065132
SIDER,fedavg_proto,0.5,0,42,200,16,16,0.1,val,client_1,16,129,14,143,True,0.6356589147286822
SIDER,fedavg_proto,0.5,0,42,200,16,16,0.1,val,client_1,17,20,123,143,True,0.5097560975609756
SIDER,fedavg_proto,0.5,0,42,200,16,16,0.1,val,client_1,18,104,39,143,True,0.4765779092702169
SIDER,fedavg_proto,0.5,0,42,200,16,16,0.1,val,client_1,19,103,40,143,True,0.591504854368932
SIDER,fedavg_proto,0.5,0,42,200,16,16,0.1,val,client_1,20,102,41,143,True,0.5423242467718795
SIDER,fedavg_proto,0.5,0,42,200,16,16,0.1,val,client_1,21,98,45,143,True,0.6378684807256235
SIDER,fedavg_proto,0.5,0,42,200,16,16,0.1,val,client_1,22,10,133,143,True,0.5796992481203007
SIDER,fedavg_proto,0.5,0,42,200,16,16,0.1,val,client_1,23,64,79,143,True,0.5589398734177214
SIDER,fedavg_proto,0.5,0,42,200,16,16,0.1,val,client_1,24,104,39,143,True,0.6163708086785009
SIDER,fedavg_proto,0.5,0,42,200,16,16,0.1,val,client_1,25,134,9,143,True,0.7885572139303482
SIDER,fedavg_proto,0.5,0,42,200,16,16,0.1,val,client_1,26,95,48,143,True,0.5372807017543859
SIDER,fedavg_proto,0.5,0,42,200,16,16,0.1,val,client_2,0,76,67,143,True,0.5424194815396701
SIDER,fedavg_proto,0.5,0,42,200,16,16,0.1,val,client_2,1,99,44,143,True,0.5732323232323233
SIDER,fedavg_proto,0.5,0,42,200,16,16,0.1,val,client_2,2,2,141,143,True,0.8404255319148936
SIDER,fedavg_proto,0.5,0,42,200,16,16,0.1,val,client_2,3,85,58,143,True,0.5997971602434077
SIDER,fedavg_proto,0.5,0,42,200,16,16,0.1,val,client_2,4,117,26,143,True,0.6252465483234714
SIDER,fedavg_proto,0.5,0,42,200,16,16,0.1,val,client_2,5,99,44,143,True,0.5704775022956841
SIDER,fedavg_proto,0.5,0,42,200,16,16,0.1,val,client_2,6,131,12,143,True,0.7849872773536896
SIDER,fedavg_proto,0.5,0,42,200,16,16,0.1,val,client_2,7,20,123,143,True,0.5959349593495935
SIDER,fedavg_proto,0.5,0,42,200,16,16,0.1,val,client_2,8,97,46,143,True,0.6216943074854325
SIDER,fedavg_proto,0.5,0,42,200,16,16,0.1,val,client_2,9,71,72,143,True,0.6007433489827856
SIDER,fedavg_proto,0.5,0,42,200,16,16,0.1,val,client_2,10,35,108,143,True,0.5902116402116402
SIDER,fedavg_proto,0.5,0,42,200,16,16,0.1,val,client_2,11,130,13,143,True,0.44319526627218936
SIDER,fedavg_proto,0.5,0,42,200,16,16,0.1,val,client_2,12,37,106,143,True,0.6346251912289649
SIDER,fedavg_proto,0.5,0,42,200,16,16,0.1,val,client_2,13,20,123,143,True,0.5894308943089431
SIDER,fedavg_proto,0.5,0,42,200,16,16,0.1,val,client_2,14,107,36,143,True,0.5218068535825545
SIDER,fedavg_proto,0.5,0,42,200,16,16,0.1,val,client_2,15,94,49,143,True,0.681719496309162
SIDER,fedavg_proto,0.5,0,42,200,16,16,0.1,val,client_2,16,129,14,143,True,0.560908084163898
SIDER,fedavg_proto,0.5,0,42,200,16,16,0.1,val,client_2,17,20,123,143,True,0.46422764227642277
SIDER,fedavg_proto,0.5,0,42,200,16,16,0.1,val,client_2,18,104,39,143,True,0.5212031558185405
SIDER,fedavg_proto,0.5,0,42,200,16,16,0.1,val,client_2,19,103,40,143,True,0.541747572815534
SIDER,fedavg_proto,0.5,0,42,200,16,16,0.1,val,client_2,20,102,41,143,True,0.5088474414155906
SIDER,fedavg_proto,0.5,0,42,200,16,16,0.1,val,client_2,21,98,45,143,True,0.6351473922902494
SIDER,fedavg_proto,0.5,0,42,200,16,16,0.1,val,client_2,22,10,133,143,True,0.5646616541353384
SIDER,fedavg_proto,0.5,0,42,200,16,16,0.1,val,client_2,23,64,79,143,True,0.5601265822784811
SIDER,fedavg_proto,0.5,0,42,200,16,16,0.1,val,client_2,24,104,39,143,True,0.5653353057199212
SIDER,fedavg_proto,0.5,0,42,200,16,16,0.1,val,client_2,25,134,9,143,True,0.6650082918739636
SIDER,fedavg_proto,0.5,0,42,200,16,16,0.1,val,client_2,26,95,48,143,True,0.5695175438596491
SIDER,fedavg_proto,0.5,0,42,200,16,16,0.1,val,client_3,0,76,67,143,True,0.6178318931657502
SIDER,fedavg_proto,0.5,0,42,200,16,16,0.1,val,client_3,1,99,44,143,True,0.6391184573002755
SIDER,fedavg_proto,0.5,0,42,200,16,16,0.1,val,client_3,2,2,141,143,True,0.6276595744680851
SIDER,fedavg_proto,0.5,0,42,200,16,16,0.1,val,client_3,3,85,58,143,True,0.559026369168357
SIDER,fedavg_proto,0.5,0,42,200,16,16,0.1,val,client_3,4,117,26,143,True,0.7274819197896121
SIDER,fedavg_proto,0.5,0,42,200,16,16,0.1,val,client_3,5,99,44,143,True,0.6581726354453628
SIDER,fedavg_proto,0.5,0,42,200,16,16,0.1,val,client_3,6,131,12,143,True,0.7544529262086515
SIDER,fedavg_proto,0.5,0,42,200,16,16,0.1,val,client_3,7,20,123,143,True,0.6069105691056912
SIDER,fedavg_proto,0.5,0,42,200,16,16,0.1,val,client_3,8,97,46,143,True,0.6057821604661587
SIDER,fedavg_proto,0.5,0,42,200,16,16,0.1,val,client_3,9,71,72,143,True,0.604851330203443
SIDER,fedavg_proto,0.5,0,42,200,16,16,0.1,val,client_3,10,35,108,143,True,0.6182539682539683
SIDER,fedavg_proto,0.5,0,42,200,16,16,0.1,val,client_3,11,130,13,143,True,0.6627218934911243
SIDER,fedavg_proto,0.5,0,42,200,16,16,0.1,val,client_3,12,37,106,143,True,0.7014278429372769
SIDER,fedavg_proto,0.5,0,42,200,16,16,0.1,val,client_3,13,20,123,143,True,0.5581300813008131
SIDER,fedavg_proto,0.5,0,42,200,16,16,0.1,val,client_3,14,107,36,143,True,0.5545171339563862
SIDER,fedavg_proto,0.5,0,42,200,16,16,0.1,val,client_3,15,94,49,143,True,0.6432913590968302
SIDER,fedavg_proto,0.5,0,42,200,16,16,0.1,val,client_3,16,129,14,143,True,0.6389811738648948
SIDER,fedavg_proto,0.5,0,42,200,16,16,0.1,val,client_3,17,20,123,143,True,0.5284552845528456
SIDER,fedavg_proto,0.5,0,42,200,16,16,0.1,val,client_3,18,104,39,143,True,0.6171104536489151
SIDER,fedavg_proto,0.5,0,42,200,16,16,0.1,val,client_3,19,103,40,143,True,0.6148058252427184
SIDER,fedavg_proto,0.5,0,42,200,16,16,0.1,val,client_3,20,102,41,143,True,0.4971305595408895
SIDER,fedavg_proto,0.5,0,42,200,16,16,0.1,val,client_3,21,98,45,143,True,0.5943310657596371
SIDER,fedavg_proto,0.5,0,42,200,16,16,0.1,val,client_3,22,10,133,143,True,0.6045112781954888
SIDER,fedavg_proto,0.5,0,42,200,16,16,0.1,val,client_3,23,64,79,143,True,0.5581487341772152
SIDER,fedavg_proto,0.5,0,42,200,16,16,0.1,val,client_3,24,104,39,143,True,0.5261341222879684
SIDER,fedavg_proto,0.5,0,42,200,16,16,0.1,val,client_3,25,134,9,143,True,0.6036484245439468
SIDER,fedavg_proto,0.5,0,42,200,16,16,0.1,val,client_3,26,95,48,143,True,0.5372807017543859
SIDER,fedavg_proto,0.5,0,42,200,16,16,0.1,test,server,0,72,71,143,True,0.6572769953051644
SIDER,fedavg_proto,0.5,0,42,200,16,16,0.1,test,server,1,105,38,143,True,0.6511278195488722
SIDER,fedavg_proto,0.5,0,42,200,16,16,0.1,test,server,2,5,138,143,True,0.4289855072463768
SIDER,fedavg_proto,0.5,0,42,200,16,16,0.1,test,server,3,90,53,143,True,0.5016771488469601
SIDER,fedavg_proto,0.5,0,42,200,16,16,0.1,test,server,4,118,25,143,True,0.580677966101695
SIDER,fedavg_proto,0.5,0,42,200,16,16,0.1,test,server,5,104,39,143,True,0.5616370808678501
SIDER,fedavg_proto,0.5,0,42,200,16,16,0.1,test,server,6,134,9,143,True,0.5953565505804312
SIDER,fedavg_proto,0.5,0,42,200,16,16,0.1,test,server,7,24,119,143,True,0.5843837535014006
SIDER,fedavg_proto,0.5,0,42,200,16,16,0.1,test,server,8,91,52,143,True,0.518174133558749
SIDER,fedavg_proto,0.5,0,42,200,16,16,0.1,test,server,9,74,69,143,True,0.6316098707403054
SIDER,fedavg_proto,0.5,0,42,200,16,16,0.1,test,server,10,39,104,143,True,0.6035502958579883
SIDER,fedavg_proto,0.5,0,42,200,16,16,0.1,test,server,11,130,13,143,True,0.5195266272189349
SIDER,fedavg_proto,0.5,0,42,200,16,16,0.1,test,server,12,33,110,143,True,0.6115702479338844
SIDER,fedavg_proto,0.5,0,42,200,16,16,0.1,test,server,13,20,123,143,True,0.5951219512195123
SIDER,fedavg_proto,0.5,0,42,200,16,16,0.1,test,server,14,113,30,143,True,0.5050147492625369
SIDER,fedavg_proto,0.5,0,42,200,16,16,0.1,test,server,15,83,60,143,True,0.6329317269076306
SIDER,fedavg_proto,0.5,0,42,200,16,16,0.1,test,server,16,131,12,143,True,0.6494910941475827
SIDER,fedavg_proto,0.5,0,42,200,16,16,0.1,test,server,17,30,113,143,True,0.6560471976401181
SIDER,fedavg_proto,0.5,0,42,200,16,16,0.1,test,server,18,109,34,143,True,0.5391257420399352
SIDER,fedavg_proto,0.5,0,42,200,16,16,0.1,test,server,19,104,39,143,True,0.4921104536489152
SIDER,fedavg_proto,0.5,0,42,200,16,16,0.1,test,server,20,102,41,143,True,0.4808703969392635
SIDER,fedavg_proto,0.5,0,42,200,16,16,0.1,test,server,21,98,45,143,True,0.5854875283446711
SIDER,fedavg_proto,0.5,0,42,200,16,16,0.1,test,server,22,14,129,143,True,0.6561461794019934
SIDER,fedavg_proto,0.5,0,42,200,16,16,0.1,test,server,23,60,83,143,True,0.4839357429718875
SIDER,fedavg_proto,0.5,0,42,200,16,16,0.1,test,server,24,98,45,143,True,0.48934240362811793
SIDER,fedavg_proto,0.5,0,42,200,16,16,0.1,test,server,25,132,11,143,True,0.6336088154269972
SIDER,fedavg_proto,0.5,0,42,200,16,16,0.1,test,server,26,101,42,143,True,0.60985384252711
SIDER,fedavg_proto,0.5,0,42,200,16,16,0.1,test,client_0,0,72,71,143,True,0.6465179968701096
SIDER,fedavg_proto,0.5,0,42,200,16,16,0.1,test,client_0,1,105,38,143,True,0.5766917293233083
SIDER,fedavg_proto,0.5,0,42,200,16,16,0.1,test,client_0,2,5,138,143,True,0.746376811594203
SIDER,fedavg_proto,0.5,0,42,200,16,16,0.1,test,client_0,3,90,53,143,True,0.5157232704402516
SIDER,fedavg_proto,0.5,0,42,200,16,16,0.1,test,client_0,4,118,25,143,True,0.6630508474576272
SIDER,fedavg_proto,0.5,0,42,200,16,16,0.1,test,client_0,5,104,39,143,True,0.6163708086785011
SIDER,fedavg_proto,0.5,0,42,200,16,16,0.1,test,client_0,6,134,9,143,True,0.5563847429519071
SIDER,fedavg_proto,0.5,0,42,200,16,16,0.1,test,client_0,7,24,119,143,True,0.524859943977591
SIDER,fedavg_proto,0.5,0,42,200,16,16,0.1,test,client_0,8,91,52,143,True,0.5281065088757396
SIDER,fedavg_proto,0.5,0,42,200,16,16,0.1,test,client_0,9,74,69,143,True,0.5977281629455542
SIDER,fedavg_proto,0.5,0,42,200,16,16,0.1,test,client_0,10,39,104,143,True,0.6005917159763313
SIDER,fedavg_proto,0.5,0,42,200,16,16,0.1,test,client_0,11,130,13,143,True,0.6331360946745562
SIDER,fedavg_proto,0.5,0,42,200,16,16,0.1,test,client_0,12,33,110,143,True,0.5504132231404959
SIDER,fedavg_proto,0.5,0,42,200,16,16,0.1,test,client_0,13,20,123,143,True,0.5589430894308943
SIDER,fedavg_proto,0.5,0,42,200,16,16,0.1,test,client_0,14,113,30,143,True,0.5666666666666667
SIDER,fedavg_proto,0.5,0,42,200,16,16,0.1,test,client_0,15,83,60,143,True,0.6616465863453815
SIDER,fedavg_proto,0.5,0,42,200,16,16,0.1,test,client_0,16,131,12,143,True,0.6902035623409669
SIDER,fedavg_proto,0.5,0,42,200,16,16,0.1,test,client_0,17,30,113,143,True,0.5471976401179941
SIDER,fedavg_proto,0.5,0,42,200,16,16,0.1,test,client_0,18,109,34,143,True,0.49892066918510525
SIDER,fedavg_proto,0.5,0,42,200,16,16,0.1,test,client_0,19,104,39,143,True,0.5273668639053254
SIDER,fedavg_proto,0.5,0,42,200,16,16,0.1,test,client_0,20,102,41,143,True,0.5052606408417025
SIDER,fedavg_proto,0.5,0,42,200,16,16,0.1,test,client_0,21,98,45,143,True,0.5904761904761905
SIDER,fedavg_proto,0.5,0,42,200,16,16,0.1,test,client_0,22,14,129,143,True,0.5957918050941307
SIDER,fedavg_proto,0.5,0,42,200,16,16,0.1,test,client_0,23,60,83,143,True,0.5566265060240962
SIDER,fedavg_proto,0.5,0,42,200,16,16,0.1,test,client_0,24,98,45,143,True,0.5199546485260771
SIDER,fedavg_proto,0.5,0,42,200,16,16,0.1,test,client_0,25,132,11,143,True,0.5922865013774106
SIDER,fedavg_proto,0.5,0,42,200,16,16,0.1,test,client_0,26,101,42,143,True,0.6381423856671382
SIDER,fedavg_proto,0.5,0,42,200,16,16,0.1,test,client_1,0,72,71,143,True,0.6369327073552425
SIDER,fedavg_proto,0.5,0,42,200,16,16,0.1,test,client_1,1,105,38,143,True,0.6112781954887219
SIDER,fedavg_proto,0.5,0,42,200,16,16,0.1,test,client_1,2,5,138,143,True,0.518840579710145
SIDER,fedavg_proto,0.5,0,42,200,16,16,0.1,test,client_1,3,90,53,143,True,0.5146750524109015
SIDER,fedavg_proto,0.5,0,42,200,16,16,0.1,test,client_1,4,118,25,143,True,0.495593220338983
SIDER,fedavg_proto,0.5,0,42,200,16,16,0.1,test,client_1,5,104,39,143,True,0.5458579881656804
SIDER,fedavg_proto,0.5,0,42,200,16,16,0.1,test,client_1,6,134,9,143,True,0.5563847429519071
SIDER,fedavg_proto,0.5,0,42,200,16,16,0.1,test,client_1,7,24,119,143,True,0.6852240896358543
SIDER,fedavg_proto,0.5,0,42,200,16,16,0.1,test,client_1,8,91,52,143,True,0.5862214708368555
SIDER,fedavg_proto,0.5,0,42,200,16,16,0.1,test,client_1,9,74,69,143,True,0.6658832745789268
SIDER,fedavg_proto,0.5,0,42,200,16,16,0.1,test,client_1,10,39,104,143,True,0.6180966469428009
SIDER,fedavg_proto,0.5,0,42,200,16,16,0.1,test,client_1,11,130,13,143,True,0.4650887573964497
SIDER,fedavg_proto,0.5,0,42,200,16,16,0.1,test,client_1,12,33,110,143,True,0.690633608815427
SIDER,fedavg_proto,0.5,0,42,200,16,16,0.1,test,client_1,13,20,123,143,True,0.6910569105691057
SIDER,fedavg_proto,0.5,0,42,200,16,16,0.1,test,client_1,14,113,30,143,True,0.48318584070796466
SIDER,fedavg_proto,0.5,0,42,200,16,16,0.1,test,client_1,15,83,60,143,True,0.5815261044176707
SIDER,fedavg_proto,0.5,0,42,200,16,16,0.1,test,client_1,16,131,12,143,True,0.4936386768447838
SIDER,fedavg_proto,0.5,0,42,200,16,16,0.1,test,client_1,17,30,113,143,True,0.6778761061946902
SIDER,fedavg_proto,0.5,0,42,200,16,16,0.1,test,client_1,18,109,34,143,True,0.5372369131138695
SIDER,fedavg_proto,0.5,0,42,200,16,16,0.1,test,client_1,19,104,39,143,True,0.49556213017751477
SIDER,fedavg_proto,0.5,0,42,200,16,16,0.1,test,client_1,20,102,41,143,True,0.5090865614538499
SIDER,fedavg_proto,0.5,0,42,200,16,16,0.1,test,client_1,21,98,45,143,True,0.5145124716553288
SIDER,fedavg_proto,0.5,0,42,200,16,16,0.1,test,client_1,22,14,129,143,True,0.7563676633444075
SIDER,fedavg_proto,0.5,0,42,200,16,16,0.1,test,client_1,23,60,83,143,True,0.5026104417670683
SIDER,fedavg_proto,0.5,0,42,200,16,16,0.1,test,client_1,24,98,45,143,True,0.4977324263038549
SIDER,fedavg_proto,0.5,0,42,200,16,16,0.1,test,client_1,25,132,11,143,True,0.5902203856749312
SIDER,fedavg_proto,0.5,0,42,200,16,16,0.1,test,client_1,26,101,42,143,True,0.6011315417256011
SIDER,fedavg_proto,0.5,0,42,200,16,16,0.1,test,client_2,0,72,71,143,True,0.551056338028169
SIDER,fedavg_proto,0.5,0,42,200,16,16,0.1,test,client_2,1,105,38,143,True,0.5531328320802006
SIDER,fedavg_proto,0.5,0,42,200,16,16,0.1,test,client_2,2,5,138,143,True,0.572463768115942
SIDER,fedavg_proto,0.5,0,42,200,16,16,0.1,test,client_2,3,90,53,143,True,0.4620545073375261
SIDER,fedavg_proto,0.5,0,42,200,16,16,0.1,test,client_2,4,118,25,143,True,0.5230508474576271
SIDER,fedavg_proto,0.5,0,42,200,16,16,0.1,test,client_2,5,104,39,143,True,0.549802761341223
SIDER,fedavg_proto,0.5,0,42,200,16,16,0.1,test,client_2,6,134,9,143,True,0.5588723051409619
SIDER,fedavg_proto,0.5,0,42,200,16,16,0.1,test,client_2,7,24,119,143,True,0.5724789915966386
SIDER,fedavg_proto,0.5,0,42,200,16,16,0.1,test,client_2,8,91,52,143,True,0.5124683009298394
SIDER,fedavg_proto,0.5,0,42,200,16,16,0.1,test,client_2,9,74,69,143,True,0.5654132393262828
SIDER,fedavg_proto,0.5,0,42,200,16,16,0.1,test,client_2,10,39,104,143,True,0.6057692307692308
SIDER,fedavg_proto,0.5,0,42,200,16,16,0.1,test,client_2,11,130,13,143,True,0.37455621301775144
SIDER,fedavg_proto,0.5,0,42,200,16,16,0.1,test,client_2,12,33,110,143,True,0.6212121212121213
SIDER,fedavg_proto,0.5,0,42,200,16,16,0.1,test,client_2,13,20,123,143,True,0.5760162601626015
SIDER,fedavg_proto,0.5,0,42,200,16,16,0.1,test,client_2,14,113,30,143,True,0.48908554572271384
SIDER,fedavg_proto,0.5,0,42,200,16,16,0.1,test,client_2,15,83,60,143,True,0.6156626506024097
SIDER,fedavg_proto,0.5,0,42,200,16,16,0.1,test,client_2,16,131,12,143,True,0.6342239185750635
SIDER,fedavg_proto,0.5,0,42,200,16,16,0.1,test,client_2,17,30,113,143,True,0.6097345132743364
SIDER,fedavg_proto,0.5,0,42,200,16,16,0.1,test,client_2,18,109,34,143,True,0.4997301672962763
SIDER,fedavg_proto,0.5,0,42,200,16,16,0.1,test,client_2,19,104,39,143,True,0.44674556213017746
SIDER,fedavg_proto,0.5,0,42,200,16,16,0.1,test,client_2,20,102,41,143,True,0.44763271162123386
SIDER,fedavg_proto,0.5,0,42,200,16,16,0.1,test,client_2,21,98,45,143,True,0.5836734693877551
SIDER,fedavg_proto,0.5,0,42,200,16,16,0.1,test,client_2,22,14,129,143,True,0.5930232558139534
SIDER,fedavg_proto,0.5,0,42,200,16,16,0.1,test,client_2,23,60,83,143,True,0.4704819277108434
SIDER,fedavg_proto,0.5,0,42,200,16,16,0.1,test,client_2,24,98,45,143,True,0.45056689342403633
SIDER,fedavg_proto,0.5,0,42,200,16,16,0.1,test,client_2,25,132,11,143,True,0.5984848484848486
SIDER,fedavg_proto,0.5,0,42,200,16,16,0.1,test,client_2,26,101,42,143,True,0.5695426685525695
SIDER,fedavg_proto,0.5,0,42,200,16,16,0.1,test,client_3,0,72,71,143,True,0.6175665101721439
SIDER,fedavg_proto,0.5,0,42,200,16,16,0.1,test,client_3,1,105,38,143,True,0.6401002506265664
SIDER,fedavg_proto,0.5,0,42,200,16,16,0.1,test,client_3,2,5,138,143,True,0.6840579710144927
SIDER,fedavg_proto,0.5,0,42,200,16,16,0.1,test,client_3,3,90,53,143,True,0.5283018867924528
SIDER,fedavg_proto,0.5,0,42,200,16,16,0.1,test,client_3,4,118,25,143,True,0.648135593220339
SIDER,fedavg_proto,0.5,0,42,200,16,16,0.1,test,client_3,5,104,39,143,True,0.5458579881656804
SIDER,fedavg_proto,0.5,0,42,200,16,16,0.1,test,client_3,6,134,9,143,True,0.6625207296849088
SIDER,fedavg_proto,0.5,0,42,200,16,16,0.1,test,client_3,7,24,119,143,True,0.5140056022408963
SIDER,fedavg_proto,0.5,0,42,200,16,16,0.1,test,client_3,8,91,52,143,True,0.5249366018596787
SIDER,fedavg_proto,0.5,0,42,200,16,16,0.1,test,client_3,9,74,69,143,True,0.6588327457892676
SIDER,fedavg_proto,0.5,0,42,200,16,16,0.1,test,client_3,10,39,104,143,True,0.5887573964497042
SIDER,fedavg_proto,0.5,0,42,200,16,16,0.1,test,client_3,11,130,13,143,True,0.6526627218934911
SIDER,fedavg_proto,0.5,0,42,200,16,16,0.1,test,client_3,12,33,110,143,True,0.5776859504132232
SIDER,fedavg_proto,0.5,0,42,200,16,16,0.1,test,client_3,13,20,123,143,True,0.5353658536585366
SIDER,fedavg_proto,0.5,0,42,200,16,16,0.1,test,client_3,14,113,30,143,True,0.6123893805309735
SIDER,fedavg_proto,0.5,0,42,200,16,16,0.1,test,client_3,15,83,60,143,True,0.6383534136546185
SIDER,fedavg_proto,0.5,0,42,200,16,16,0.1,test,client_3,16,131,12,143,True,0.7748091603053435
SIDER,fedavg_proto,0.5,0,42,200,16,16,0.1,test,client_3,17,30,113,143,True,0.5710914454277286
SIDER,fedavg_proto,0.5,0,42,200,16,16,0.1,test,client_3,18,109,34,143,True,0.5712358337830545
SIDER,fedavg_proto,0.5,0,42,200,16,16,0.1,test,client_3,19,104,39,143,True,0.5145463510848127
SIDER,fedavg_proto,0.5,0,42,200,16,16,0.1,test,client_3,20,102,41,143,True,0.5129124820659972
SIDER,fedavg_proto,0.5,0,42,200,16,16,0.1,test,client_3,21,98,45,143,True,0.6238095238095238
SIDER,fedavg_proto,0.5,0,42,200,16,16,0.1,test,client_3,22,14,129,143,True,0.5492801771871539
SIDER,fedavg_proto,0.5,0,42,200,16,16,0.1,test,client_3,23,60,83,143,True,0.5142570281124498
SIDER,fedavg_proto,0.5,0,42,200,16,16,0.1,test,client_3,24,98,45,143,True,0.535827664399093
SIDER,fedavg_proto,0.5,0,42,200,16,16,0.1,test,client_3,25,132,11,143,True,0.6494490358126722
SIDER,fedavg_proto,0.5,0,42,200,16,16,0.1,test,client_3,26,101,42,143,True,0.595945308816596
SIDER,fedavg_proto,0.5,0,43,200,16,16,0.1,val,server,0,76,67,143,True,0.5773762765121759
SIDER,fedavg_proto,0.5,0,43,200,16,16,0.1,val,server,1,99,44,143,True,0.6232782369146005
SIDER,fedavg_proto,0.5,0,43,200,16,16,0.1,val,server,2,2,141,143,True,0.5851063829787234
SIDER,fedavg_proto,0.5,0,43,200,16,16,0.1,val,server,3,85,58,143,True,0.6486815415821501
SIDER,fedavg_proto,0.5,0,43,200,16,16,0.1,val,server,4,117,26,143,True,0.6890203813280737
SIDER,fedavg_proto,0.5,0,43,200,16,16,0.1,val,server,5,99,44,143,True,0.629247015610652
SIDER,fedavg_proto,0.5,0,43,200,16,16,0.1,val,server,6,131,12,143,True,0.7430025445292621
SIDER,fedavg_proto,0.5,0,43,200,16,16,0.1,val,server,7,20,123,143,True,0.633739837398374
SIDER,fedavg_proto,0.5,0,43,200,16,16,0.1,val,server,8,97,46,143,True,0.648588077095473
SIDER,fedavg_proto,0.5,0,43,200,16,16,0.1,val,server,9,71,72,143,True,0.6283255086071987
SIDER,fedavg_proto,0.5,0,43,200,16,16,0.1,val,server,10,35,108,143,True,0.6256613756613757
SIDER,fedavg_proto,0.5,0,43,200,16,16,0.1,val,server,11,130,13,143,True,0.6502958579881657
SIDER,fedavg_proto,0.5,0,43,200,16,16,0.1,val,server,12,37,106,143,True,0.7027027027027027
SIDER,fedavg_proto,0.5,0,43,200,16,16,0.1,val,server,13,20,123,143,True,0.6044715447154471
SIDER,fedavg_proto,0.5,0,43,200,16,16,0.1,val,server,14,107,36,143,True,0.534527518172378
SIDER,fedavg_proto,0.5,0,43,200,16,16,0.1,val,server,15,94,49,143,True,0.6500217108119843
SIDER,fedavg_proto,0.5,0,43,200,16,16,0.1,val,server,16,129,14,143,True,0.6495016611295681
SIDER,fedavg_proto,0.5,0,43,200,16,16,0.1,val,server,17,20,123,143,True,0.505691056910569
SIDER,fedavg_proto,0.5,0,43,200,16,16,0.1,val,server,18,104,39,143,True,0.5567061143984221
SIDER,fedavg_proto,0.5,0,43,200,16,16,0.1,val,server,19,103,40,143,True,0.6189320388349514
SIDER,fedavg_proto,0.5,0,43,200,16,16,0.1,val,server,20,102,41,143,True,0.5351506456241033
SIDER,fedavg_proto,0.5,0,43,200,16,16,0.1,val,server,21,98,45,143,True,0.6913832199546485
SIDER,fedavg_proto,0.5,0,43,200,16,16,0.1,val,server,22,10,133,143,True,0.5977443609022557
SIDER,fedavg_proto,0.5,0,43,200,16,16,0.1,val,server,23,64,79,143,True,0.6026503164556962
SIDER,fedavg_proto,0.5,0,43,200,16,16,0.1,val,server,24,104,39,143,True,0.5673076923076923
SIDER,fedavg_proto,0.5,0,43,200,16,16,0.1,val,server,25,134,9,143,True,0.6998341625207296
SIDER,fedavg_proto,0.5,0,43,200,16,16,0.1,val,server,26,95,48,143,True,0.5752192982456141
SIDER,fedavg_proto,0.5,0,43,200,16,16,0.1,val,client_0,0,76,67,143,True,0.6113511390416339
SIDER,fedavg_proto,0.5,0,43,200,16,16,0.1,val,client_0,1,99,44,143,True,0.6232782369146005
SIDER,fedavg_proto,0.5,0,43,200,16,16,0.1,val,client_0,2,2,141,143,True,0.6382978723404256
SIDER,fedavg_proto,0.5,0,43,200,16,16,0.1,val,client_0,3,85,58,143,True,0.6298174442190669
SIDER,fedavg_proto,0.5,0,43,200,16,16,0.1,val,client_0,4,117,26,143,True,0.7018408941485864
SIDER,fedavg_proto,0.5,0,43,200,16,16,0.1,val,client_0,5,99,44,143,True,0.6971992653810835
SIDER,fedavg_proto,0.5,0,43,200,16,16,0.1,val,client_0,6,131,12,143,True,0.6870229007633588
SIDER,fedavg_proto,0.5,0,43,200,16,16,0.1,val,client_0,7,20,123,143,True,0.6796747967479675
SIDER,fedavg_proto,0.5,0,43,200,16,16,0.1,val,client_0,8,97,46,143,True,0.6544150605109816
SIDER,fedavg_proto,0.5,0,43,200,16,16,0.1,val,client_0,9,71,72,143,True,0.5579029733959312
SIDER,fedavg_proto,0.5,0,43,200,16,16,0.1,val,client_0,10,35,108,143,True,0.6835978835978835
SIDER,fedavg_proto,0.5,0,43,200,16,16,0.1,val,client_0,11,130,13,143,True,0.6810650887573965
SIDER,fedavg_proto,0.5,0,43,200,16,16,0.1,val,client_0,12,37,106,143,True,0.6833248342682304
SIDER,fedavg_proto,0.5,0,43,200,16,16,0.1,val,client_0,13,20,123,143,True,0.674390243902439
SIDER,fedavg_proto,0.5,0,43,200,16,16,0.1,val,client_0,14,107,36,143,True,0.562564901349948
SIDER,fedavg_proto,0.5,0,43,200,16,16,0.1,val,client_0,15,94,49,143,True,0.6513243595310465
SIDER,fedavg_proto,0.5,0,43,200,16,16,0.1,val,client_0,16,129,14,143,True,0.686046511627907
SIDER,fedavg_proto,0.5,0,43,200,16,16,0.1,val,client_0,17,20,123,143,True,0.6004065040650406
SIDER,fedavg_proto,0.5,0,43,200,16,16,0.1,val,client_0,18,104,39,143,True,0.548570019723866
SIDER,fedavg_proto,0.5,0,43,200,16,16,0.1,val,client_0,19,103,40,143,True,0.6317961165048543
SIDER,fedavg_proto,0.5,0,43,200,16,16,0.1,val,client_0,20,102,41,143,True,0.6396461023433764
SIDER,fedavg_proto,0.5,0,43,200,16,16,0.1,val,client_0,21,98,45,143,True,0.6861678004535147
SIDER,fedavg_proto,0.5,0,43,200,16,16,0.1,val,client_0,22,10,133,143,True,0.650375939849624
SIDER,fedavg_proto,0.5,0,43,200,16,16,0.1,val,client_0,23,64,79,143,True,0.6119462025316456
SIDER,fedavg_proto,0.5,0,43,200,16,16,0.1,val,client_0,24,104,39,143,True,0.5821005917159763
SIDER,fedavg_proto,0.5,0,43,200,16,16,0.1,val,client_0,25,134,9,143,True,0.7255389718076286
SIDER,fedavg_proto,0.5,0,43,200,16,16,0.1,val,client_0,26,95,48,143,True,0.6708333333333334
SIDER,fedavg_proto,0.5,0,43,200,16,16,0.1,val,client_1,0,76,67,143,True,0.5665750196386489
SIDER,fedavg_proto,0.5,0,43,200,16,16,0.1,val,client_1,1,99,44,143,True,0.5975665748393021
SIDER,fedavg_proto,0.5,0,43,200,16,16,0.1,val,client_1,2,2,141,143,True,0.6631205673758865
SIDER,fedavg_proto,0.5,0,43,200,16,16,0.1,val,client_1,3,85,58,143,True,0.629817444219067
SIDER,fedavg_proto,0.5,0,43,200,16,16,0.1,val,client_1,4,117,26,143,True,0.6449704142011835
SIDER,fedavg_proto,0.5,0,43,200,16,16,0.1,val,client_1,5,99,44,143,True,0.5470615243342516
SIDER,fedavg_proto,0.5,0,43,200,16,16,0.1,val,client_1,6,131,12,143,True,0.7264631043256997
SIDER,fedavg_proto,0.5,0,43,200,16,16,0.1,val,client_1,7,20,123,143,True,0.5105691056910568
SIDER,fedavg_proto,0.5,0,43,200,16,16,0.1,val,client_1,8,97,46,143,True,0.6093679964141641
SIDER,fedavg_proto,0.5,0,43,200,16,16,0.1,val,client_1,9,71,72,143,True,0.6183489827856025
SIDER,fedavg_proto,0.5,0,43,200,16,16,0.1,val,client_1,10,35,108,143,True,0.5444444444444445
SIDER,fedavg_proto,0.5,0,43,200,16,16,0.1,val,client_1,11,130,13,143,True,0.5763313609467455
SIDER,fedavg_proto,0.5,0,43,200,16,16,0.1,val,client_1,12,37,106,143,True,0.6019887812340643
SIDER,fedavg_proto,0.5,0,43,200,16,16,0.1,val,client_1,13,20,123,143,True,0.6126016260162602
SIDER,fedavg_proto,0.5,0,43,200,16,16,0.1,val,client_1,14,107,36,143,True,0.5934579439252337
SIDER,fedavg_proto,0.5,0,43,200,16,16,0.1,val,client_1,15,94,49,143,True,0.644159791576205
SIDER,fedavg_proto,0.5,0,43,200,16,16,0.1,val,client_1,16,129,14,143,True,0.6135105204872646
SIDER,fedavg_proto,0.5,0,43,200,16,16,0.1,val,client_1,17,20,123,143,True,0.5138211382113821
SIDER,fedavg_proto,0.5,0,43,200,16,16,0.1,val,client_1,18,104,39,143,True,0.48126232741617353
SIDER,fedavg_proto,0.5,0,43,200,16,16,0.1,val,client_1,19,103,40,143,True,0.6058252427184466
SIDER,fedavg_proto,0.5,0,43,200,16,16,0.1,val,client_1,20,102,41,143,True,0.5523672883787663
SIDER,fedavg_proto,0.5,0,43,200,16,16,0.1,val,client_1,21,98,45,143,True,0.6510204081632653
SIDER,fedavg_proto,0.5,0,43,200,16,16,0.1,val,client_1,22,10,133,143,True,0.5263157894736842
SIDER,fedavg_proto,0.5,0,43,200,16,16,0.1,val,client_1,23,64,79,143,True,0.5575553797468354
SIDER,fedavg_proto,0.5,0,43,200,16,16,0.1,val,client_1,24,104,39,143,True,0.627465483234714
SIDER,fedavg_proto,0.5,0,43,200,16,16,0.1,val,client_1,25,134,9,143,True,0.7587064676616915
SIDER,fedavg_proto,0.5,0,43,200,16,16,0.1,val,client_1,26,95,48,143,True,0.5361842105263158
SIDER,fedavg_proto,0.5,0,43,200,16,16,0.1,val,client_2,0,76,67,143,True,0.5540062843676355
SIDER,fedavg_proto,0.5,0,43,200,16,16,0.1,val,client_2,1,99,44,143,True,0.5890725436179982
SIDER,fedavg_proto,0.5,0,43,200,16,16,0.1,val,client_2,2,2,141,143,True,0.8936170212765958
SIDER,fedavg_proto,0.5,0,43,200,16,16,0.1,val,client_2,3,85,58,143,True,0.620892494929006
SIDER,fedavg_proto,0.5,0,43,200,16,16,0.1,val,client_2,4,117,26,143,True,0.6423405654174885
SIDER,fedavg_proto,0.5,0,43,200,16,16,0.1,val,client_2,5,99,44,143,True,0.5633608815426997
SIDER,fedavg_proto,0.5,0,43,200,16,16,0.1,val,client_2,6,131,12,143,True,0.7754452926208651
SIDER,fedavg_proto,0.5,0,43,200,16,16,0.1,val,client_2,7,20,123,143,True,0.6044715447154472
SIDER,fedavg_proto,0.5,0,43,200,16,16,0.1,val,client_2,8,97,46,143,True,0.6174361272971761
SIDER,fedavg_proto,0.5,0,43,200,16,16,0.1,val,client_2,9,71,72,143,True,0.613262910798122
SIDER,fedavg_proto,0.5,0,43,200,16,16,0.1,val,client_2,10,35,108,143,True,0.6026455026455025
SIDER,fedavg_proto,0.5,0,43,200,16,16,0.1,val,client_2,11,130,13,143,True,0.4662721893491124
SIDER,fedavg_proto,0.5,0,43,200,16,16,0.1,val,client_2,12,37,106,143,True,0.6292707802141764
SIDER,fedavg_proto,0.5,0,43,200,16,16,0.1,val,client_2,13,20,123,143,True,0.6211382113821138
SIDER,fedavg_proto,0.5,0,43,200,16,16,0.1,val,client_2,14,107,36,143,True,0.5301142263759085
SIDER,fedavg_proto,0.5,0,43,200,16,16,0.1,val,client_2,15,94,49,143,True,0.6736864958749458
SIDER,fedavg_proto,0.5,0,43,200,16,16,0.1,val,client_2,16,129,14,143,True,0.584717607973422
SIDER,fedavg_proto,0.5,0,43,200,16,16,0.1,val,client_2,17,20,123,143,True,0.4638211382113821
SIDER,fedavg_proto,0.5,0,43,200,16,16,0.1,val,client_2,18,104,39,143,True,0.5224358974358975
SIDER,fedavg_proto,0.5,0,43,200,16,16,0.1,val,client_2,19,103,40,143,True,0.541504854368932
SIDER,fedavg_proto,0.5,0,43,200,16,16,0.1,val,client_2,20,102,41,143,True,0.5203252032520325
SIDER,fedavg_proto,0.5,0,43,200,16,16,0.1,val,client_2,21,98,45,143,True,0.6294784580498867
SIDER,fedavg_proto,0.5,0,43,200,16,16,0.1,val,client_2,22,10,133,143,True,0.5902255639097744
SIDER,fedavg_proto,0.5,0,43,200,16,16,0.1,val,client_2,23,64,79,143,True,0.5638844936708861
SIDER,fedavg_proto,0.5,0,43,200,16,16,0.1,val,client_2,24,104,39,143,True,0.5700197238658777
SIDER,fedavg_proto,0.5,0,43,200,16,16,0.1,val,client_2,25,134,9,143,True,0.6633499170812603
SIDER,fedavg_proto,0.5,0,43,200,16,16,0.1,val,client_2,26,95,48,143,True,0.562719298245614
SIDER,fedavg_proto,0.5,0,43,200,16,16,0.1,val,client_3,0,76,67,143,True,0.6087981146897095
SIDER,fedavg_proto,0.5,0,43,200,16,16,0.1,val,client_3,1,99,44,143,True,0.6437098255280075
SIDER,fedavg_proto,0.5,0,43,200,16,16,0.1,val,client_3,2,2,141,143,True,0.5673758865248226
SIDER,fedavg_proto,0.5,0,43,200,16,16,0.1,val,client_3,3,85,58,143,True,0.5776876267748479
SIDER,fedavg_proto,0.5,0,43,200,16,16,0.1,val,client_3,4,117,26,143,True,0.720249835634451
SIDER,fedavg_proto,0.5,0,43,200,16,16,0.1,val,client_3,5,99,44,143,True,0.6625344352617081
SIDER,fedavg_proto,0.5,0,43,200,16,16,0.1,val,client_3,6,131,12,143,True,0.7512722646310432
SIDER,fedavg_proto,0.5,0,43,200,16,16,0.1,val,client_3,7,20,123,143,True,0.6178861788617885
SIDER,fedavg_proto,0.5,0,43,200,16,16,0.1,val,client_3,8,97,46,143,True,0.6057821604661586
SIDER,fedavg_proto,0.5,0,43,200,16,16,0.1,val,client_3,9,71,72,143,True,0.6199139280125195
SIDER,fedavg_proto,0.5,0,43,200,16,16,0.1,val,client_3,10,35,108,143,True,0.602910052910053
SIDER,fedavg_proto,0.5,0,43,200,16,16,0.1,val,client_3,11,130,13,143,True,0.662130177514793
SIDER,fedavg_proto,0.5,0,43,200,16,16,0.1,val,client_3,12,37,106,143,True,0.6970933197348291
SIDER,fedavg_proto,0.5,0,43,200,16,16,0.1,val,client_3,13,20,123,143,True,0.5739837398373984
SIDER,fedavg_proto,0.5,0,43,200,16,16,0.1,val,client_3,14,107,36,143,True,0.5456905503634475
SIDER,fedavg_proto,0.5,0,43,200,16,16,0.1,val,client_3,15,94,49,143,True,0.6419887103777682
SIDER,fedavg_proto,0.5,0,43,200,16,16,0.1,val,client_3,16,129,14,143,True,0.6373200442967885
SIDER,fedavg_proto,0.5,0,43,200,16,16,0.1,val,client_3,17,20,123,143,True,0.5247967479674798
SIDER,fedavg_proto,0.5,0,43,200,16,16,0.1,val,client_3,18,104,39,143,True,0.6311637080867849
SIDER,fedavg_proto,0.5,0,43,200,16,16,0.1,val,client_3,19,103,40,143,True,0.6223300970873786
SIDER,fedavg_proto,0.5,0,43,200,16,16,0.1,val,client_3,20,102,41,143,True,0.49186991869918706
SIDER,fedavg_proto,0.5,0,43,200,16,16,0.1,val,client_3,21,98,45,143,True,0.5979591836734695
SIDER,fedavg_proto,0.5,0,43,200,16,16,0.1,val,client_3,22,10,133,143,True,0.5789473684210527
SIDER,fedavg_proto,0.5,0,43,200,16,16,0.1,val,client_3,23,64,79,143,True,0.564873417721519
SIDER,fedavg_proto,0.5,0,43,200,16,16,0.1,val,client_3,24,104,39,143,True,0.5276134122287969
SIDER,fedavg_proto,0.5,0,43,200,16,16,0.1,val,client_3,25,134,9,143,True,0.6177446102819237
SIDER,fedavg_proto,0.5,0,43,200,16,16,0.1,val,client_3,26,95,48,143,True,0.5260964912280701
SIDER,fedavg_proto,0.5,0,43,200,16,16,0.1,test,server,0,72,71,143,True,0.6631455399061034
SIDER,fedavg_proto,0.5,0,43,200,16,16,0.1,test,server,1,105,38,143,True,0.6518796992481204
SIDER,fedavg_proto,0.5,0,43,200,16,16,0.1,test,server,2,5,138,143,True,0.4347826086956522
SIDER,fedavg_proto,0.5,0,43,200,16,16,0.1,test,server,3,90,53,143,True,0.5046121593291404
SIDER,fedavg_proto,0.5,0,43,200,16,16,0.1,test,server,4,118,25,143,True,0.5827118644067797
SIDER,fedavg_proto,0.5,0,43,200,16,16,0.1,test,server,5,104,39,143,True,0.571992110453649
SIDER,fedavg_proto,0.5,0,43,200,16,16,0.1,test,server,6,134,9,143,True,0.6077943615257049
SIDER,fedavg_proto,0.5,0,43,200,16,16,0.1,test,server,7,24,119,143,True,0.5822829131652661
SIDER,fedavg_proto,0.5,0,43,200,16,16,0.1,test,server,8,91,52,143,True,0.51458157227388
SIDER,fedavg_proto,0.5,0,43,200,16,16,0.1,test,server,9,74,69,143,True,0.6333725029377204
SIDER,fedavg_proto,0.5,0,43,200,16,16,0.1,test,server,10,39,104,143,True,0.5981262327416174
SIDER,fedavg_proto,0.5,0,43,200,16,16,0.1,test,server,11,130,13,143,True,0.5242603550295858
SIDER,fedavg_proto,0.5,0,43,200,16,16,0.1,test,server,12,33,110,143,True,0.6055096418732783
SIDER,fedavg_proto,0.5,0,43,200,16,16,0.1,test,server,13,20,123,143,True,0.6069105691056911
SIDER,fedavg_proto,0.5,0,43,200,16,16,0.1,test,server,14,113,30,143,True,0.5014749262536874
SIDER,fedavg_proto,0.5,0,43,200,16,16,0.1,test,server,15,83,60,143,True,0.6325301204819278
SIDER,fedavg_proto,0.5,0,43,200,16,16,0.1,test,server,16,131,12,143,True,0.6571246819338422
SIDER,fedavg_proto,0.5,0,43,200,16,16,0.1,test,server,17,30,113,143,True,0.6622418879056048
SIDER,fedavg_proto,0.5,0,43,200,16,16,0.1,test,server,18,109,34,143,True,0.5407447382622774
SIDER,fedavg_proto,0.5,0,43,200,16,16,0.1,test,server,19,104,39,143,True,0.4844674556213017
SIDER,fedavg_proto,0.5,0,43,200,16,16,0.1,test,server,20,102,41,143,True,0.4904351984696318
SIDER,fedavg_proto,0.5,0,43,200,16,16,0.1,test,server,21,98,45,143,True,0.5947845804988662
SIDER,fedavg_proto,0.5,0,43,200,16,16,0.1,test,server,22,14,129,143,True,0.6539313399778516
SIDER,fedavg_proto,0.5,0,43,200,16,16,0.1,test,server,23,60,83,143,True,0.4905622489959839
SIDER,fedavg_proto,0.5,0,43,200,16,16,0.1,test,server,24,98,45,143,True,0.49229024943310656
SIDER,fedavg_proto,0.5,0,43,200,16,16,0.1,test,server,25,132,11,143,True,0.6349862258953167
SIDER,fedavg_proto,0.5,0,43,200,16,16,0.1,test,server,26,101,42,143,True,0.6157472890146157
SIDER,fedavg_proto,0.5,0,43,200,16,16,0.1,test,client_0,0,72,71,143,True,0.6615805946791862
SIDER,fedavg_proto,0.5,0,43,200,16,16,0.1,test,client_0,1,105,38,143,True,0.574436090225564
SIDER,fedavg_proto,0.5,0,43,200,16,16,0.1,test,client_0,2,5,138,143,True,0.6985507246376812
SIDER,fedavg_proto,0.5,0,43,200,16,16,0.1,test,client_0,3,90,53,143,True,0.5324947589098532
SIDER,fedavg_proto,0.5,0,43,200,16,16,0.1,test,client_0,4,118,25,143,True,0.6613559322033898
SIDER,fedavg_proto,0.5,0,43,200,16,16,0.1,test,client_0,5,104,39,143,True,0.626232741617357
SIDER,fedavg_proto,0.5,0,43,200,16,16,0.1,test,client_0,6,134,9,143,True,0.5555555555555556
SIDER,fedavg_proto,0.5,0,43,200,16,16,0.1,test,client_0,7,24,119,143,True,0.5430672268907564
SIDER,fedavg_proto,0.5,0,43,200,16,16,0.1,test,client_0,8,91,52,143,True,0.525993237531699
SIDER,fedavg_proto,0.5,0,43,200,16,16,0.1,test,client_0,9,74,69,143,True,0.5979240109674893
SIDER,fedavg_proto,0.5,0,43,200,16,16,0.1,test,client_0,10,39,104,143,True,0.6060157790927021
SIDER,fedavg_proto,0.5,0,43,200,16,16,0.1,test,client_0,11,130,13,143,True,0.6704142011834319
SIDER,fedavg_proto,0.5,0,43,200,16,16,0.1,test,client_0,12,33,110,143,True,0.5650137741046832
SIDER,fedavg_proto,0.5,0,43,200,16,16,0.1,test,client_0,13,20,123,143,True,0.5849593495934959
SIDER,fedavg_proto,0.5,0,43,200,16,16,0.1,test,client_0,14,113,30,143,True,0.5781710914454278
SIDER,fedavg_proto,0.5,0,43,200,16,16,0.1,test,client_0,15,83,60,143,True,0.6646586345381525
SIDER,fedavg_proto,0.5,0,43,200,16,16,0.1,test,client_0,16,131,12,143,True,0.7309160305343512
SIDER,fedavg_proto,0.5,0,43,200,16,16,0.1,test,client_0,17,30,113,143,True,0.5589970501474927
SIDER,fedavg_proto,0.5,0,43,200,16,16,0.1,test,client_0,18,109,34,143,True,0.5118726389638424
SIDER,fedavg_proto,0.5,0,43,200,16,16,0.1,test,client_0,19,104,39,143,True,0.528846153846154
SIDER,fedavg_proto,0.5,0,43,200,16,16,0.1,test,client_0,20,102,41,143,True,0.5064562410329986
SIDER,fedavg_proto,0.5,0,43,200,16,16,0.1,test,client_0,21,98,45,143,True,0.5952380952380951
SIDER,fedavg_proto,0.5,0,43,200,16,16,0.1,test,client_0,22,14,129,143,True,0.592469545957918
SIDER,fedavg_proto,0.5,0,43,200,16,16,0.1,test,client_0,23,60,83,143,True,0.551004016064257
SIDER,fedavg_proto,0.5,0,43,200,16,16,0.1,test,client_0,24,98,45,143,True,0.528344671201814
SIDER,fedavg_proto,0.5,0,43,200,16,16,0.1,test,client_0,25,132,11,143,True,0.6039944903581267
SIDER,fedavg_proto,0.5,0,43,200,16,16,0.1,test,client_0,26,101,42,143,True,0.6525223950966526
SIDER,fedavg_proto,0.5,0,43,200,16,16,0.1,test,client_1,0,72,71,143,True,0.6246087636932708
SIDER,fedavg_proto,0.5,0,43,200,16,16,0.1,test,client_1,1,105,38,143,True,0.6030075187969924
SIDER,fedavg_proto,0.5,0,43,200,16,16,0.1,test,client_1,2,5,138,143,True,0.5565217391304348
SIDER,fedavg_proto,0.5,0,43,200,16,16,0.1,test,client_1,3,90,53,143,True,0.5165618448637317
SIDER,fedavg_proto,0.5,0,43,200,16,16,0.1,test,client_1,4,118,25,143,True,0.5091525423728813
SIDER,fedavg_proto,0.5,0,43,200,16,16,0.1,test,client_1,5,104,39,143,True,0.567800788954635
SIDER,fedavg_proto,0.5,0,43,200,16,16,0.1,test,client_1,6,134,9,143,True,0.5472636815920398
SIDER,fedavg_proto,0.5,0,43,200,16,16,0.1,test,client_1,7,24,119,143,True,0.6698179271708684
SIDER,fedavg_proto,0.5,0,43,200,16,16,0.1,test,client_1,8,91,52,143,True,0.5967878275570583
SIDER,fedavg_proto,0.5,0,43,200,16,16,0.1,test,client_1,9,74,69,143,True,0.6701919310614963
SIDER,fedavg_proto,0.5,0,43,200,16,16,0.1,test,client_1,10,39,104,143,True,0.6277120315581854
SIDER,fedavg_proto,0.5,0,43,200,16,16,0.1,test,client_1,11,130,13,143,True,0.48343195266272193
SIDER,fedavg_proto,0.5,0,43,200,16,16,0.1,test,client_1,12,33,110,143,True,0.6754820936639119
SIDER,fedavg_proto,0.5,0,43,200,16,16,0.1,test,client_1,13,20,123,143,True,0.6752032520325204
SIDER,fedavg_proto,0.5,0,43,200,16,16,0.1,test,client_1,14,113,30,143,True,0.496755162241888
SIDER,fedavg_proto,0.5,0,43,200,16,16,0.1,test,client_1,15,83,60,143,True,0.5867469879518071
SIDER,fedavg_proto,0.5,0,43,200,16,16,0.1,test,client_1,16,131,12,143,True,0.5235368956743003
SIDER,fedavg_proto,0.5,0,43,200,16,16,0.1,test,client_1,17,30,113,143,True,0.6504424778761062
SIDER,fedavg_proto,0.5,0,43,200,16,16,0.1,test,client_1,18,109,34,143,True,0.5626011872638964
SIDER,fedavg_proto,0.5,0,43,200,16,16,0.1,test,client_1,19,104,39,143,True,0.5002465483234715
SIDER,fedavg_proto,0.5,0,43,200,16,16,0.1,test,client_1,20,102,41,143,True,0.5066953610712578
SIDER,fedavg_proto,0.5,0,43,200,16,16,0.1,test,client_1,21,98,45,143,True,0.5099773242630387
SIDER,fedavg_proto,0.5,0,43,200,16,16,0.1,test,client_1,22,14,129,143,True,0.7580287929125138
SIDER,fedavg_proto,0.5,0,43,200,16,16,0.1,test,client_1,23,60,83,143,True,0.4967871485943775
SIDER,fedavg_proto,0.5,0,43,200,16,16,0.1,test,client_1,24,98,45,143,True,0.49433106575963726
SIDER,fedavg_proto,0.5,0,43,200,16,16,0.1,test,client_1,25,132,11,143,True,0.6150137741046832
SIDER,fedavg_proto,0.5,0,43,200,16,16,0.1,test,client_1,26,101,42,143,True,0.6169259783121168
SIDER,fedavg_proto,0.5,0,43,200,16,16,0.1,test,client_2,0,72,71,143,True,0.5500782472613459
SIDER,fedavg_proto,0.5,0,43,200,16,16,0.1,test,client_2,1,105,38,143,True,0.5390977443609023
SIDER,fedavg_proto,0.5,0,43,200,16,16,0.1,test,client_2,2,5,138,143,True,0.5376811594202899
SIDER,fedavg_proto,0.5,0,43,200,16,16,0.1,test,client_2,3,90,53,143,True,0.46582809224318655
SIDER,fedavg_proto,0.5,0,43,200,16,16,0.1,test,client_2,4,118,25,143,True,0.5457627118644067
SIDER,fedavg_proto,0.5,0,43,200,16,16,0.1,test,client_2,5,104,39,143,True,0.5483234714003945
SIDER,fedavg_proto,0.5,0,43,200,16,16,0.1,test,client_2,6,134,9,143,True,0.5655058043117744
SIDER,fedavg_proto,0.5,0,43,200,16,16,0.1,test,client_2,7,24,119,143,True,0.5892857142857142
SIDER,fedavg_proto,0.5,0,43,200,16,16,0.1,test,client_2,8,91,52,143,True,0.4997886728655959
SIDER,fedavg_proto,0.5,0,43,200,16,16,0.1,test,client_2,9,74,69,143,True,0.5581668625146886
SIDER,fedavg_proto,0.5,0,43,200,16,16,0.1,test,client_2,10,39,104,143,True,0.5981262327416174
SIDER,fedavg_proto,0.5,0,43,200,16,16,0.1,test,client_2,11,130,13,143,True,0.41301775147929
SIDER,fedavg_proto,0.5,0,43,200,16,16,0.1,test,client_2,12,33,110,143,True,0.6165289256198347
SIDER,fedavg_proto,0.5,0,43,200,16,16,0.1,test,client_2,13,20,123,143,True,0.6008130081300813
SIDER,fedavg_proto,0.5,0,43,200,16,16,0.1,test,client_2,14,113,30,143,True,0.5005899705014749
SIDER,fedavg_proto,0.5,0,43,200,16,16,0.1,test,client_2,15,83,60,143,True,0.6353413654618474
SIDER,fedavg_proto,0.5,0,43,200,16,16,0.1,test,client_2,16,131,12,143,True,0.6482188295165394
SIDER,fedavg_proto,0.5,0,43,200,16,16,0.1,test,client_2,17,30,113,143,True,0.6230088495575221
SIDER,fedavg_proto,0.5,0,43,200,16,16,0.1,test,client_2,18,109,34,143,True,0.4794927145169995
SIDER,fedavg_proto,0.5,0,43,200,16,16,0.1,test,client_2,19,104,39,143,True,0.45710059171597633
SIDER,fedavg_proto,0.5,0,43,200,16,16,0.1,test,client_2,20,102,41,143,True,0.4701099952175992
SIDER,fedavg_proto,0.5,0,43,200,16,16,0.1,test,client_2,21,98,45,143,True,0.5782312925170068
SIDER,fedavg_proto,0.5,0,43,200,16,16,0.1,test,client_2,22,14,129,143,True,0.5653377630121816
SIDER,fedavg_proto,0.5,0,43,200,16,16,0.1,test,client_2,23,60,83,143,True,0.48313253012048196
SIDER,fedavg_proto,0.5,0,43,200,16,16,0.1,test,client_2,24,98,45,143,True,0.4657596371882086
SIDER,fedavg_proto,0.5,0,43,200,16,16,0.1,test,client_2,25,132,11,143,True,0.5991735537190083
SIDER,fedavg_proto,0.5,0,43,200,16,16,0.1,test,client_2,26,101,42,143,True,0.5884016973125885
SIDER,fedavg_proto,0.5,0,43,200,16,16,0.1,test,client_3,0,72,71,143,True,0.6251956181533647
SIDER,fedavg_proto,0.5,0,43,200,16,16,0.1,test,client_3,1,105,38,143,True,0.6596491228070175
SIDER,fedavg_proto,0.5,0,43,200,16,16,0.1,test,client_3,2,5,138,143,True,0.6159420289855073
SIDER,fedavg_proto,0.5,0,43,200,16,16,0.1,test,client_3,3,90,53,143,True,0.5522012578616352
SIDER,fedavg_proto,0.5,0,43,200,16,16,0.1,test,client_3,4,118,25,143,True,0.6542372881355932
SIDER,fedavg_proto,0.5,0,43,200,16,16,0.1,test,client_3,5,104,39,143,True,0.5692800788954636
SIDER,fedavg_proto,0.5,0,43,200,16,16,0.1,test,client_3,6,134,9,143,True,0.6956882255389719
SIDER,fedavg_proto,0.5,0,43,200,16,16,0.1,test,client_3,7,24,119,143,True,0.5248599439775911
SIDER,fedavg_proto,0.5,0,43,200,16,16,0.1,test,client_3,8,91,52,143,True,0.5088757396449703
SIDER,fedavg_proto,0.5,0,43,200,16,16,0.1,test,client_3,9,74,69,143,True,0.6602036819428124
SIDER,fedavg_proto,0.5,0,43,200,16,16,0.1,test,client_3,10,39,104,143,True,0.5769230769230769
SIDER,fedavg_proto,0.5,0,43,200,16,16,0.1,test,client_3,11,130,13,143,True,0.6485207100591717
SIDER,fedavg_proto,0.5,0,43,200,16,16,0.1,test,client_3,12,33,110,143,True,0.5606060606060607
SIDER,fedavg_proto,0.5,0,43,200,16,16,0.1,test,client_3,13,20,123,143,True,0.5601626016260163
SIDER,fedavg_proto,0.5,0,43,200,16,16,0.1,test,client_3,14,113,30,143,True,0.6206489675516224
SIDER,fedavg_proto,0.5,0,43,200,16,16,0.1,test,client_3,15,83,60,143,True,0.6373493975903615
SIDER,fedavg_proto,0.5,0,43,200,16,16,0.1,test,client_3,16,131,12,143,True,0.7729007633587787
SIDER,fedavg_proto,0.5,0,43,200,16,16,0.1,test,client_3,17,30,113,143,True,0.5973451327433629
SIDER,fedavg_proto,0.5,0,43,200,16,16,0.1,test,client_3,18,109,34,143,True,0.5739341608202915
SIDER,fedavg_proto,0.5,0,43,200,16,16,0.1,test,client_3,19,104,39,143,True,0.5332840236686391
SIDER,fedavg_proto,0.5,0,43,200,16,16,0.1,test,client_3,20,102,41,143,True,0.5126733620277379
SIDER,fedavg_proto,0.5,0,43,200,16,16,0.1,test,client_3,21,98,45,143,True,0.6328798185941042
SIDER,fedavg_proto,0.5,0,43,200,16,16,0.1,test,client_3,22,14,129,143,True,0.5603543743078626
SIDER,fedavg_proto,0.5,0,43,200,16,16,0.1,test,client_3,23,60,83,143,True,0.5248995983935744
SIDER,fedavg_proto,0.5,0,43,200,16,16,0.1,test,client_3,24,98,45,143,True,0.5535147392290249
SIDER,fedavg_proto,0.5,0,43,200,16,16,0.1,test,client_3,25,132,11,143,True,0.7066115702479339
SIDER,fedavg_proto,0.5,0,43,200,16,16,0.1,test,client_3,26,101,42,143,True,0.5966525223950967
SIDER,fedavg_proto,0.5,0,44,200,16,16,0.1,val,server,0,76,67,143,True,0.5850353495679498
SIDER,fedavg_proto,0.5,0,44,200,16,16,0.1,val,server,1,99,44,143,True,0.6299357208448119
SIDER,fedavg_proto,0.5,0,44,200,16,16,0.1,val,server,2,2,141,143,True,0.5319148936170213
SIDER,fedavg_proto,0.5,0,44,200,16,16,0.1,val,server,3,85,58,143,True,0.6231237322515213
SIDER,fedavg_proto,0.5,0,44,200,16,16,0.1,val,server,4,117,26,143,True,0.6952662721893491
SIDER,fedavg_proto,0.5,0,44,200,16,16,0.1,val,server,5,99,44,143,True,0.6193755739210285
SIDER,fedavg_proto,0.5,0,44,200,16,16,0.1,val,server,6,131,12,143,True,0.7436386768447838
SIDER,fedavg_proto,0.5,0,44,200,16,16,0.1,val,server,7,20,123,143,True,0.6121951219512195
SIDER,fedavg_proto,0.5,0,44,200,16,16,0.1,val,server,8,97,46,143,True,0.6358135365307037
SIDER,fedavg_proto,0.5,0,44,200,16,16,0.1,val,server,9,71,72,143,True,0.6203051643192489
SIDER,fedavg_proto,0.5,0,44,200,16,16,0.1,val,server,10,35,108,143,True,0.6370370370370371
SIDER,fedavg_proto,0.5,0,44,200,16,16,0.1,val,server,11,130,13,143,True,0.6431952662721894
SIDER,fedavg_proto,0.5,0,44,200,16,16,0.1,val,server,12,37,106,143,True,0.7004079551249363
SIDER,fedavg_proto,0.5,0,44,200,16,16,0.1,val,server,13,20,123,143,True,0.5808943089430895
SIDER,fedavg_proto,0.5,0,44,200,16,16,0.1,val,server,14,107,36,143,True,0.5404984423676013
SIDER,fedavg_proto,0.5,0,44,200,16,16,0.1,val,server,15,94,49,143,True,0.6463308727746419
SIDER,fedavg_proto,0.5,0,44,200,16,16,0.1,val,server,16,129,14,143,True,0.64562569213732
SIDER,fedavg_proto,0.5,0,44,200,16,16,0.1,val,server,17,20,123,143,True,0.49878048780487805
SIDER,fedavg_proto,0.5,0,44,200,16,16,0.1,val,server,18,104,39,143,True,0.5562130177514792
SIDER,fedavg_proto,0.5,0,44,200,16,16,0.1,val,server,19,103,40,143,True,0.6225728155339805
SIDER,fedavg_proto,0.5,0,44,200,16,16,0.1,val,server,20,102,41,143,True,0.524390243902439
SIDER,fedavg_proto,0.5,0,44,200,16,16,0.1,val,server,21,98,45,143,True,0.6879818594104308
SIDER,fedavg_proto,0.5,0,44,200,16,16,0.1,val,server,22,10,133,143,True,0.6157894736842106
SIDER,fedavg_proto,0.5,0,44,200,16,16,0.1,val,server,23,64,79,143,True,0.5941455696202532
SIDER,fedavg_proto,0.5,0,44,200,16,16,0.1,val,server,24,104,39,143,True,0.5616370808678501
SIDER,fedavg_proto,0.5,0,44,200,16,16,0.1,val,server,25,134,9,143,True,0.6691542288557214
SIDER,fedavg_proto,0.5,0,44,200,16,16,0.1,val,server,26,95,48,143,True,0.5809210526315791
SIDER,fedavg_proto,0.5,0,44,200,16,16,0.1,val,client_0,0,76,67,143,True,0.6036920659858602
SIDER,fedavg_proto,0.5,0,44,200,16,16,0.1,val,client_0,1,99,44,143,True,0.6306244260789715
SIDER,fedavg_proto,0.5,0,44,200,16,16,0.1,val,client_0,2,2,141,143,True,0.41843971631205673
SIDER,fedavg_proto,0.5,0,44,200,16,16,0.1,val,client_0,3,85,58,143,True,0.6127789046653144
SIDER,fedavg_proto,0.5,0,44,200,16,16,0.1,val,client_0,4,117,26,143,True,0.7047994740302432
SIDER,fedavg_proto,0.5,0,44,200,16,16,0.1,val,client_0,5,99,44,143,True,0.696969696969697
SIDER,fedavg_proto,0.5,0,44,200,16,16,0.1,val,client_0,6,131,12,143,True,0.6857506361323156
SIDER,fedavg_proto,0.5,0,44,200,16,16,0.1,val,client_0,7,20,123,143,True,0.6451219512195122
SIDER,fedavg_proto,0.5,0,44,200,16,16,0.1,val,client_0,8,97,46,143,True,0.6225907664724339
SIDER,fedavg_proto,0.5,0,44,200,16,16,0.1,val,client_0,9,71,72,143,True,0.5502738654147105
SIDER,fedavg_proto,0.5,0,44,200,16,16,0.1,val,client_0,10,35,108,143,True,0.7084656084656085
SIDER,fedavg_proto,0.5,0,44,200,16,16,0.1,val,client_0,11,130,13,143,True,0.6745562130177515
SIDER,fedavg_proto,0.5,0,44,200,16,16,0.1,val,client_0,12,37,106,143,True,0.6685364609892912
SIDER,fedavg_proto,0.5,0,44,200,16,16,0.1,val,client_0,13,20,123,143,True,0.6333333333333333
SIDER,fedavg_proto,0.5,0,44,200,16,16,0.1,val,client_0,14,107,36,143,True,0.5796988577362409
SIDER,fedavg_proto,0.5,0,44,200,16,16,0.1,val,client_0,15,94,49,143,True,0.645462440295267
SIDER,fedavg_proto,0.5,0,44,200,16,16,0.1,val,client_0,16,129,14,143,True,0.6378737541528239
SIDER,fedavg_proto,0.5,0,44,200,16,16,0.1,val,client_0,17,20,123,143,True,0.5739837398373984
SIDER,fedavg_proto,0.5,0,44,200,16,16,0.1,val,client_0,18,104,39,143,True,0.5446252465483234
SIDER,fedavg_proto,0.5,0,44,200,16,16,0.1,val,client_0,19,103,40,143,True,0.6405339805825242
SIDER,fedavg_proto,0.5,0,44,200,16,16,0.1,val,client_0,20,102,41,143,True,0.6410808225729316
SIDER,fedavg_proto,0.5,0,44,200,16,16,0.1,val,client_0,21,98,45,143,True,0.6782312925170069
SIDER,fedavg_proto,0.5,0,44,200,16,16,0.1,val,client_0,22,10,133,143,True,0.6225563909774436
SIDER,fedavg_proto,0.5,0,44,200,16,16,0.1,val,client_0,23,64,79,143,True,0.5830696202531646
SIDER,fedavg_proto,0.5,0,44,200,16,16,0.1,val,client_0,24,104,39,143,True,0.5774161735700196
SIDER,fedavg_proto,0.5,0,44,200,16,16,0.1,val,client_0,25,134,9,143,True,0.7180762852404644
SIDER,fedavg_proto,0.5,0,44,200,16,16,0.1,val,client_0,26,95,48,143,True,0.6690789473684211
SIDER,fedavg_proto,0.5,0,44,200,16,16,0.1,val,client_1,0,76,67,143,True,0.5791437549096623
SIDER,fedavg_proto,0.5,0,44,200,16,16,0.1,val,client_1,1,99,44,143,True,0.6058310376492195
SIDER,fedavg_proto,0.5,0,44,200,16,16,0.1,val,client_1,2,2,141,143,True,0.574468085106383
SIDER,fedavg_proto,0.5,0,44,200,16,16,0.1,val,client_1,3,85,58,143,True,0.6221095334685599
SIDER,fedavg_proto,0.5,0,44,200,16,16,0.1,val,client_1,4,117,26,143,True,0.6433267587113741
SIDER,fedavg_proto,0.5,0,44,200,16,16,0.1,val,client_1,5,99,44,143,True,0.5275482093663912
SIDER,fedavg_proto,0.5,0,44,200,16,16,0.1,val,client_1,6,131,12,143,True,0.7111959287531807
SIDER,fedavg_proto,0.5,0,44,200,16,16,0.1,val,client_1,7,20,123,143,True,0.5081300813008129
SIDER,fedavg_proto,0.5,0,44,200,16,16,0.1,val,client_1,8,97,46,143,True,0.6048857014791574
SIDER,fedavg_proto,0.5,0,44,200,16,16,0.1,val,client_1,9,71,72,143,True,0.6087636932707354
SIDER,fedavg_proto,0.5,0,44,200,16,16,0.1,val,client_1,10,35,108,143,True,0.5539682539682539
SIDER,fedavg_proto,0.5,0,44,200,16,16,0.1,val,client_1,11,130,13,143,True,0.563905325443787
SIDER,fedavg_proto,0.5,0,44,200,16,16,0.1,val,client_1,12,37,106,143,True,0.6030086690464049
SIDER,fedavg_proto,0.5,0,44,200,16,16,0.1,val,client_1,13,20,123,143,True,0.5833333333333333
SIDER,fedavg_proto,0.5,0,44,200,16,16,0.1,val,client_1,14,107,36,143,True,0.5706126687435098
SIDER,fedavg_proto,0.5,0,44,200,16,16,0.1,val,client_1,15,94,49,143,True,0.6335214937038645
SIDER,fedavg_proto,0.5,0,44,200,16,16,0.1,val,client_1,16,129,14,143,True,0.6107419712070875
SIDER,fedavg_proto,0.5,0,44,200,16,16,0.1,val,client_1,17,20,123,143,True,0.5349593495934959
SIDER,fedavg_proto,0.5,0,44,200,16,16,0.1,val,client_1,18,104,39,143,True,0.4980276134122288
SIDER,fedavg_proto,0.5,0,44,200,16,16,0.1,val,client_1,19,103,40,143,True,0.5939320388349515
SIDER,fedavg_proto,0.5,0,44,200,16,16,0.1,val,client_1,20,102,41,143,True,0.5394548063127691
SIDER,fedavg_proto,0.5,0,44,200,16,16,0.1,val,client_1,21,98,45,143,True,0.6360544217687075
SIDER,fedavg_proto,0.5,0,44,200,16,16,0.1,val,client_1,22,10,133,143,True,0.5609022556390977
SIDER,fedavg_proto,0.5,0,44,200,16,16,0.1,val,client_1,23,64,79,143,True,0.5403481012658228
SIDER,fedavg_proto,0.5,0,44,200,16,16,0.1,val,client_1,24,104,39,143,True,0.6082347140039448
SIDER,fedavg_proto,0.5,0,44,200,16,16,0.1,val,client_1,25,134,9,143,True,0.7429519071310117
SIDER,fedavg_proto,0.5,0,44,200,16,16,0.1,val,client_1,26,95,48,143,True,0.5410087719298247
SIDER,fedavg_proto,0.5,0,44,200,16,16,0.1,val,client_2,0,76,67,143,True,0.5789473684210527
SIDER,fedavg_proto,0.5,0,44,200,16,16,0.1,val,client_2,1,99,44,143,True,0.5743801652892562
SIDER,fedavg_proto,0.5,0,44,200,16,16,0.1,val,client_2,2,2,141,143,True,0.8297872340425532
SIDER,fedavg_proto,0.5,0,44,200,16,16,0.1,val,client_2,3,85,58,143,True,0.568762677484787
SIDER,fedavg_proto,0.5,0,44,200,16,16,0.1,val,client_2,4,117,26,143,True,0.6209730440499671
SIDER,fedavg_proto,0.5,0,44,200,16,16,0.1,val,client_2,5,99,44,143,True,0.5589990817263544
SIDER,fedavg_proto,0.5,0,44,200,16,16,0.1,val,client_2,6,131,12,143,True,0.7678117048346057
SIDER,fedavg_proto,0.5,0,44,200,16,16,0.1,val,client_2,7,20,123,143,True,0.5443089430894309
SIDER,fedavg_proto,0.5,0,44,200,16,16,0.1,val,client_2,8,97,46,143,True,0.6178843567906769
SIDER,fedavg_proto,0.5,0,44,200,16,16,0.1,val,client_2,9,71,72,143,True,0.5962441314553991
SIDER,fedavg_proto,0.5,0,44,200,16,16,0.1,val,client_2,10,35,108,143,True,0.6222222222222222
SIDER,fedavg_proto,0.5,0,44,200,16,16,0.1,val,client_2,11,130,13,143,True,0.43313609467455616
SIDER,fedavg_proto,0.5,0,44,200,16,16,0.1,val,client_2,12,37,106,143,True,0.6404895461499236
SIDER,fedavg_proto,0.5,0,44,200,16,16,0.1,val,client_2,13,20,123,143,True,0.5573170731707316
SIDER,fedavg_proto,0.5,0,44,200,16,16,0.1,val,client_2,14,107,36,143,True,0.5267393561786085
SIDER,fedavg_proto,0.5,0,44,200,16,16,0.1,val,client_2,15,94,49,143,True,0.6769431176726011
SIDER,fedavg_proto,0.5,0,44,200,16,16,0.1,val,client_2,16,129,14,143,True,0.5764119601328903
SIDER,fedavg_proto,0.5,0,44,200,16,16,0.1,val,client_2,17,20,123,143,True,0.4512195121951219
SIDER,fedavg_proto,0.5,0,44,200,16,16,0.1,val,client_2,18,104,39,143,True,0.5298323471400395
SIDER,fedavg_proto,0.5,0,44,200,16,16,0.1,val,client_2,19,103,40,143,True,0.5347087378640777
SIDER,fedavg_proto,0.5,0,44,200,16,16,0.1,val,client_2,20,102,41,143,True,0.4971305595408896
SIDER,fedavg_proto,0.5,0,44,200,16,16,0.1,val,client_2,21,98,45,143,True,0.6421768707482993
SIDER,fedavg_proto,0.5,0,44,200,16,16,0.1,val,client_2,22,10,133,143,True,0.5962406015037593
SIDER,fedavg_proto,0.5,0,44,200,16,16,0.1,val,client_2,23,64,79,143,True,0.5508306962025317
SIDER,fedavg_proto,0.5,0,44,200,16,16,0.1,val,client_2,24,104,39,143,True,0.5527613412228798
SIDER,fedavg_proto,0.5,0,44,200,16,16,0.1,val,client_2,25,134,9,143,True,0.658374792703151
SIDER,fedavg_proto,0.5,0,44,200,16,16,0.1,val,client_2,26,95,48,143,True,0.5771929824561404
SIDER,fedavg_proto,0.5,0,44,200,16,16,0.1,val,client_3,0,76,67,143,True,0.6239198743126474
SIDER,fedavg_proto,0.5,0,44,200,16,16,0.1,val,client_3,1,99,44,143,True,0.6299357208448118
SIDER,fedavg_proto,0.5,0,44,200,16,16,0.1,val,client_3,2,2,141,143,True,0.648936170212766
SIDER,fedavg_proto,0.5,0,44,200,16,16,0.1,val,client_3,3,85,58,143,True,0.5718052738336714
SIDER,fedavg_proto,0.5,0,44,200,16,16,0.1,val,client_3,4,117,26,143,True,0.7176199868507561
SIDER,fedavg_proto,0.5,0,44,200,16,16,0.1,val,client_3,5,99,44,143,True,0.6593204775022957
SIDER,fedavg_proto,0.5,0,44,200,16,16,0.1,val,client_3,6,131,12,143,True,0.7595419847328244
SIDER,fedavg_proto,0.5,0,44,200,16,16,0.1,val,client_3,7,20,123,143,True,0.5808943089430895
SIDER,fedavg_proto,0.5,0,44,200,16,16,0.1,val,client_3,8,97,46,143,True,0.5999551770506499
SIDER,fedavg_proto,0.5,0,44,200,16,16,0.1,val,client_3,9,71,72,143,True,0.6316510172143974
SIDER,fedavg_proto,0.5,0,44,200,16,16,0.1,val,client_3,10,35,108,143,True,0.6055555555555555
SIDER,fedavg_proto,0.5,0,44,200,16,16,0.1,val,client_3,11,130,13,143,True,0.6479289940828403
SIDER,fedavg_proto,0.5,0,44,200,16,16,0.1,val,client_3,12,37,106,143,True,0.6993880673125956
SIDER,fedavg_proto,0.5,0,44,200,16,16,0.1,val,client_3,13,20,123,143,True,0.5715447154471545
SIDER,fedavg_proto,0.5,0,44,200,16,16,0.1,val,client_3,14,107,36,143,True,0.545171339563863
SIDER,fedavg_proto,0.5,0,44,200,16,16,0.1,val,client_3,15,94,49,143,True,0.6413373860182371
SIDER,fedavg_proto,0.5,0,44,200,16,16,0.1,val,client_3,16,129,14,143,True,0.6384274640088593
SIDER,fedavg_proto,0.5,0,44,200,16,16,0.1,val,client_3,17,20,123,143,True,0.5459349593495936
SIDER,fedavg_proto,0.5,0,44,200,16,16,0.1,val,client_3,18,104,39,143,True,0.6267258382642998
SIDER,fedavg_proto,0.5,0,44,200,16,16,0.1,val,client_3,19,103,40,143,True,0.6203883495145631
SIDER,fedavg_proto,0.5,0,44,200,16,16,0.1,val,client_3,20,102,41,143,True,0.4856527977044476
SIDER,fedavg_proto,0.5,0,44,200,16,16,0.1,val,client_3,21,98,45,143,True,0.5956916099773242
SIDER,fedavg_proto,0.5,0,44,200,16,16,0.1,val,client_3,22,10,133,143,True,0.5586466165413534
SIDER,fedavg_proto,0.5,0,44,200,16,16,0.1,val,client_3,23,64,79,143,True,0.5640822784810127
SIDER,fedavg_proto,0.5,0,44,200,16,16,0.1,val,client_3,24,104,39,143,True,0.52465483234714
SIDER,fedavg_proto,0.5,0,44,200,16,16,0.1,val,client_3,25,134,9,143,True,0.6069651741293532
SIDER,fedavg_proto,0.5,0,44,200,16,16,0.1,val,client_3,26,95,48,143,True,0.5333333333333333
SIDER,fedavg_proto,0.5,0,44,200,16,16,0.1,test,server,0,72,71,143,True,0.6562989045383412
SIDER,fedavg_proto,0.5,0,44,200,16,16,0.1,test,server,1,105,38,143,True,0.6573934837092731
SIDER,fedavg_proto,0.5,0,44,200,16,16,0.1,test,server,2,5,138,143,True,0.4695652173913044
SIDER,fedavg_proto,0.5,0,44,200,16,16,0.1,test,server,3,90,53,143,True,0.4968553459119497
SIDER,fedavg_proto,0.5,0,44,200,16,16,0.1,test,server,4,118,25,143,True,0.5847457627118644
SIDER,fedavg_proto,0.5,0,44,200,16,16,0.1,test,server,5,104,39,143,True,0.56336291913215
SIDER,fedavg_proto,0.5,0,44,200,16,16,0.1,test,server,6,134,9,143,True,0.6044776119402986
SIDER,fedavg_proto,0.5,0,44,200,16,16,0.1,test,server,7,24,119,143,True,0.578781512605042
SIDER,fedavg_proto,0.5,0,44,200,16,16,0.1,test,server,8,91,52,143,True,0.5314877430262046
SIDER,fedavg_proto,0.5,0,44,200,16,16,0.1,test,server,9,74,69,143,True,0.6376811594202898
SIDER,fedavg_proto,0.5,0,44,200,16,16,0.1,test,server,10,39,104,143,True,0.5986193293885601
SIDER,fedavg_proto,0.5,0,44,200,16,16,0.1,test,server,11,130,13,143,True,0.5325443786982248
SIDER,fedavg_proto,0.5,0,44,200,16,16,0.1,test,server,12,33,110,143,True,0.61900826446281
SIDER,fedavg_proto,0.5,0,44,200,16,16,0.1,test,server,13,20,123,143,True,0.6060975609756099
SIDER,fedavg_proto,0.5,0,44,200,16,16,0.1,test,server,14,113,30,143,True,0.5209439528023599
SIDER,fedavg_proto,0.5,0,44,200,16,16,0.1,test,server,15,83,60,143,True,0.6295180722891566
SIDER,fedavg_proto,0.5,0,44,200,16,16,0.1,test,server,16,131,12,143,True,0.6876590330788803
SIDER,fedavg_proto,0.5,0,44,200,16,16,0.1,test,server,17,30,113,143,True,0.6554572271386431
SIDER,fedavg_proto,0.5,0,44,200,16,16,0.1,test,server,18,109,34,143,True,0.5453318942255801
SIDER,fedavg_proto,0.5,0,44,200,16,16,0.1,test,server,19,104,39,143,True,0.5044378698224852
SIDER,fedavg_proto,0.5,0,44,200,16,16,0.1,test,server,20,102,41,143,True,0.47776183644189385
SIDER,fedavg_proto,0.5,0,44,200,16,16,0.1,test,server,21,98,45,143,True,0.5870748299319728
SIDER,fedavg_proto,0.5,0,44,200,16,16,0.1,test,server,22,14,129,143,True,0.6533776301218162
SIDER,fedavg_proto,0.5,0,44,200,16,16,0.1,test,server,23,60,83,143,True,0.4795180722891566
SIDER,fedavg_proto,0.5,0,44,200,16,16,0.1,test,server,24,98,45,143,True,0.4972789115646258
SIDER,fedavg_proto,0.5,0,44,200,16,16,0.1,test,server,25,132,11,143,True,0.6370523415977962
SIDER,fedavg_proto,0.5,0,44,200,16,16,0.1,test,server,26,101,42,143,True,0.6166902404526168
SIDER,fedavg_proto,0.5,0,44,200,16,16,0.1,test,client_0,0,72,71,143,True,0.6561032863849764
SIDER,fedavg_proto,0.5,0,44,200,16,16,0.1,test,client_0,1,105,38,143,True,0.5987468671679198
SIDER,fedavg_proto,0.5,0,44,200,16,16,0.1,test,client_0,2,5,138,143,True,0.7217391304347827
SIDER,fedavg_proto,0.5,0,44,200,16,16,0.1,test,client_0,3,90,53,143,True,0.509853249475891
SIDER,fedavg_proto,0.5,0,44,200,16,16,0.1,test,client_0,4,118,25,143,True,0.655593220338983
SIDER,fedavg_proto,0.5,0,44,200,16,16,0.1,test,client_0,5,104,39,143,True,0.6094674556213018
SIDER,fedavg_proto,0.5,0,44,200,16,16,0.1,test,client_0,6,134,9,143,True,0.527363184079602
SIDER,fedavg_proto,0.5,0,44,200,16,16,0.1,test,client_0,7,24,119,143,True,0.5381652661064427
SIDER,fedavg_proto,0.5,0,44,200,16,16,0.1,test,client_0,8,91,52,143,True,0.5289518174133558
SIDER,fedavg_proto,0.5,0,44,200,16,16,0.1,test,client_0,9,74,69,143,True,0.6118292205248728
SIDER,fedavg_proto,0.5,0,44,200,16,16,0.1,test,client_0,10,39,104,143,True,0.6227810650887574
SIDER,fedavg_proto,0.5,0,44,200,16,16,0.1,test,client_0,11,130,13,143,True,0.6615384615384615
SIDER,fedavg_proto,0.5,0,44,200,16,16,0.1,test,client_0,12,33,110,143,True,0.5672176308539946
SIDER,fedavg_proto,0.5,0,44,200,16,16,0.1,test,client_0,13,20,123,143,True,0.556910569105691
SIDER,fedavg_proto,0.5,0,44,200,16,16,0.1,test,client_0,14,113,30,143,True,0.5581120943952802
SIDER,fedavg_proto,0.5,0,44,200,16,16,0.1,test,client_0,15,83,60,143,True,0.6576305220883534
SIDER,fedavg_proto,0.5,0,44,200,16,16,0.1,test,client_0,16,131,12,143,True,0.6819338422391857
SIDER,fedavg_proto,0.5,0,44,200,16,16,0.1,test,client_0,17,30,113,143,True,0.5575221238938053
SIDER,fedavg_proto,0.5,0,44,200,16,16,0.1,test,client_0,18,109,34,143,True,0.5339989206691851
SIDER,fedavg_proto,0.5,0,44,200,16,16,0.1,test,client_0,19,104,39,143,True,0.5046844181459567
SIDER,fedavg_proto,0.5,0,44,200,16,16,0.1,test,client_0,20,102,41,143,True,0.4842180774748924
SIDER,fedavg_proto,0.5,0,44,200,16,16,0.1,test,client_0,21,98,45,143,True,0.6131519274376418
SIDER,fedavg_proto,0.5,0,44,200,16,16,0.1,test,client_0,22,14,129,143,True,0.6052048726467331
SIDER,fedavg_proto,0.5,0,44,200,16,16,0.1,test,client_0,23,60,83,143,True,0.5439759036144578
SIDER,fedavg_proto,0.5,0,44,200,16,16,0.1,test,client_0,24,98,45,143,True,0.5317460317460317
SIDER,fedavg_proto,0.5,0,44,200,16,16,0.1,test,client_0,25,132,11,143,True,0.5984848484848485
SIDER,fedavg_proto,0.5,0,44,200,16,16,0.1,test,client_0,26,101,42,143,True,0.6386138613861386
SIDER,fedavg_proto,0.5,0,44,200,16,16,0.1,test,client_1,0,72,71,143,True,0.6220657276995305
SIDER,fedavg_proto,0.5,0,44,200,16,16,0.1,test,client_1,1,105,38,143,True,0.5972431077694235
SIDER,fedavg_proto,0.5,0,44,200,16,16,0.1,test,client_1,2,5,138,143,True,0.5898550724637682
SIDER,fedavg_proto,0.5,0,44,200,16,16,0.1,test,client_1,3,90,53,143,True,0.5083857442348008
SIDER,fedavg_proto,0.5,0,44,200,16,16,0.1,test,client_1,4,118,25,143,True,0.5122033898305085
SIDER,fedavg_proto,0.5,0,44,200,16,16,0.1,test,client_1,5,104,39,143,True,0.5505424063116371
SIDER,fedavg_proto,0.5,0,44,200,16,16,0.1,test,client_1,6,134,9,143,True,0.5381426202321724
SIDER,fedavg_proto,0.5,0,44,200,16,16,0.1,test,client_1,7,24,119,143,True,0.6845238095238095
SIDER,fedavg_proto,0.5,0,44,200,16,16,0.1,test,client_1,8,91,52,143,True,0.5915046491969569
SIDER,fedavg_proto,0.5,0,44,200,16,16,0.1,test,client_1,9,74,69,143,True,0.6807677242459851
SIDER,fedavg_proto,0.5,0,44,200,16,16,0.1,test,client_1,10,39,104,143,True,0.6363412228796844
SIDER,fedavg_proto,0.5,0,44,200,16,16,0.1,test,client_1,11,130,13,143,True,0.527810650887574
SIDER,fedavg_proto,0.5,0,44,200,16,16,0.1,test,client_1,12,33,110,143,True,0.6892561983471075
SIDER,fedavg_proto,0.5,0,44,200,16,16,0.1,test,client_1,13,20,123,143,True,0.6796747967479674
SIDER,fedavg_proto,0.5,0,44,200,16,16,0.1,test,client_1,14,113,30,143,True,0.5230088495575221
SIDER,fedavg_proto,0.5,0,44,200,16,16,0.1,test,client_1,15,83,60,143,True,0.5837349397590361
SIDER,fedavg_proto,0.5,0,44,200,16,16,0.1,test,client_1,16,131,12,143,True,0.544529262086514
SIDER,fedavg_proto,0.5,0,44,200,16,16,0.1,test,client_1,17,30,113,143,True,0.6536873156342183
SIDER,fedavg_proto,0.5,0,44,200,16,16,0.1,test,client_1,18,109,34,143,True,0.5650296815974096
SIDER,fedavg_proto,0.5,0,44,200,16,16,0.1,test,client_1,19,104,39,143,True,0.5017258382642998
SIDER,fedavg_proto,0.5,0,44,200,16,16,0.1,test,client_1,20,102,41,143,True,0.4940219990435199
SIDER,fedavg_proto,0.5,0,44,200,16,16,0.1,test,client_1,21,98,45,143,True,0.5034013605442177
SIDER,fedavg_proto,0.5,0,44,200,16,16,0.1,test,client_1,22,14,129,143,True,0.7879291251384275
SIDER,fedavg_proto,0.5,0,44,200,16,16,0.1,test,client_1,23,60,83,143,True,0.4955823293172691
SIDER,fedavg_proto,0.5,0,44,200,16,16,0.1,test,client_1,24,98,45,143,True,0.4922902494331066
SIDER,fedavg_proto,0.5,0,44,200,16,16,0.1,test,client_1,25,132,11,143,True,0.5915977961432508
SIDER,fedavg_proto,0.5,0,44,200,16,16,0.1,test,client_1,26,101,42,143,True,0.6287128712871287
SIDER,fedavg_proto,0.5,0,44,200,16,16,0.1,test,client_2,0,72,71,143,True,0.5629890453834115
SIDER,fedavg_proto,0.5,0,44,200,16,16,0.1,test,client_2,1,105,38,143,True,0.5596491228070175
SIDER,fedavg_proto,0.5,0,44,200,16,16,0.1,test,client_2,2,5,138,143,True,0.5579710144927537
SIDER,fedavg_proto,0.5,0,44,200,16,16,0.1,test,client_2,3,90,53,143,True,0.4329140461215933
SIDER,fedavg_proto,0.5,0,44,200,16,16,0.1,test,client_2,4,118,25,143,True,0.543728813559322
SIDER,fedavg_proto,0.5,0,44,200,16,16,0.1,test,client_2,5,104,39,143,True,0.5485700197238659
SIDER,fedavg_proto,0.5,0,44,200,16,16,0.1,test,client_2,6,134,9,143,True,0.566334991708126
SIDER,fedavg_proto,0.5,0,44,200,16,16,0.1,test,client_2,7,24,119,143,True,0.5546218487394958
SIDER,fedavg_proto,0.5,0,44,200,16,16,0.1,test,client_2,8,91,52,143,True,0.5179628064243449
SIDER,fedavg_proto,0.5,0,44,200,16,16,0.1,test,client_2,9,74,69,143,True,0.5769682726204465
SIDER,fedavg_proto,0.5,0,44,200,16,16,0.1,test,client_2,10,39,104,143,True,0.6040433925049309
SIDER,fedavg_proto,0.5,0,44,200,16,16,0.1,test,client_2,11,130,13,143,True,0.3905325443786982
SIDER,fedavg_proto,0.5,0,44,200,16,16,0.1,test,client_2,12,33,110,143,True,0.6159779614325069
SIDER,fedavg_proto,0.5,0,44,200,16,16,0.1,test,client_2,13,20,123,143,True,0.5772357723577236
SIDER,fedavg_proto,0.5,0,44,200,16,16,0.1,test,client_2,14,113,30,143,True,0.49616519174041296
SIDER,fedavg_proto,0.5,0,44,200,16,16,0.1,test,client_2,15,83,60,143,True,0.6293172690763051
SIDER,fedavg_proto,0.5,0,44,200,16,16,0.1,test,client_2,16,131,12,143,True,0.6488549618320612
SIDER,fedavg_proto,0.5,0,44,200,16,16,0.1,test,client_2,17,30,113,143,True,0.6315634218289086
SIDER,fedavg_proto,0.5,0,44,200,16,16,0.1,test,client_2,18,109,34,143,True,0.5064759848893685
SIDER,fedavg_proto,0.5,0,44,200,16,16,0.1,test,client_2,19,104,39,143,True,0.43392504930966475
SIDER,fedavg_proto,0.5,0,44,200,16,16,0.1,test,client_2,20,102,41,143,True,0.43065518890483023
SIDER,fedavg_proto,0.5,0,44,200,16,16,0.1,test,client_2,21,98,45,143,True,0.5564625850340137
SIDER,fedavg_proto,0.5,0,44,200,16,16,0.1,test,client_2,22,14,129,143,True,0.6234772978959024
SIDER,fedavg_proto,0.5,0,44,200,16,16,0.1,test,client_2,23,60,83,143,True,0.4684738955823293
SIDER,fedavg_proto,0.5,0,44,200,16,16,0.1,test,client_2,24,98,45,143,True,0.4433106575963719
SIDER,fedavg_proto,0.5,0,44,200,16,16,0.1,test,client_2,25,132,11,143,True,0.5647382920110193
SIDER,fedavg_proto,0.5,0,44,200,16,16,0.1,test,client_2,26,101,42,143,True,0.5693069306930693
SIDER,fedavg_proto,0.5,0,44,200,16,16,0.1,test,client_3,0,72,71,143,True,0.611697965571205
SIDER,fedavg_proto,0.5,0,44,200,16,16,0.1,test,client_3,1,105,38,143,True,0.6561403508771929
SIDER,fedavg_proto,0.5,0,44,200,16,16,0.1,test,client_3,2,5,138,143,True,0.6289855072463768
SIDER,fedavg_proto,0.5,0,44,200,16,16,0.1,test,client_3,3,90,53,143,True,0.5496855345911948
SIDER,fedavg_proto,0.5,0,44,200,16,16,0.1,test,client_3,4,118,25,143,True,0.6593220338983051
SIDER,fedavg_proto,0.5,0,44,200,16,16,0.1,test,client_3,5,104,39,143,True,0.5737179487179487
SIDER,fedavg_proto,0.5,0,44,200,16,16,0.1,test,client_3,6,134,9,143,True,0.7114427860696517
SIDER,fedavg_proto,0.5,0,44,200,16,16,0.1,test,client_3,7,24,119,143,True,0.5353641456582634
SIDER,fedavg_proto,0.5,0,44,200,16,16,0.1,test,client_3,8,91,52,143,True,0.510777683854607
SIDER,fedavg_proto,0.5,0,44,200,16,16,0.1,test,client_3,9,74,69,143,True,0.6600078339208775
SIDER,fedavg_proto,0.5,0,44,200,16,16,0.1,test,client_3,10,39,104,143,True,0.5766765285996056
SIDER,fedavg_proto,0.5,0,44,200,16,16,0.1,test,client_3,11,130,13,143,True,0.6218934911242604
SIDER,fedavg_proto,0.5,0,44,200,16,16,0.1,test,client_3,12,33,110,143,True,0.5705234159779614
SIDER,fedavg_proto,0.5,0,44,200,16,16,0.1,test,client_3,13,20,123,143,True,0.5756097560975609
SIDER,fedavg_proto,0.5,0,44,200,16,16,0.1,test,client_3,14,113,30,143,True,0.6209439528023599
SIDER,fedavg_proto,0.5,0,44,200,16,16,0.1,test,client_3,15,83,60,143,True,0.6240963855421687
SIDER,fedavg_proto,0.5,0,44,200,16,16,0.1,test,client_3,16,131,12,143,True,0.7856234096692112
SIDER,fedavg_proto,0.5,0,44,200,16,16,0.1,test,client_3,17,30,113,143,True,0.5997050147492625
SIDER,fedavg_proto,0.5,0,44,200,16,16,0.1,test,client_3,18,109,34,143,True,0.569077172153265
SIDER,fedavg_proto,0.5,0,44,200,16,16,0.1,test,client_3,19,104,39,143,True,0.5490631163708087
SIDER,fedavg_proto,0.5,0,44,200,16,16,0.1,test,client_3,20,102,41,143,True,0.5193687230989956
SIDER,fedavg_proto,0.5,0,44,200,16,16,0.1,test,client_3,21,98,45,143,True,0.6297052154195012
SIDER,fedavg_proto,0.5,0,44,200,16,16,0.1,test,client_3,22,14,129,143,True,0.5398671096345515
SIDER,fedavg_proto,0.5,0,44,200,16,16,0.1,test,client_3,23,60,83,143,True,0.5154618473895582
SIDER,fedavg_proto,0.5,0,44,200,16,16,0.1,test,client_3,24,98,45,143,True,0.5682539682539681
SIDER,fedavg_proto,0.5,0,44,200,16,16,0.1,test,client_3,25,132,11,143,True,0.6955922865013774
SIDER,fedavg_proto,0.5,0,44,200,16,16,0.1,test,client_3,26,101,42,143,True,0.6060820367751061
SIDER,fedavg_proto,0.5,0,45,200,16,16,0.1,val,server,0,76,67,143,True,0.5815003927729773
SIDER,fedavg_proto,0.5,0,45,200,16,16,0.1,val,server,1,99,44,143,True,0.6239669421487604
SIDER,fedavg_proto,0.5,0,45,200,16,16,0.1,val,server,2,2,141,143,True,0.5673758865248227
SIDER,fedavg_proto,0.5,0,45,200,16,16,0.1,val,server,3,85,58,143,True,0.639553752535497
SIDER,fedavg_proto,0.5,0,45,200,16,16,0.1,val,server,4,117,26,143,True,0.6942800788954635
SIDER,fedavg_proto,0.5,0,45,200,16,16,0.1,val,server,5,99,44,143,True,0.6297061524334253
SIDER,fedavg_proto,0.5,0,45,200,16,16,0.1,val,server,6,131,12,143,True,0.7404580152671756
SIDER,fedavg_proto,0.5,0,45,200,16,16,0.1,val,server,7,20,123,143,True,0.6134146341463413
SIDER,fedavg_proto,0.5,0,45,200,16,16,0.1,val,server,8,97,46,143,True,0.6400717167189601
SIDER,fedavg_proto,0.5,0,45,200,16,16,0.1,val,server,9,71,72,143,True,0.6326291079812206
SIDER,fedavg_proto,0.5,0,45,200,16,16,0.1,val,server,10,35,108,143,True,0.6338624338624339
SIDER,fedavg_proto,0.5,0,45,200,16,16,0.1,val,server,11,130,13,143,True,0.6497041420118344
SIDER,fedavg_proto,0.5,0,45,200,16,16,0.1,val,server,12,37,106,143,True,0.7118816930137686
SIDER,fedavg_proto,0.5,0,45,200,16,16,0.1,val,server,13,20,123,143,True,0.5865853658536586
SIDER,fedavg_proto,0.5,0,45,200,16,16,0.1,val,server,14,107,36,143,True,0.5358255451713395
SIDER,fedavg_proto,0.5,0,45,200,16,16,0.1,val,server,15,94,49,143,True,0.6498046026921408
SIDER,fedavg_proto,0.5,0,45,200,16,16,0.1,val,server,16,129,14,143,True,0.6522702104097453
SIDER,fedavg_proto,0.5,0,45,200,16,16,0.1,val,server,17,20,123,143,True,0.5028455284552845
SIDER,fedavg_proto,0.5,0,45,200,16,16,0.1,val,server,18,104,39,143,True,0.5623767258382643
SIDER,fedavg_proto,0.5,0,45,200,16,16,0.1,val,server,19,103,40,143,True,0.6199029126213592
SIDER,fedavg_proto,0.5,0,45,200,16,16,0.1,val,server,20,102,41,143,True,0.5272596843615496
SIDER,fedavg_proto,0.5,0,45,200,16,16,0.1,val,server,21,98,45,143,True,0.6836734693877551
SIDER,fedavg_proto,0.5,0,45,200,16,16,0.1,val,server,22,10,133,143,True,0.6015037593984962
SIDER,fedavg_proto,0.5,0,45,200,16,16,0.1,val,server,23,64,79,143,True,0.6030458860759493
SIDER,fedavg_proto,0.5,0,45,200,16,16,0.1,val,server,24,104,39,143,True,0.5653353057199211
SIDER,fedavg_proto,0.5,0,45,200,16,16,0.1,val,server,25,134,9,143,True,0.6757877280265339
SIDER,fedavg_proto,0.5,0,45,200,16,16,0.1,val,server,26,95,48,143,True,0.5725877192982456
SIDER,fedavg_proto,0.5,0,45,200,16,16,0.1,val,client_0,0,76,67,143,True,0.6038884524744698
SIDER,fedavg_proto,0.5,0,45,200,16,16,0.1,val,client_0,1,99,44,143,True,0.6225895316804408
SIDER,fedavg_proto,0.5,0,45,200,16,16,0.1,val,client_0,2,2,141,143,True,0.4787234042553191
SIDER,fedavg_proto,0.5,0,45,200,16,16,0.1,val,client_0,3,85,58,143,True,0.6166328600405679
SIDER,fedavg_proto,0.5,0,45,200,16,16,0.1,val,client_0,4,117,26,143,True,0.7034845496383958
SIDER,fedavg_proto,0.5,0,45,200,16,16,0.1,val,client_0,5,99,44,143,True,0.6937557392102847
SIDER,fedavg_proto,0.5,0,45,200,16,16,0.1,val,client_0,6,131,12,143,True,0.6902035623409669
SIDER,fedavg_proto,0.5,0,45,200,16,16,0.1,val,client_0,7,20,123,143,True,0.6821138211382113
SIDER,fedavg_proto,0.5,0,45,200,16,16,0.1,val,client_0,8,97,46,143,True,0.6591214701927387
SIDER,fedavg_proto,0.5,0,45,200,16,16,0.1,val,client_0,9,71,72,143,True,0.558489827856025
SIDER,fedavg_proto,0.5,0,45,200,16,16,0.1,val,client_0,10,35,108,143,True,0.6947089947089947
SIDER,fedavg_proto,0.5,0,45,200,16,16,0.1,val,client_0,11,130,13,143,True,0.6834319526627219
SIDER,fedavg_proto,0.5,0,45,200,16,16,0.1,val,client_0,12,37,106,143,True,0.7044875063742988
SIDER,fedavg_proto,0.5,0,45,200,16,16,0.1,val,client_0,13,20,123,143,True,0.6186991869918699
SIDER,fedavg_proto,0.5,0,45,200,16,16,0.1,val,client_0,14,107,36,143,True,0.5661993769470405
SIDER,fedavg_proto,0.5,0,45,200,16,16,0.1,val,client_0,15,94,49,143,True,0.6580547112462006
SIDER,fedavg_proto,0.5,0,45,200,16,16,0.1,val,client_0,16,129,14,143,True,0.6716500553709857
SIDER,fedavg_proto,0.5,0,45,200,16,16,0.1,val,client_0,17,20,123,143,True,0.5882113821138212
SIDER,fedavg_proto,0.5,0,45,200,16,16,0.1,val,client_0,18,104,39,143,True,0.5322978303747534
SIDER,fedavg_proto,0.5,0,45,200,16,16,0.1,val,client_0,19,103,40,143,True,0.6388349514563108
SIDER,fedavg_proto,0.5,0,45,200,16,16,0.1,val,client_0,20,102,41,143,True,0.6417981826877092
SIDER,fedavg_proto,0.5,0,45,200,16,16,0.1,val,client_0,21,98,45,143,True,0.6963718820861678
SIDER,fedavg_proto,0.5,0,45,200,16,16,0.1,val,client_0,22,10,133,143,True,0.6496240601503759
SIDER,fedavg_proto,0.5,0,45,200,16,16,0.1,val,client_0,23,64,79,143,True,0.6000791139240507
SIDER,fedavg_proto,0.5,0,45,200,16,16,0.1,val,client_0,24,104,39,143,True,0.5833333333333333
SIDER,fedavg_proto,0.5,0,45,200,16,16,0.1,val,client_0,25,134,9,143,True,0.7205638474295191
SIDER,fedavg_proto,0.5,0,45,200,16,16,0.1,val,client_0,26,95,48,143,True,0.6774122807017544
SIDER,fedavg_proto,0.5,0,45,200,16,16,0.1,val,client_1,0,76,67,143,True,0.5917124901806756
SIDER,fedavg_proto,0.5,0,45,200,16,16,0.1,val,client_1,1,99,44,143,True,0.607208448117539
SIDER,fedavg_proto,0.5,0,45,200,16,16,0.1,val,client_1,2,2,141,143,True,0.624113475177305
SIDER,fedavg_proto,0.5,0,45,200,16,16,0.1,val,client_1,3,85,58,143,True,0.6180527383367139
SIDER,fedavg_proto,0.5,0,45,200,16,16,0.1,val,client_1,4,117,26,143,True,0.6614069690992768
SIDER,fedavg_proto,0.5,0,45,200,16,16,0.1,val,client_1,5,99,44,143,True,0.5548668503213959
SIDER,fedavg_proto,0.5,0,45,200,16,16,0.1,val,client_1,6,131,12,143,True,0.7315521628498728
SIDER,fedavg_proto,0.5,0,45,200,16,16,0.1,val,client_1,7,20,123,143,True,0.5036585365853659
SIDER,fedavg_proto,0.5,0,45,200,16,16,0.1,val,client_1,8,97,46,143,True,0.6337965038099507
SIDER,fedavg_proto,0.5,0,45,200,16,16,0.1,val,client_1,9,71,72,143,True,0.6257824726134585
SIDER,fedavg_proto,0.5,0,45,200,16,16,0.1,val,client_1,10,35,108,143,True,0.5846560846560848
SIDER,fedavg_proto,0.5,0,45,200,16,16,0.1,val,client_1,11,130,13,143,True,0.5763313609467455
SIDER,fedavg_proto,0.5,0,45,200,16,16,0.1,val,client_1,12,37,106,143,True,0.630290668026517
SIDER,fedavg_proto,0.5,0,45,200,16,16,0.1,val,client_1,13,20,123,143,True,0.5865853658536586
SIDER,fedavg_proto,0.5,0,45,200,16,16,0.1,val,client_1,14,107,36,143,True,0.5854101765316718
SIDER,fedavg_proto,0.5,0,45,200,16,16,0.1,val,client_1,15,94,49,143,True,0.644159791576205
SIDER,fedavg_proto,0.5,0,45,200,16,16,0.1,val,client_1,16,129,14,143,True,0.6362126245847176
SIDER,fedavg_proto,0.5,0,45,200,16,16,0.1,val,client_1,17,20,123,143,True,0.5418699186991871
SIDER,fedavg_proto,0.5,0,45,200,16,16,0.1,val,client_1,18,104,39,143,True,0.5081360946745561
SIDER,fedavg_proto,0.5,0,45,200,16,16,0.1,val,client_1,19,103,40,143,True,0.604611650485437
SIDER,fedavg_proto,0.5,0,45,200,16,16,0.1,val,client_1,20,102,41,143,True,0.5514108082257293
SIDER,fedavg_proto,0.5,0,45,200,16,16,0.1,val,client_1,21,98,45,143,True,0.6664399092970521
SIDER,fedavg_proto,0.5,0,45,200,16,16,0.1,val,client_1,22,10,133,143,True,0.5729323308270677
SIDER,fedavg_proto,0.5,0,45,200,16,16,0.1,val,client_1,23,64,79,143,True,0.5551819620253164
SIDER,fedavg_proto,0.5,0,45,200,16,16,0.1,val,client_1,24,104,39,143,True,0.6134122287968442
SIDER,fedavg_proto,0.5,0,45,200,16,16,0.1,val,client_1,25,134,9,143,True,0.7653399668325042
SIDER,fedavg_proto,0.5,0,45,200,16,16,0.1,val,client_1,26,95,48,143,True,0.5550438596491227
SIDER,fedavg_proto,0.5,0,45,200,16,16,0.1,val,client_2,0,76,67,143,True,0.5447761194029851
SIDER,fedavg_proto,0.5,0,45,200,16,16,0.1,val,client_2,1,99,44,143,True,0.5775941230486684
SIDER,fedavg_proto,0.5,0,45,200,16,16,0.1,val,client_2,2,2,141,143,True,0.8652482269503546
SIDER,fedavg_proto,0.5,0,45,200,16,16,0.1,val,client_2,3,85,58,143,True,0.6101419878296147
SIDER,fedavg_proto,0.5,0,45,200,16,16,0.1,val,client_2,4,117,26,143,True,0.636094674556213
SIDER,fedavg_proto,0.5,0,45,200,16,16,0.1,val,client_2,5,99,44,143,True,0.5661157024793388
SIDER,fedavg_proto,0.5,0,45,200,16,16,0.1,val,client_2,6,131,12,143,True,0.7633587786259544
SIDER,fedavg_proto,0.5,0,45,200,16,16,0.1,val,client_2,7,20,123,143,True,0.5821138211382114
SIDER,fedavg_proto,0.5,0,45,200,16,16,0.1,val,client_2,8,97,46,143,True,0.6275212909009413
SIDER,fedavg_proto,0.5,0,45,200,16,16,0.1,val,client_2,9,71,72,143,True,0.6222613458528952
SIDER,fedavg_proto,0.5,0,45,200,16,16,0.1,val,client_2,10,35,108,143,True,0.593121693121693
SIDER,fedavg_proto,0.5,0,45,200,16,16,0.1,val,client_2,11,130,13,143,True,0.46804733727810655
SIDER,fedavg_proto,0.5,0,45,200,16,16,0.1,val,client_2,12,37,106,143,True,0.6160122386537481
SIDER,fedavg_proto,0.5,0,45,200,16,16,0.1,val,client_2,13,20,123,143,True,0.5963414634146342
SIDER,fedavg_proto,0.5,0,45,200,16,16,0.1,val,client_2,14,107,36,143,True,0.5181723779854621
SIDER,fedavg_proto,0.5,0,45,200,16,16,0.1,val,client_2,15,94,49,143,True,0.6702127659574468
SIDER,fedavg_proto,0.5,0,45,200,16,16,0.1,val,client_2,16,129,14,143,True,0.5692137320044297
SIDER,fedavg_proto,0.5,0,45,200,16,16,0.1,val,client_2,17,20,123,143,True,0.44268292682926824
SIDER,fedavg_proto,0.5,0,45,200,16,16,0.1,val,client_2,18,104,39,143,True,0.5441321499013806
SIDER,fedavg_proto,0.5,0,45,200,16,16,0.1,val,client_2,19,103,40,143,True,0.5444174757281554
SIDER,fedavg_proto,0.5,0,45,200,16,16,0.1,val,client_2,20,102,41,143,True,0.5193687230989957
SIDER,fedavg_proto,0.5,0,45,200,16,16,0.1,val,client_2,21,98,45,143,True,0.6272108843537416
SIDER,fedavg_proto,0.5,0,45,200,16,16,0.1,val,client_2,22,10,133,143,True,0.5947368421052632
SIDER,fedavg_proto,0.5,0,45,200,16,16,0.1,val,client_2,23,64,79,143,True,0.5551819620253164
SIDER,fedavg_proto,0.5,0,45,200,16,16,0.1,val,client_2,24,104,39,143,True,0.5621301775147929
SIDER,fedavg_proto,0.5,0,45,200,16,16,0.1,val,client_2,25,134,9,143,True,0.6616915422885573
SIDER,fedavg_proto,0.5,0,45,200,16,16,0.1,val,client_2,26,95,48,143,True,0.5605263157894738
SIDER,fedavg_proto,0.5,0,45,200,16,16,0.1,val,client_3,0,76,67,143,True,0.6164571877454832
SIDER,fedavg_proto,0.5,0,45,200,16,16,0.1,val,client_3,1,99,44,143,True,0.6384297520661157
SIDER,fedavg_proto,0.5,0,45,200,16,16,0.1,val,client_3,2,2,141,143,True,0.5957446808510638
SIDER,fedavg_proto,0.5,0,45,200,16,16,0.1,val,client_3,3,85,58,143,True,0.5720081135902637
SIDER,fedavg_proto,0.5,0,45,200,16,16,0.1,val,client_3,4,117,26,143,True,0.7225509533201842
SIDER,fedavg_proto,0.5,0,45,200,16,16,0.1,val,client_3,5,99,44,143,True,0.6758494031221304
SIDER,fedavg_proto,0.5,0,45,200,16,16,0.1,val,client_3,6,131,12,143,True,0.760178117048346
SIDER,fedavg_proto,0.5,0,45,200,16,16,0.1,val,client_3,7,20,123,143,True,0.6044715447154472
SIDER,fedavg_proto,0.5,0,45,200,16,16,0.1,val,client_3,8,97,46,143,True,0.6109367996414165
SIDER,fedavg_proto,0.5,0,45,200,16,16,0.1,val,client_3,9,71,72,143,True,0.623435054773083
SIDER,fedavg_proto,0.5,0,45,200,16,16,0.1,val,client_3,10,35,108,143,True,0.6216931216931216
SIDER,fedavg_proto,0.5,0,45,200,16,16,0.1,val,client_3,11,130,13,143,True,0.6550295857988165
SIDER,fedavg_proto,0.5,0,45,200,16,16,0.1,val,client_3,12,37,106,143,True,0.7106068332483426
SIDER,fedavg_proto,0.5,0,45,200,16,16,0.1,val,client_3,13,20,123,143,True,0.5707317073170731
SIDER,fedavg_proto,0.5,0,45,200,16,16,0.1,val,client_3,14,107,36,143,True,0.5420560747663551
SIDER,fedavg_proto,0.5,0,45,200,16,16,0.1,val,client_3,15,94,49,143,True,0.6474164133738601
SIDER,fedavg_proto,0.5,0,45,200,16,16,0.1,val,client_3,16,129,14,143,True,0.6500553709856036
SIDER,fedavg_proto,0.5,0,45,200,16,16,0.1,val,client_3,17,20,123,143,True,0.5451219512195122
SIDER,fedavg_proto,0.5,0,45,200,16,16,0.1,val,client_3,18,104,39,143,True,0.628698224852071
SIDER,fedavg_proto,0.5,0,45,200,16,16,0.1,val,client_3,19,103,40,143,True,0.6184466019417476
SIDER,fedavg_proto,0.5,0,45,200,16,16,0.1,val,client_3,20,102,41,143,True,0.4947393591582975
SIDER,fedavg_proto,0.5,0,45,200,16,16,0.1,val,client_3,21,98,45,143,True,0.6058956916099772
SIDER,fedavg_proto,0.5,0,45,200,16,16,0.1,val,client_3,22,10,133,143,True,0.5939849624060151
SIDER,fedavg_proto,0.5,0,45,200,16,16,0.1,val,client_3,23,64,79,143,True,0.5605221518987342
SIDER,fedavg_proto,0.5,0,45,200,16,16,0.1,val,client_3,24,104,39,143,True,0.5251479289940828
SIDER,fedavg_proto,0.5,0,45,200,16,16,0.1,val,client_3,25,134,9,143,True,0.6111111111111112
SIDER,fedavg_proto,0.5,0,45,200,16,16,0.1,val,client_3,26,95,48,143,True,0.5320175438596491
SIDER,fedavg_proto,0.5,0,45,200,16,16,0.1,test,server,0,72,71,143,True,0.6613849765258216
SIDER,fedavg_proto,0.5,0,45,200,16,16,0.1,test,server,1,105,38,143,True,0.6536340852130327
SIDER,fedavg_proto,0.5,0,45,200,16,16,0.1,test,server,2,5,138,143,True,0.45072463768115945
SIDER,fedavg_proto,0.5,0,45,200,16,16,0.1,test,server,3,90,53,143,True,0.5102725366876311
SIDER,fedavg_proto,0.5,0,45,200,16,16,0.1,test,server,4,118,25,143,True,0.5722033898305084
SIDER,fedavg_proto,0.5,0,45,200,16,16,0.1,test,server,5,104,39,143,True,0.571992110453649
SIDER,fedavg_proto,0.5,0,45,200,16,16,0.1,test,server,6,134,9,143,True,0.6077943615257048
SIDER,fedavg_proto,0.5,0,45,200,16,16,0.1,test,server,7,24,119,143,True,0.5850840336134454
SIDER,fedavg_proto,0.5,0,45,200,16,16,0.1,test,server,8,91,52,143,True,0.5230346576500422
SIDER,fedavg_proto,0.5,0,45,200,16,16,0.1,test,server,9,74,69,143,True,0.63728946337642
SIDER,fedavg_proto,0.5,0,45,200,16,16,0.1,test,server,10,39,104,143,True,0.5924556213017751
SIDER,fedavg_proto,0.5,0,45,200,16,16,0.1,test,server,11,130,13,143,True,0.5195266272189349
SIDER,fedavg_proto,0.5,0,45,200,16,16,0.1,test,server,12,33,110,143,True,0.6134986225895317
SIDER,fedavg_proto,0.5,0,45,200,16,16,0.1,test,server,13,20,123,143,True,0.6073170731707317
SIDER,fedavg_proto,0.5,0,45,200,16,16,0.1,test,server,14,113,30,143,True,0.5094395280235988
SIDER,fedavg_proto,0.5,0,45,200,16,16,0.1,test,server,15,83,60,143,True,0.6279116465863454
SIDER,fedavg_proto,0.5,0,45,200,16,16,0.1,test,server,16,131,12,143,True,0.6781170483460559
SIDER,fedavg_proto,0.5,0,45,200,16,16,0.1,test,server,17,30,113,143,True,0.6696165191740413
SIDER,fedavg_proto,0.5,0,45,200,16,16,0.1,test,server,18,109,34,143,True,0.535887749595251
SIDER,fedavg_proto,0.5,0,45,200,16,16,0.1,test,server,19,104,39,143,True,0.48323471400394474
SIDER,fedavg_proto,0.5,0,45,200,16,16,0.1,test,server,20,102,41,143,True,0.48541367766618837
SIDER,fedavg_proto,0.5,0,45,200,16,16,0.1,test,server,21,98,45,143,True,0.5954648526077098
SIDER,fedavg_proto,0.5,0,45,200,16,16,0.1,test,server,22,14,129,143,True,0.6528239202657807
SIDER,fedavg_proto,0.5,0,45,200,16,16,0.1,test,server,23,60,83,143,True,0.49257028112449797
SIDER,fedavg_proto,0.5,0,45,200,16,16,0.1,test,server,24,98,45,143,True,0.4875283446712018
SIDER,fedavg_proto,0.5,0,45,200,16,16,0.1,test,server,25,132,11,143,True,0.6425619834710743
SIDER,fedavg_proto,0.5,0,45,200,16,16,0.1,test,server,26,101,42,143,True,0.6093823668081094
SIDER,fedavg_proto,0.5,0,45,200,16,16,0.1,test,client_0,0,72,71,143,True,0.6629499217527386
SIDER,fedavg_proto,0.5,0,45,200,16,16,0.1,test,client_0,1,105,38,143,True,0.5736842105263157
SIDER,fedavg_proto,0.5,0,45,200,16,16,0.1,test,client_0,2,5,138,143,True,0.644927536231884
SIDER,fedavg_proto,0.5,0,45,200,16,16,0.1,test,client_0,3,90,53,143,True,0.5106918238993711
SIDER,fedavg_proto,0.5,0,45,200,16,16,0.1,test,client_0,4,118,25,143,True,0.6498305084745764
SIDER,fedavg_proto,0.5,0,45,200,16,16,0.1,test,client_0,5,104,39,143,True,0.6109467455621302
SIDER,fedavg_proto,0.5,0,45,200,16,16,0.1,test,client_0,6,134,9,143,True,0.5406301824212272
SIDER,fedavg_proto,0.5,0,45,200,16,16,0.1,test,client_0,7,24,119,143,True,0.5423669467787116
SIDER,fedavg_proto,0.5,0,45,200,16,16,0.1,test,client_0,8,91,52,143,True,0.5240912933220625
SIDER,fedavg_proto,0.5,0,45,200,16,16,0.1,test,client_0,9,74,69,143,True,0.5973364669016843
SIDER,fedavg_proto,0.5,0,45,200,16,16,0.1,test,client_0,10,39,104,143,True,0.6232741617357003
SIDER,fedavg_proto,0.5,0,45,200,16,16,0.1,test,client_0,11,130,13,143,True,0.6171597633136094
SIDER,fedavg_proto,0.5,0,45,200,16,16,0.1,test,client_0,12,33,110,143,True,0.543801652892562
SIDER,fedavg_proto,0.5,0,45,200,16,16,0.1,test,client_0,13,20,123,143,True,0.5638211382113821
SIDER,fedavg_proto,0.5,0,45,200,16,16,0.1,test,client_0,14,113,30,143,True,0.5424778761061947
SIDER,fedavg_proto,0.5,0,45,200,16,16,0.1,test,client_0,15,83,60,143,True,0.636144578313253
SIDER,fedavg_proto,0.5,0,45,200,16,16,0.1,test,client_0,16,131,12,143,True,0.6959287531806616
SIDER,fedavg_proto,0.5,0,45,200,16,16,0.1,test,client_0,17,30,113,143,True,0.5533923303834808
SIDER,fedavg_proto,0.5,0,45,200,16,16,0.1,test,client_0,18,109,34,143,True,0.5161899622234216
SIDER,fedavg_proto,0.5,0,45,200,16,16,0.1,test,client_0,19,104,39,143,True,0.5044378698224852
SIDER,fedavg_proto,0.5,0,45,200,16,16,0.1,test,client_0,20,102,41,143,True,0.47752271640363464
SIDER,fedavg_proto,0.5,0,45,200,16,16,0.1,test,client_0,21,98,45,143,True,0.6074829931972789
SIDER,fedavg_proto,0.5,0,45,200,16,16,0.1,test,client_0,22,14,129,143,True,0.5642303433001108
SIDER,fedavg_proto,0.5,0,45,200,16,16,0.1,test,client_0,23,60,83,143,True,0.5162650602409639
SIDER,fedavg_proto,0.5,0,45,200,16,16,0.1,test,client_0,24,98,45,143,True,0.5437641723356009
SIDER,fedavg_proto,0.5,0,45,200,16,16,0.1,test,client_0,25,132,11,143,True,0.6033057851239669
SIDER,fedavg_proto,0.5,0,45,200,16,16,0.1,test,client_0,26,101,42,143,True,0.6412069778406412
SIDER,fedavg_proto,0.5,0,45,200,16,16,0.1,test,client_1,0,72,71,143,True,0.6294992175273865
SIDER,fedavg_proto,0.5,0,45,200,16,16,0.1,test,client_1,1,105,38,143,True,0.5947368421052631
SIDER,fedavg_proto,0.5,0,45,200,16,16,0.1,test,client_1,2,5,138,143,True,0.5985507246376812
SIDER,fedavg_proto,0.5,0,45,200,16,16,0.1,test,client_1,3,90,53,143,True,0.5117400419287211
SIDER,fedavg_proto,0.5,0,45,200,16,16,0.1,test,client_1,4,118,25,143,True,0.5271186440677965
SIDER,fedavg_proto,0.5,0,45,200,16,16,0.1,test,client_1,5,104,39,143,True,0.5668145956607495
SIDER,fedavg_proto,0.5,0,45,200,16,16,0.1,test,client_1,6,134,9,143,True,0.5563847429519071
SIDER,fedavg_proto,0.5,0,45,200,16,16,0.1,test,client_1,7,24,119,143,True,0.6785714285714286
SIDER,fedavg_proto,0.5,0,45,200,16,16,0.1,test,client_1,8,91,52,143,True,0.5948858833474218
SIDER,fedavg_proto,0.5,0,45,200,16,16,0.1,test,client_1,9,74,69,143,True,0.6797884841363102
SIDER,fedavg_proto,0.5,0,45,200,16,16,0.1,test,client_1,10,39,104,143,True,0.6368343195266273
SIDER,fedavg_proto,0.5,0,45,200,16,16,0.1,test,client_1,11,130,13,143,True,0.5325443786982248
SIDER,fedavg_proto,0.5,0,45,200,16,16,0.1,test,client_1,12,33,110,143,True,0.6950413223140496
SIDER,fedavg_proto,0.5,0,45,200,16,16,0.1,test,client_1,13,20,123,143,True,0.6792682926829268
SIDER,fedavg_proto,0.5,0,45,200,16,16,0.1,test,client_1,14,113,30,143,True,0.5191740412979352
SIDER,fedavg_proto,0.5,0,45,200,16,16,0.1,test,client_1,15,83,60,143,True,0.5849397590361446
SIDER,fedavg_proto,0.5,0,45,200,16,16,0.1,test,client_1,16,131,12,143,True,0.5610687022900763
SIDER,fedavg_proto,0.5,0,45,200,16,16,0.1,test,client_1,17,30,113,143,True,0.6427728613569321
SIDER,fedavg_proto,0.5,0,45,200,16,16,0.1,test,client_1,18,109,34,143,True,0.5744738262277389
SIDER,fedavg_proto,0.5,0,45,200,16,16,0.1,test,client_1,19,104,39,143,True,0.49457593688362916
SIDER,fedavg_proto,0.5,0,45,200,16,16,0.1,test,client_1,20,102,41,143,True,0.503586800573888
SIDER,fedavg_proto,0.5,0,45,200,16,16,0.1,test,client_1,21,98,45,143,True,0.5158730158730158
SIDER,fedavg_proto,0.5,0,45,200,16,16,0.1,test,client_1,22,14,129,143,True,0.7763012181616833
SIDER,fedavg_proto,0.5,0,45,200,16,16,0.1,test,client_1,23,60,83,143,True,0.4915662650602409
SIDER,fedavg_proto,0.5,0,45,200,16,16,0.1,test,client_1,24,98,45,143,True,0.4954648526077098
SIDER,fedavg_proto,0.5,0,45,200,16,16,0.1,test,client_1,25,132,11,143,True,0.6184573002754821
SIDER,fedavg_proto,0.5,0,45,200,16,16,0.1,test,client_1,26,101,42,143,True,0.6317774634606317
SIDER,fedavg_proto,0.5,0,45,200,16,16,0.1,test,client_2,0,72,71,143,True,0.5479264475743348
SIDER,fedavg_proto,0.5,0,45,200,16,16,0.1,test,client_2,1,105,38,143,True,0.5365914786967418
SIDER,fedavg_proto,0.5,0,45,200,16,16,0.1,test,client_2,2,5,138,143,True,0.5043478260869565
SIDER,fedavg_proto,0.5,0,45,200,16,16,0.1,test,client_2,3,90,53,143,True,0.47505241090146755
SIDER,fedavg_proto,0.5,0,45,200,16,16,0.1,test,client_2,4,118,25,143,True,0.5308474576271186
SIDER,fedavg_proto,0.5,0,45,200,16,16,0.1,test,client_2,5,104,39,143,True,0.543639053254438
SIDER,fedavg_proto,0.5,0,45,200,16,16,0.1,test,client_2,6,134,9,143,True,0.5398009950248757
SIDER,fedavg_proto,0.5,0,45,200,16,16,0.1,test,client_2,7,24,119,143,True,0.5773809523809523
SIDER,fedavg_proto,0.5,0,45,200,16,16,0.1,test,client_2,8,91,52,143,True,0.49091293322062557
SIDER,fedavg_proto,0.5,0,45,200,16,16,0.1,test,client_2,9,74,69,143,True,0.5836271053662359
SIDER,fedavg_proto,0.5,0,45,200,16,16,0.1,test,client_2,10,39,104,143,True,0.5801282051282051
SIDER,fedavg_proto,0.5,0,45,200,16,16,0.1,test,client_2,11,130,13,143,True,0.40059171597633136
SIDER,fedavg_proto,0.5,0,45,200,16,16,0.1,test,client_2,12,33,110,143,True,0.6234159779614326
SIDER,fedavg_proto,0.5,0,45,200,16,16,0.1,test,client_2,13,20,123,143,True,0.6134146341463416
SIDER,fedavg_proto,0.5,0,45,200,16,16,0.1,test,client_2,14,113,30,143,True,0.4929203539823009
SIDER,fedavg_proto,0.5,0,45,200,16,16,0.1,test,client_2,15,83,60,143,True,0.6210843373493976
SIDER,fedavg_proto,0.5,0,45,200,16,16,0.1,test,client_2,16,131,12,143,True,0.6405852417302799
SIDER,fedavg_proto,0.5,0,45,200,16,16,0.1,test,client_2,17,30,113,143,True,0.6300884955752213
SIDER,fedavg_proto,0.5,0,45,200,16,16,0.1,test,client_2,18,109,34,143,True,0.49298434970318405
SIDER,fedavg_proto,0.5,0,45,200,16,16,0.1,test,client_2,19,104,39,143,True,0.4442800788954635
SIDER,fedavg_proto,0.5,0,45,200,16,16,0.1,test,client_2,20,102,41,143,True,0.4497847919655667
SIDER,fedavg_proto,0.5,0,45,200,16,16,0.1,test,client_2,21,98,45,143,True,0.573015873015873
SIDER,fedavg_proto,0.5,0,45,200,16,16,0.1,test,client_2,22,14,129,143,True,0.6018826135105204
SIDER,fedavg_proto,0.5,0,45,200,16,16,0.1,test,client_2,23,60,83,143,True,0.4835341365461847
SIDER,fedavg_proto,0.5,0,45,200,16,16,0.1,test,client_2,24,98,45,143,True,0.4600907029478458
SIDER,fedavg_proto,0.5,0,45,200,16,16,0.1,test,client_2,25,132,11,143,True,0.5792011019283747
SIDER,fedavg_proto,0.5,0,45,200,16,16,0.1,test,client_2,26,101,42,143,True,0.5978312116925979
SIDER,fedavg_proto,0.5,0,45,200,16,16,0.1,test,client_3,0,72,71,143,True,0.6173708920187793
SIDER,fedavg_proto,0.5,0,45,200,16,16,0.1,test,client_3,1,105,38,143,True,0.6538847117794486
SIDER,fedavg_proto,0.5,0,45,200,16,16,0.1,test,client_3,2,5,138,143,True,0.6405797101449275
SIDER,fedavg_proto,0.5,0,45,200,16,16,0.1,test,client_3,3,90,53,143,True,0.5532494758909854
SIDER,fedavg_proto,0.5,0,45,200,16,16,0.1,test,client_3,4,118,25,143,True,0.6298305084745763
SIDER,fedavg_proto,0.5,0,45,200,16,16,0.1,test,client_3,5,104,39,143,True,0.553007889546351
SIDER,fedavg_proto,0.5,0,45,200,16,16,0.1,test,client_3,6,134,9,143,True,0.6849087893864013
SIDER,fedavg_proto,0.5,0,45,200,16,16,0.1,test,client_3,7,24,119,143,True,0.5266106442577031
SIDER,fedavg_proto,0.5,0,45,200,16,16,0.1,test,client_3,8,91,52,143,True,0.5226120033812341
SIDER,fedavg_proto,0.5,0,45,200,16,16,0.1,test,client_3,9,74,69,143,True,0.6678417547982766
SIDER,fedavg_proto,0.5,0,45,200,16,16,0.1,test,client_3,10,39,104,143,True,0.5917159763313609
SIDER,fedavg_proto,0.5,0,45,200,16,16,0.1,test,client_3,11,130,13,143,True,0.6437869822485207
SIDER,fedavg_proto,0.5,0,45,200,16,16,0.1,test,client_3,12,33,110,143,True,0.5964187327823691
SIDER,fedavg_proto,0.5,0,45,200,16,16,0.1,test,client_3,13,20,123,143,True,0.5723577235772357
SIDER,fedavg_proto,0.5,0,45,200,16,16,0.1,test,client_3,14,113,30,143,True,0.603834808259587
SIDER,fedavg_proto,0.5,0,45,200,16,16,0.1,test,client_3,15,83,60,143,True,0.6273092369477912
SIDER,fedavg_proto,0.5,0,45,200,16,16,0.1,test,client_3,16,131,12,143,True,0.7735368956743003
SIDER,fedavg_proto,0.5,0,45,200,16,16,0.1,test,client_3,17,30,113,143,True,0.5991150442477876
SIDER,fedavg_proto,0.5,0,45,200,16,16,0.1,test,client_3,18,109,34,143,True,0.5763626551538046
SIDER,fedavg_proto,0.5,0,45,200,16,16,0.1,test,client_3,19,104,39,143,True,0.5197238658777121
SIDER,fedavg_proto,0.5,0,45,200,16,16,0.1,test,client_3,20,102,41,143,True,0.5172166427546628
SIDER,fedavg_proto,0.5,0,45,200,16,16,0.1,test,client_3,21,98,45,143,True,0.6340136054421769
SIDER,fedavg_proto,0.5,0,45,200,16,16,0.1,test,client_3,22,14,129,143,True,0.5542635658914729
SIDER,fedavg_proto,0.5,0,45,200,16,16,0.1,test,client_3,23,60,83,143,True,0.5188755020080321
SIDER,fedavg_proto,0.5,0,45,200,16,16,0.1,test,client_3,24,98,45,143,True,0.5489795918367348
SIDER,fedavg_proto,0.5,0,45,200,16,16,0.1,test,client_3,25,132,11,143,True,0.6818181818181819
SIDER,fedavg_proto,0.5,0,45,200,16,16,0.1,test,client_3,26,101,42,143,True,0.59005186232909
SIDER,fedavg_proto,0.5,0,46,200,16,16,0.1,val,server,0,76,67,143,True,0.5807148468185389
SIDER,fedavg_proto,0.5,0,46,200,16,16,0.1,val,server,1,99,44,143,True,0.6189164370982554
SIDER,fedavg_proto,0.5,0,46,200,16,16,0.1,val,server,2,2,141,143,True,0.5460992907801419
SIDER,fedavg_proto,0.5,0,46,200,16,16,0.1,val,server,3,85,58,143,True,0.6316430020283976
SIDER,fedavg_proto,0.5,0,46,200,16,16,0.1,val,server,4,117,26,143,True,0.6965811965811965
SIDER,fedavg_proto,0.5,0,46,200,16,16,0.1,val,server,5,99,44,143,True,0.6232782369146006
SIDER,fedavg_proto,0.5,0,46,200,16,16,0.1,val,server,6,131,12,143,True,0.7283715012722647
SIDER,fedavg_proto,0.5,0,46,200,16,16,0.1,val,server,7,20,123,143,True,0.6121951219512195
SIDER,fedavg_proto,0.5,0,46,200,16,16,0.1,val,server,8,97,46,143,True,0.6340206185567011
SIDER,fedavg_proto,0.5,0,46,200,16,16,0.1,val,server,9,71,72,143,True,0.6294992175273866
SIDER,fedavg_proto,0.5,0,46,200,16,16,0.1,val,server,10,35,108,143,True,0.6367724867724868
SIDER,fedavg_proto,0.5,0,46,200,16,16,0.1,val,server,11,130,13,143,True,0.6502958579881657
SIDER,fedavg_proto,0.5,0,46,200,16,16,0.1,val,server,12,37,106,143,True,0.7057623661397245
SIDER,fedavg_proto,0.5,0,46,200,16,16,0.1,val,server,13,20,123,143,True,0.5829268292682928
SIDER,fedavg_proto,0.5,0,46,200,16,16,0.1,val,server,14,107,36,143,True,0.5360851505711319
SIDER,fedavg_proto,0.5,0,46,200,16,16,0.1,val,server,15,94,49,143,True,0.6417716022579245
SIDER,fedavg_proto,0.5,0,46,200,16,16,0.1,val,server,16,129,14,143,True,0.6384274640088593
SIDER,fedavg_proto,0.5,0,46,200,16,16,0.1,val,server,17,20,123,143,True,0.49308943089430896
SIDER,fedavg_proto,0.5,0,46,200,16,16,0.1,val,server,18,104,39,143,True,0.5564595660749507
SIDER,fedavg_proto,0.5,0,46,200,16,16,0.1,val,server,19,103,40,143,True,0.616504854368932
SIDER,fedavg_proto,0.5,0,46,200,16,16,0.1,val,server,20,102,41,143,True,0.5303682448589191
SIDER,fedavg_proto,0.5,0,46,200,16,16,0.1,val,server,21,98,45,143,True,0.6816326530612244
SIDER,fedavg_proto,0.5,0,46,200,16,16,0.1,val,server,22,10,133,143,True,0.5894736842105264
SIDER,fedavg_proto,0.5,0,46,200,16,16,0.1,val,server,23,64,79,143,True,0.6030458860759493
SIDER,fedavg_proto,0.5,0,46,200,16,16,0.1,val,server,24,104,39,143,True,0.5564595660749507
SIDER,fedavg_proto,0.5,0,46,200,16,16,0.1,val,server,25,134,9,143,True,0.6625207296849087
SIDER,fedavg_proto,0.5,0,46,200,16,16,0.1,val,server,26,95,48,143,True,0.5655701754385964
SIDER,fedavg_proto,0.5,0,46,200,16,16,0.1,val,client_0,0,76,67,143,True,0.5997643362136685
SIDER,fedavg_proto,0.5,0,46,200,16,16,0.1,val,client_0,1,99,44,143,True,0.6223599632690542
SIDER,fedavg_proto,0.5,0,46,200,16,16,0.1,val,client_0,2,2,141,143,True,0.4042553191489362
SIDER,fedavg_proto,0.5,0,46,200,16,16,0.1,val,client_0,3,85,58,143,True,0.6253549695740365
SIDER,fedavg_proto,0.5,0,46,200,16,16,0.1,val,client_0,4,117,26,143,True,0.700197238658777
SIDER,fedavg_proto,0.5,0,46,200,16,16,0.1,val,client_0,5,99,44,143,True,0.681818181818182
SIDER,fedavg_proto,0.5,0,46,200,16,16,0.1,val,client_0,6,131,12,143,True,0.6844783715012723
SIDER,fedavg_proto,0.5,0,46,200,16,16,0.1,val,client_0,7,20,123,143,True,0.6597560975609756
SIDER,fedavg_proto,0.5,0,46,200,16,16,0.1,val,client_0,8,97,46,143,True,0.6369341102644553
SIDER,fedavg_proto,0.5,0,46,200,16,16,0.1,val,client_0,9,71,72,143,True,0.5637715179968701
SIDER,fedavg_proto,0.5,0,46,200,16,16,0.1,val,client_0,10,35,108,143,True,0.6994708994708995
SIDER,fedavg_proto,0.5,0,46,200,16,16,0.1,val,client_0,11,130,13,143,True,0.6840236686390533
SIDER,fedavg_proto,0.5,0,46,200,16,16,0.1,val,client_0,12,37,106,143,True,0.6953085160632331
SIDER,fedavg_proto,0.5,0,46,200,16,16,0.1,val,client_0,13,20,123,143,True,0.6308943089430894
SIDER,fedavg_proto,0.5,0,46,200,16,16,0.1,val,client_0,14,107,36,143,True,0.5617860851505713
SIDER,fedavg_proto,0.5,0,46,200,16,16,0.1,val,client_0,15,94,49,143,True,0.640034737299175
SIDER,fedavg_proto,0.5,0,46,200,16,16,0.1,val,client_0,16,129,14,143,True,0.6677740863787376
SIDER,fedavg_proto,0.5,0,46,200,16,16,0.1,val,client_0,17,20,123,143,True,0.5552845528455284
SIDER,fedavg_proto,0.5,0,46,200,16,16,0.1,val,client_0,18,104,39,143,True,0.5369822485207101
SIDER,fedavg_proto,0.5,0,46,200,16,16,0.1,val,client_0,19,103,40,143,True,0.6366504854368933
SIDER,fedavg_proto,0.5,0,46,200,16,16,0.1,val,client_0,20,102,41,143,True,0.6327116212338594
SIDER,fedavg_proto,0.5,0,46,200,16,16,0.1,val,client_0,21,98,45,143,True,0.6922902494331066
SIDER,fedavg_proto,0.5,0,46,200,16,16,0.1,val,client_0,22,10,133,143,True,0.618045112781955
SIDER,fedavg_proto,0.5,0,46,200,16,16,0.1,val,client_0,23,64,79,143,True,0.5986946202531647
SIDER,fedavg_proto,0.5,0,46,200,16,16,0.1,val,client_0,24,104,39,143,True,0.5742110453648915
SIDER,fedavg_proto,0.5,0,46,200,16,16,0.1,val,client_0,25,134,9,143,True,0.6948590381426203
SIDER,fedavg_proto,0.5,0,46,200,16,16,0.1,val,client_0,26,95,48,143,True,0.6618421052631579
SIDER,fedavg_proto,0.5,0,46,200,16,16,0.1,val,client_1,0,76,67,143,True,0.5809112333071486
SIDER,fedavg_proto,0.5,0,46,200,16,16,0.1,val,client_1,1,99,44,143,True,0.5964187327823691
SIDER,fedavg_proto,0.5,0,46,200,16,16,0.1,val,client_1,2,2,141,143,True,0.5390070921985816
SIDER,fedavg_proto,0.5,0,46,200,16,16,0.1,val,client_1,3,85,58,143,True,0.6330628803245436
SIDER,fedavg_proto,0.5,0,46,200,16,16,0.1,val,client_1,4,117,26,143,True,0.6403681788297174
SIDER,fedavg_proto,0.5,0,46,200,16,16,0.1,val,client_1,5,99,44,143,True,0.5390266299357208
SIDER,fedavg_proto,0.5,0,46,200,16,16,0.1,val,client_1,6,131,12,143,True,0.727735368956743
SIDER,fedavg_proto,0.5,0,46,200,16,16,0.1,val,client_1,7,20,123,143,True,0.49390243902439024
SIDER,fedavg_proto,0.5,0,46,200,16,16,0.1,val,client_1,8,97,46,143,True,0.6259524876736889
SIDER,fedavg_proto,0.5,0,46,200,16,16,0.1,val,client_1,9,71,72,143,True,0.6355633802816901
SIDER,fedavg_proto,0.5,0,46,200,16,16,0.1,val,client_1,10,35,108,143,True,0.5603174603174603
SIDER,fedavg_proto,0.5,0,46,200,16,16,0.1,val,client_1,11,130,13,143,True,0.5526627218934911
SIDER,fedavg_proto,0.5,0,46,200,16,16,0.1,val,client_1,12,37,106,143,True,0.6262111167771545
SIDER,fedavg_proto,0.5,0,46,200,16,16,0.1,val,client_1,13,20,123,143,True,0.5727642276422764
SIDER,fedavg_proto,0.5,0,46,200,16,16,0.1,val,client_1,14,107,36,143,True,0.5672377985462097
SIDER,fedavg_proto,0.5,0,46,200,16,16,0.1,val,client_1,15,94,49,143,True,0.6391663048198004
SIDER,fedavg_proto,0.5,0,46,200,16,16,0.1,val,client_1,16,129,14,143,True,0.6506090808416389
SIDER,fedavg_proto,0.5,0,46,200,16,16,0.1,val,client_1,17,20,123,143,True,0.5414634146341464
SIDER,fedavg_proto,0.5,0,46,200,16,16,0.1,val,client_1,18,104,39,143,True,0.5017258382642997
SIDER,fedavg_proto,0.5,0,46,200,16,16,0.1,val,client_1,19,103,40,143,True,0.5944174757281553
SIDER,fedavg_proto,0.5,0,46,200,16,16,0.1,val,client_1,20,102,41,143,True,0.5514108082257293
SIDER,fedavg_proto,0.5,0,46,200,16,16,0.1,val,client_1,21,98,45,143,True,0.6668934240362812
SIDER,fedavg_proto,0.5,0,46,200,16,16,0.1,val,client_1,22,10,133,143,True,0.5676691729323309
SIDER,fedavg_proto,0.5,0,46,200,16,16,0.1,val,client_1,23,64,79,143,True,0.5642800632911391
SIDER,fedavg_proto,0.5,0,46,200,16,16,0.1,val,client_1,24,104,39,143,True,0.6205621301775148
SIDER,fedavg_proto,0.5,0,46,200,16,16,0.1,val,client_1,25,134,9,143,True,0.775290215588723
SIDER,fedavg_proto,0.5,0,46,200,16,16,0.1,val,client_1,26,95,48,143,True,0.5370614035087719
SIDER,fedavg_proto,0.5,0,46,200,16,16,0.1,val,client_2,0,76,67,143,True,0.5618617439120189
SIDER,fedavg_proto,0.5,0,46,200,16,16,0.1,val,client_2,1,99,44,143,True,0.5635904499540864
SIDER,fedavg_proto,0.5,0,46,200,16,16,0.1,val,client_2,2,2,141,143,True,0.8546099290780141
SIDER,fedavg_proto,0.5,0,46,200,16,16,0.1,val,client_2,3,85,58,143,True,0.595131845841785
SIDER,fedavg_proto,0.5,0,46,200,16,16,0.1,val,client_2,4,117,26,143,True,0.6282051282051282
SIDER,fedavg_proto,0.5,0,46,200,16,16,0.1,val,client_2,5,99,44,143,True,0.5548668503213958
SIDER,fedavg_proto,0.5,0,46,200,16,16,0.1,val,client_2,6,131,12,143,True,0.7754452926208651
SIDER,fedavg_proto,0.5,0,46,200,16,16,0.1,val,client_2,7,20,123,143,True,0.5975609756097561
SIDER,fedavg_proto,0.5,0,46,200,16,16,0.1,val,client_2,8,97,46,143,True,0.6118332586284178
SIDER,fedavg_proto,0.5,0,46,200,16,16,0.1,val,client_2,9,71,72,143,True,0.6144366197183099
SIDER,fedavg_proto,0.5,0,46,200,16,16,0.1,val,client_2,10,35,108,143,True,0.5962962962962962
SIDER,fedavg_proto,0.5,0,46,200,16,16,0.1,val,client_2,11,130,13,143,True,0.44792899408284026
SIDER,fedavg_proto,0.5,0,46,200,16,16,0.1,val,client_2,12,37,106,143,True,0.6257011728709843
SIDER,fedavg_proto,0.5,0,46,200,16,16,0.1,val,client_2,13,20,123,143,True,0.5926829268292684
SIDER,fedavg_proto,0.5,0,46,200,16,16,0.1,val,client_2,14,107,36,143,True,0.5301142263759085
SIDER,fedavg_proto,0.5,0,46,200,16,16,0.1,val,client_2,15,94,49,143,True,0.6828050369083805
SIDER,fedavg_proto,0.5,0,46,200,16,16,0.1,val,client_2,16,129,14,143,True,0.5636766334440753
SIDER,fedavg_proto,0.5,0,46,200,16,16,0.1,val,client_2,17,20,123,143,True,0.45813008130081306
SIDER,fedavg_proto,0.5,0,46,200,16,16,0.1,val,client_2,18,104,39,143,True,0.5081360946745562
SIDER,fedavg_proto,0.5,0,46,200,16,16,0.1,val,client_2,19,103,40,143,True,0.5160194174757282
SIDER,fedavg_proto,0.5,0,46,200,16,16,0.1,val,client_2,20,102,41,143,True,0.5114777618364419
SIDER,fedavg_proto,0.5,0,46,200,16,16,0.1,val,client_2,21,98,45,143,True,0.6158730158730159
SIDER,fedavg_proto,0.5,0,46,200,16,16,0.1,val,client_2,22,10,133,143,True,0.5729323308270677
SIDER,fedavg_proto,0.5,0,46,200,16,16,0.1,val,client_2,23,64,79,143,True,0.5676424050632911
SIDER,fedavg_proto,0.5,0,46,200,16,16,0.1,val,client_2,24,104,39,143,True,0.5520216962524656
SIDER,fedavg_proto,0.5,0,46,200,16,16,0.1,val,client_2,25,134,9,143,True,0.6533996683250415
SIDER,fedavg_proto,0.5,0,46,200,16,16,0.1,val,client_2,26,95,48,143,True,0.5574561403508773
SIDER,fedavg_proto,0.5,0,46,200,16,16,0.1,val,client_3,0,76,67,143,True,0.6150824823252159
SIDER,fedavg_proto,0.5,0,46,200,16,16,0.1,val,client_3,1,99,44,143,True,0.6414141414141413
SIDER,fedavg_proto,0.5,0,46,200,16,16,0.1,val,client_3,2,2,141,143,True,0.5354609929078014
SIDER,fedavg_proto,0.5,0,46,200,16,16,0.1,val,client_3,3,85,58,143,True,0.5638945233265721
SIDER,fedavg_proto,0.5,0,46,200,16,16,0.1,val,client_3,4,117,26,143,True,0.7245233399079553
SIDER,fedavg_proto,0.5,0,46,200,16,16,0.1,val,client_3,5,99,44,143,True,0.6694214876033058
SIDER,fedavg_proto,0.5,0,46,200,16,16,0.1,val,client_3,6,131,12,143,True,0.7671755725190841
SIDER,fedavg_proto,0.5,0,46,200,16,16,0.1,val,client_3,7,20,123,143,True,0.5890243902439024
SIDER,fedavg_proto,0.5,0,46,200,16,16,0.1,val,client_3,8,97,46,143,True,0.6039892424921559
SIDER,fedavg_proto,0.5,0,46,200,16,16,0.1,val,client_3,9,71,72,143,True,0.6244131455399061
SIDER,fedavg_proto,0.5,0,46,200,16,16,0.1,val,client_3,10,35,108,143,True,0.6113756613756614
SIDER,fedavg_proto,0.5,0,46,200,16,16,0.1,val,client_3,11,130,13,143,True,0.6520710059171598
SIDER,fedavg_proto,0.5,0,46,200,16,16,0.1,val,client_3,12,37,106,143,True,0.7021927587965324
SIDER,fedavg_proto,0.5,0,46,200,16,16,0.1,val,client_3,13,20,123,143,True,0.5646341463414634
SIDER,fedavg_proto,0.5,0,46,200,16,16,0.1,val,client_3,14,107,36,143,True,0.5446521287642784
SIDER,fedavg_proto,0.5,0,46,200,16,16,0.1,val,client_3,15,94,49,143,True,0.6458966565349545
SIDER,fedavg_proto,0.5,0,46,200,16,16,0.1,val,client_3,16,129,14,143,True,0.6351052048726468
SIDER,fedavg_proto,0.5,0,46,200,16,16,0.1,val,client_3,17,20,123,143,True,0.5365853658536586
SIDER,fedavg_proto,0.5,0,46,200,16,16,0.1,val,client_3,18,104,39,143,True,0.6227810650887574
SIDER,fedavg_proto,0.5,0,46,200,16,16,0.1,val,client_3,19,103,40,143,True,0.6216019417475729
SIDER,fedavg_proto,0.5,0,46,200,16,16,0.1,val,client_3,20,102,41,143,True,0.4968914395026303
SIDER,fedavg_proto,0.5,0,46,200,16,16,0.1,val,client_3,21,98,45,143,True,0.6006802721088434
SIDER,fedavg_proto,0.5,0,46,200,16,16,0.1,val,client_3,22,10,133,143,True,0.5661654135338346
SIDER,fedavg_proto,0.5,0,46,200,16,16,0.1,val,client_3,23,64,79,143,True,0.5583465189873418
SIDER,fedavg_proto,0.5,0,46,200,16,16,0.1,val,client_3,24,104,39,143,True,0.5261341222879684
SIDER,fedavg_proto,0.5,0,46,200,16,16,0.1,val,client_3,25,134,9,143,True,0.5978441127694859
SIDER,fedavg_proto,0.5,0,46,200,16,16,0.1,val,client_3,26,95,48,143,True,0.5304824561403509
SIDER,fedavg_proto,0.5,0,46,200,16,16,0.1,test,server,0,72,71,143,True,0.6588419405320813
SIDER,fedavg_proto,0.5,0,46,200,16,16,0.1,test,server,1,105,38,143,True,0.6498746867167919
SIDER,fedavg_proto,0.5,0,46,200,16,16,0.1,test,server,2,5,138,143,True,0.4492753623188406
SIDER,fedavg_proto,0.5,0,46,200,16,16,0.1,test,server,3,90,53,143,True,0.5054507337526205
SIDER,fedavg_proto,0.5,0,46,200,16,16,0.1,test,server,4,118,25,143,True,0.5776271186440678
SIDER,fedavg_proto,0.5,0,46,200,16,16,0.1,test,server,5,104,39,143,True,0.5697731755424064
SIDER,fedavg_proto,0.5,0,46,200,16,16,0.1,test,server,6,134,9,143,True,0.609452736318408
SIDER,fedavg_proto,0.5,0,46,200,16,16,0.1,test,server,7,24,119,143,True,0.5787815126050421
SIDER,fedavg_proto,0.5,0,46,200,16,16,0.1,test,server,8,91,52,143,True,0.5158495350803043
SIDER,fedavg_proto,0.5,0,46,200,16,16,0.1,test,server,9,74,69,143,True,0.6288679984332158
SIDER,fedavg_proto,0.5,0,46,200,16,16,0.1,test,server,10,39,104,143,True,0.5877712031558185
SIDER,fedavg_proto,0.5,0,46,200,16,16,0.1,test,server,11,130,13,143,True,0.5171597633136095
SIDER,fedavg_proto,0.5,0,46,200,16,16,0.1,test,server,12,33,110,143,True,0.6118457300275482
SIDER,fedavg_proto,0.5,0,46,200,16,16,0.1,test,server,13,20,123,143,True,0.6000000000000001
SIDER,fedavg_proto,0.5,0,46,200,16,16,0.1,test,server,14,113,30,143,True,0.5058997050147493
SIDER,fedavg_proto,0.5,0,46,200,16,16,0.1,test,server,15,83,60,143,True,0.6265060240963856
SIDER,fedavg_proto,0.5,0,46,200,16,16,0.1,test,server,16,131,12,143,True,0.6711195928753181
SIDER,fedavg_proto,0.5,0,46,200,16,16,0.1,test,server,17,30,113,143,True,0.6640117994100296
SIDER,fedavg_proto,0.5,0,46,200,16,16,0.1,test,server,18,109,34,143,True,0.5313005936319481
SIDER,fedavg_proto,0.5,0,46,200,16,16,0.1,test,server,19,104,39,143,True,0.4837278106508876
SIDER,fedavg_proto,0.5,0,46,200,16,16,0.1,test,server,20,102,41,143,True,0.4782400765184122
SIDER,fedavg_proto,0.5,0,46,200,16,16,0.1,test,server,21,98,45,143,True,0.5931972789115646
SIDER,fedavg_proto,0.5,0,46,200,16,16,0.1,test,server,22,14,129,143,True,0.6583610188261352
SIDER,fedavg_proto,0.5,0,46,200,16,16,0.1,test,server,23,60,83,143,True,0.4927710843373494
SIDER,fedavg_proto,0.5,0,46,200,16,16,0.1,test,server,24,98,45,143,True,0.490702947845805
SIDER,fedavg_proto,0.5,0,46,200,16,16,0.1,test,server,25,132,11,143,True,0.6411845730027548
SIDER,fedavg_proto,0.5,0,46,200,16,16,0.1,test,server,26,101,42,143,True,0.6112682696841114
SIDER,fedavg_proto,0.5,0,46,200,16,16,0.1,test,client_0,0,72,71,143,True,0.6504303599374022
SIDER,fedavg_proto,0.5,0,46,200,16,16,0.1,test,client_0,1,105,38,143,True,0.5791979949874686
SIDER,fedavg_proto,0.5,0,46,200,16,16,0.1,test,client_0,2,5,138,143,True,0.6652173913043478
SIDER,fedavg_proto,0.5,0,46,200,16,16,0.1,test,client_0,3,90,53,143,True,0.5127882599580713
SIDER,fedavg_proto,0.5,0,46,200,16,16,0.1,test,client_0,4,118,25,143,True,0.6505084745762713
SIDER,fedavg_proto,0.5,0,46,200,16,16,0.1,test,client_0,5,104,39,143,True,0.6291913214990138
SIDER,fedavg_proto,0.5,0,46,200,16,16,0.1,test,client_0,6,134,9,143,True,0.5580431177446104
SIDER,fedavg_proto,0.5,0,46,200,16,16,0.1,test,client_0,7,24,119,143,True,0.5528711484593837
SIDER,fedavg_proto,0.5,0,46,200,16,16,0.1,test,client_0,8,91,52,143,True,0.5166948436179205
SIDER,fedavg_proto,0.5,0,46,200,16,16,0.1,test,client_0,9,74,69,143,True,0.599686643164904
SIDER,fedavg_proto,0.5,0,46,200,16,16,0.1,test,client_0,10,39,104,143,True,0.6245069033530573
SIDER,fedavg_proto,0.5,0,46,200,16,16,0.1,test,client_0,11,130,13,143,True,0.6497041420118344
SIDER,fedavg_proto,0.5,0,46,200,16,16,0.1,test,client_0,12,33,110,143,True,0.5457300275482093
SIDER,fedavg_proto,0.5,0,46,200,16,16,0.1,test,client_0,13,20,123,143,True,0.566260162601626
SIDER,fedavg_proto,0.5,0,46,200,16,16,0.1,test,client_0,14,113,30,143,True,0.5843657817109145
SIDER,fedavg_proto,0.5,0,46,200,16,16,0.1,test,client_0,15,83,60,143,True,0.6479919678714858
SIDER,fedavg_proto,0.5,0,46,200,16,16,0.1,test,client_0,16,131,12,143,True,0.6914758269720102
SIDER,fedavg_proto,0.5,0,46,200,16,16,0.1,test,client_0,17,30,113,143,True,0.563716814159292
SIDER,fedavg_proto,0.5,0,46,200,16,16,0.1,test,client_0,18,109,34,143,True,0.5223961144090664
SIDER,fedavg_proto,0.5,0,46,200,16,16,0.1,test,client_0,19,104,39,143,True,0.51232741617357
SIDER,fedavg_proto,0.5,0,46,200,16,16,0.1,test,client_0,20,102,41,143,True,0.5002391200382592
SIDER,fedavg_proto,0.5,0,46,200,16,16,0.1,test,client_0,21,98,45,143,True,0.6115646258503401
SIDER,fedavg_proto,0.5,0,46,200,16,16,0.1,test,client_0,22,14,129,143,True,0.5874861572535992
SIDER,fedavg_proto,0.5,0,46,200,16,16,0.1,test,client_0,23,60,83,143,True,0.5307228915662651
SIDER,fedavg_proto,0.5,0,46,200,16,16,0.1,test,client_0,24,98,45,143,True,0.5385487528344671
SIDER,fedavg_proto,0.5,0,46,200,16,16,0.1,test,client_0,25,132,11,143,True,0.6074380165289256
SIDER,fedavg_proto,0.5,0,46,200,16,16,0.1,test,client_0,26,101,42,143,True,0.6534653465346535
SIDER,fedavg_proto,0.5,0,46,200,16,16,0.1,test,client_1,0,72,71,143,True,0.627151799687011
SIDER,fedavg_proto,0.5,0,46,200,16,16,0.1,test,client_1,1,105,38,143,True,0.5794486215538847
SIDER,fedavg_proto,0.5,0,46,200,16,16,0.1,test,client_1,2,5,138,143,True,0.5217391304347826
SIDER,fedavg_proto,0.5,0,46,200,16,16,0.1,test,client_1,3,90,53,143,True,0.50083857442348
SIDER,fedavg_proto,0.5,0,46,200,16,16,0.1,test,client_1,4,118,25,143,True,0.4905084745762711
SIDER,fedavg_proto,0.5,0,46,200,16,16,0.1,test,client_1,5,104,39,143,True,0.5628698224852071
SIDER,fedavg_proto,0.5,0,46,200,16,16,0.1,test,client_1,6,134,9,143,True,0.5679933665008292
SIDER,fedavg_proto,0.5,0,46,200,16,16,0.1,test,client_1,7,24,119,143,True,0.6785714285714286
SIDER,fedavg_proto,0.5,0,46,200,16,16,0.1,test,client_1,8,91,52,143,True,0.5805156382079458
SIDER,fedavg_proto,0.5,0,46,200,16,16,0.1,test,client_1,9,74,69,143,True,0.6596161378770075
SIDER,fedavg_proto,0.5,0,46,200,16,16,0.1,test,client_1,10,39,104,143,True,0.6146449704142013
SIDER,fedavg_proto,0.5,0,46,200,16,16,0.1,test,client_1,11,130,13,143,True,0.49112426035502954
SIDER,fedavg_proto,0.5,0,46,200,16,16,0.1,test,client_1,12,33,110,143,True,0.6892561983471075
SIDER,fedavg_proto,0.5,0,46,200,16,16,0.1,test,client_1,13,20,123,143,True,0.6853658536585365
SIDER,fedavg_proto,0.5,0,46,200,16,16,0.1,test,client_1,14,113,30,143,True,0.479646017699115
SIDER,fedavg_proto,0.5,0,46,200,16,16,0.1,test,client_1,15,83,60,143,True,0.5664658634538152
SIDER,fedavg_proto,0.5,0,46,200,16,16,0.1,test,client_1,16,131,12,143,True,0.5216284987277354
SIDER,fedavg_proto,0.5,0,46,200,16,16,0.1,test,client_1,17,30,113,143,True,0.6575221238938053
SIDER,fedavg_proto,0.5,0,46,200,16,16,0.1,test,client_1,18,109,34,143,True,0.5456017269293039
SIDER,fedavg_proto,0.5,0,46,200,16,16,0.1,test,client_1,19,104,39,143,True,0.48471400394477315
SIDER,fedavg_proto,0.5,0,46,200,16,16,0.1,test,client_1,20,102,41,143,True,0.5040650406504065
SIDER,fedavg_proto,0.5,0,46,200,16,16,0.1,test,client_1,21,98,45,143,True,0.5052154195011338
SIDER,fedavg_proto,0.5,0,46,200,16,16,0.1,test,client_1,22,14,129,143,True,0.7497231450719822
SIDER,fedavg_proto,0.5,0,46,200,16,16,0.1,test,client_1,23,60,83,143,True,0.49036144578313257
SIDER,fedavg_proto,0.5,0,46,200,16,16,0.1,test,client_1,24,98,45,143,True,0.48095238095238096
SIDER,fedavg_proto,0.5,0,46,200,16,16,0.1,test,client_1,25,132,11,143,True,0.6046831955922864
SIDER,fedavg_proto,0.5,0,46,200,16,16,0.1,test,client_1,26,101,42,143,True,0.6183404054691183
SIDER,fedavg_proto,0.5,0,46,200,16,16,0.1,test,client_2,0,72,71,143,True,0.5524256651017214
SIDER,fedavg_proto,0.5,0,46,200,16,16,0.1,test,client_2,1,105,38,143,True,0.5541353383458647
SIDER,fedavg_proto,0.5,0,46,200,16,16,0.1,test,client_2,2,5,138,143,True,0.5202898550724638
SIDER,fedavg_proto,0.5,0,46,200,16,16,0.1,test,client_2,3,90,53,143,True,0.4507337526205451
SIDER,fedavg_proto,0.5,0,46,200,16,16,0.1,test,client_2,4,118,25,143,True,0.5271186440677966
SIDER,fedavg_proto,0.5,0,46,200,16,16,0.1,test,client_2,5,104,39,143,True,0.5414201183431953
SIDER,fedavg_proto,0.5,0,46,200,16,16,0.1,test,client_2,6,134,9,143,True,0.5456053067993366
SIDER,fedavg_proto,0.5,0,46,200,16,16,0.1,test,client_2,7,24,119,143,True,0.5458683473389355
SIDER,fedavg_proto,0.5,0,46,200,16,16,0.1,test,client_2,8,91,52,143,True,0.5101437024513947
SIDER,fedavg_proto,0.5,0,46,200,16,16,0.1,test,client_2,9,74,69,143,True,0.5518997258127692
SIDER,fedavg_proto,0.5,0,46,200,16,16,0.1,test,client_2,10,39,104,143,True,0.5983727810650887
SIDER,fedavg_proto,0.5,0,46,200,16,16,0.1,test,client_2,11,130,13,143,True,0.36449704142011835
SIDER,fedavg_proto,0.5,0,46,200,16,16,0.1,test,client_2,12,33,110,143,True,0.6104683195592288
SIDER,fedavg_proto,0.5,0,46,200,16,16,0.1,test,client_2,13,20,123,143,True,0.565040650406504
SIDER,fedavg_proto,0.5,0,46,200,16,16,0.1,test,client_2,14,113,30,143,True,0.484070796460177
SIDER,fedavg_proto,0.5,0,46,200,16,16,0.1,test,client_2,15,83,60,143,True,0.6226907630522088
SIDER,fedavg_proto,0.5,0,46,200,16,16,0.1,test,client_2,16,131,12,143,True,0.6412213740458015
SIDER,fedavg_proto,0.5,0,46,200,16,16,0.1,test,client_2,17,30,113,143,True,0.6182890855457226
SIDER,fedavg_proto,0.5,0,46,200,16,16,0.1,test,client_2,18,109,34,143,True,0.4757150566648678
SIDER,fedavg_proto,0.5,0,46,200,16,16,0.1,test,client_2,19,104,39,143,True,0.4292406311637081
SIDER,fedavg_proto,0.5,0,46,200,16,16,0.1,test,client_2,20,102,41,143,True,0.43137254901960786
SIDER,fedavg_proto,0.5,0,46,200,16,16,0.1,test,client_2,21,98,45,143,True,0.5596371882086167
SIDER,fedavg_proto,0.5,0,46,200,16,16,0.1,test,client_2,22,14,129,143,True,0.606312292358804
SIDER,fedavg_proto,0.5,0,46,200,16,16,0.1,test,client_2,23,60,83,143,True,0.46927710843373494
SIDER,fedavg_proto,0.5,0,46,200,16,16,0.1,test,client_2,24,98,45,143,True,0.43514739229024946
SIDER,fedavg_proto,0.5,0,46,200,16,16,0.1,test,client_2,25,132,11,143,True,0.5819559228650137
SIDER,fedavg_proto,0.5,0,46,200,16,16,0.1,test,client_2,26,101,42,143,True,0.5516265912305517
SIDER,fedavg_proto,0.5,0,46,200,16,16,0.1,test,client_3,0,72,71,143,True,0.611111111111111
SIDER,fedavg_proto,0.5,0,46,200,16,16,0.1,test,client_3,1,105,38,143,True,0.6476190476190476
SIDER,fedavg_proto,0.5,0,46,200,16,16,0.1,test,client_3,2,5,138,143,True,0.6855072463768116
SIDER,fedavg_proto,0.5,0,46,200,16,16,0.1,test,client_3,3,90,53,143,True,0.5452830188679245
SIDER,fedavg_proto,0.5,0,46,200,16,16,0.1,test,client_3,4,118,25,143,True,0.6389830508474577
SIDER,fedavg_proto,0.5,0,46,200,16,16,0.1,test,client_3,5,104,39,143,True,0.5463510848126233
SIDER,fedavg_proto,0.5,0,46,200,16,16,0.1,test,client_3,6,134,9,143,True,0.6832504145936982
SIDER,fedavg_proto,0.5,0,46,200,16,16,0.1,test,client_3,7,24,119,143,True,0.5091036414565826
SIDER,fedavg_proto,0.5,0,46,200,16,16,0.1,test,client_3,8,91,52,143,True,0.5171174978867287
SIDER,fedavg_proto,0.5,0,46,200,16,16,0.1,test,client_3,9,74,69,143,True,0.6560908734821778
SIDER,fedavg_proto,0.5,0,46,200,16,16,0.1,test,client_3,10,39,104,143,True,0.5816074950690335
SIDER,fedavg_proto,0.5,0,46,200,16,16,0.1,test,client_3,11,130,13,143,True,0.6396449704142011
SIDER,fedavg_proto,0.5,0,46,200,16,16,0.1,test,client_3,12,33,110,143,True,0.5942148760330578
SIDER,fedavg_proto,0.5,0,46,200,16,16,0.1,test,client_3,13,20,123,143,True,0.5475609756097561
SIDER,fedavg_proto,0.5,0,46,200,16,16,0.1,test,client_3,14,113,30,143,True,0.6
SIDER,fedavg_proto,0.5,0,46,200,16,16,0.1,test,client_3,15,83,60,143,True,0.6152610441767068
SIDER,fedavg_proto,0.5,0,46,200,16,16,0.1,test,client_3,16,131,12,143,True,0.7830788804071247
SIDER,fedavg_proto,0.5,0,46,200,16,16,0.1,test,client_3,17,30,113,143,True,0.5943952802359883
SIDER,fedavg_proto,0.5,0,46,200,16,16,0.1,test,client_3,18,109,34,143,True,0.5620615218564491
SIDER,fedavg_proto,0.5,0,46,200,16,16,0.1,test,client_3,19,104,39,143,True,0.5221893491124261
SIDER,fedavg_proto,0.5,0,46,200,16,16,0.1,test,client_3,20,102,41,143,True,0.5062171209947394
SIDER,fedavg_proto,0.5,0,46,200,16,16,0.1,test,client_3,21,98,45,143,True,0.6170068027210883
SIDER,fedavg_proto,0.5,0,46,200,16,16,0.1,test,client_3,22,14,129,143,True,0.5498338870431894
SIDER,fedavg_proto,0.5,0,46,200,16,16,0.1,test,client_3,23,60,83,143,True,0.5122489959839358
SIDER,fedavg_proto,0.5,0,46,200,16,16,0.1,test,client_3,24,98,45,143,True,0.5489795918367348
SIDER,fedavg_proto,0.5,0,46,200,16,16,0.1,test,client_3,25,132,11,143,True,0.6611570247933884
SIDER,fedavg_proto,0.5,0,46,200,16,16,0.1,test,client_3,26,101,42,143,True,0.5945308816595946
SIDER,fedavg_proto,0.5,0,47,200,16,16,0.1,val,server,0,76,67,143,True,0.5701099764336214
SIDER,fedavg_proto,0.5,0,47,200,16,16,0.1,val,server,1,99,44,143,True,0.619146005509642
SIDER,fedavg_proto,0.5,0,47,200,16,16,0.1,val,server,2,2,141,143,True,0.549645390070922
SIDER,fedavg_proto,0.5,0,47,200,16,16,0.1,val,server,3,85,58,143,True,0.6310344827586206
SIDER,fedavg_proto,0.5,0,47,200,16,16,0.1,val,server,4,117,26,143,True,0.6939513477975017
SIDER,fedavg_proto,0.5,0,47,200,16,16,0.1,val,server,5,99,44,143,True,0.6285583103764922
SIDER,fedavg_proto,0.5,0,47,200,16,16,0.1,val,server,6,131,12,143,True,0.7344147582697201
SIDER,fedavg_proto,0.5,0,47,200,16,16,0.1,val,server,7,20,123,143,True,0.625609756097561
SIDER,fedavg_proto,0.5,0,47,200,16,16,0.1,val,server,8,97,46,143,True,0.630658897355446
SIDER,fedavg_proto,0.5,0,47,200,16,16,0.1,val,server,9,71,72,143,True,0.6275430359937403
SIDER,fedavg_proto,0.5,0,47,200,16,16,0.1,val,server,10,35,108,143,True,0.6277777777777778
SIDER,fedavg_proto,0.5,0,47,200,16,16,0.1,val,server,11,130,13,143,True,0.6390532544378698
SIDER,fedavg_proto,0.5,0,47,200,16,16,0.1,val,server,12,37,106,143,True,0.7034676185619582
SIDER,fedavg_proto,0.5,0,47,200,16,16,0.1,val,server,13,20,123,143,True,0.5894308943089431
SIDER,fedavg_proto,0.5,0,47,200,16,16,0.1,val,server,14,107,36,143,True,0.5324506749740395
SIDER,fedavg_proto,0.5,0,47,200,16,16,0.1,val,server,15,94,49,143,True,0.6445940078158923
SIDER,fedavg_proto,0.5,0,47,200,16,16,0.1,val,server,16,129,14,143,True,0.6312292358803986
SIDER,fedavg_proto,0.5,0,47,200,16,16,0.1,val,server,17,20,123,143,True,0.5065040650406504
SIDER,fedavg_proto,0.5,0,47,200,16,16,0.1,val,server,18,104,39,143,True,0.5554733727810651
SIDER,fedavg_proto,0.5,0,47,200,16,16,0.1,val,server,19,103,40,143,True,0.612621359223301
SIDER,fedavg_proto,0.5,0,47,200,16,16,0.1,val,server,20,102,41,143,True,0.5284552845528456
SIDER,fedavg_proto,0.5,0,47,200,16,16,0.1,val,server,21,98,45,143,True,0.6868480725623582
SIDER,fedavg_proto,0.5,0,47,200,16,16,0.1,val,server,22,10,133,143,True,0.5842105263157895
SIDER,fedavg_proto,0.5,0,47,200,16,16,0.1,val,server,23,64,79,143,True,0.600870253164557
SIDER,fedavg_proto,0.5,0,47,200,16,16,0.1,val,server,24,104,39,143,True,0.5539940828402368
SIDER,fedavg_proto,0.5,0,47,200,16,16,0.1,val,server,25,134,9,143,True,0.6592039800995024
SIDER,fedavg_proto,0.5,0,47,200,16,16,0.1,val,server,26,95,48,143,True,0.5616228070175439
SIDER,fedavg_proto,0.5,0,47,200,16,16,0.1,val,client_0,0,76,67,143,True,0.6042812254516889
SIDER,fedavg_proto,0.5,0,47,200,16,16,0.1,val,client_0,1,99,44,143,True,0.6202938475665748
SIDER,fedavg_proto,0.5,0,47,200,16,16,0.1,val,client_0,2,2,141,143,True,0.46099290780141844
SIDER,fedavg_proto,0.5,0,47,200,16,16,0.1,val,client_0,3,85,58,143,True,0.6129817444219066
SIDER,fedavg_proto,0.5,0,47,200,16,16,0.1,val,client_0,4,117,26,143,True,0.7021696252465482
SIDER,fedavg_proto,0.5,0,47,200,16,16,0.1,val,client_0,5,99,44,143,True,0.6786042240587695
SIDER,fedavg_proto,0.5,0,47,200,16,16,0.1,val,client_0,6,131,12,143,True,0.6832061068702291
SIDER,fedavg_proto,0.5,0,47,200,16,16,0.1,val,client_0,7,20,123,143,True,0.6678861788617887
SIDER,fedavg_proto,0.5,0,47,200,16,16,0.1,val,client_0,8,97,46,143,True,0.648588077095473
SIDER,fedavg_proto,0.5,0,47,200,16,16,0.1,val,client_0,9,71,72,143,True,0.5698356807511736
SIDER,fedavg_proto,0.5,0,47,200,16,16,0.1,val,client_0,10,35,108,143,True,0.701851851851852
SIDER,fedavg_proto,0.5,0,47,200,16,16,0.1,val,client_0,11,130,13,143,True,0.6911242603550296
SIDER,fedavg_proto,0.5,0,47,200,16,16,0.1,val,client_0,12,37,106,143,True,0.711116777154513
SIDER,fedavg_proto,0.5,0,47,200,16,16,0.1,val,client_0,13,20,123,143,True,0.6158536585365854
SIDER,fedavg_proto,0.5,0,47,200,16,16,0.1,val,client_0,14,107,36,143,True,0.5568535825545171
SIDER,fedavg_proto,0.5,0,47,200,16,16,0.1,val,client_0,15,94,49,143,True,0.6356925749023014
SIDER,fedavg_proto,0.5,0,47,200,16,16,0.1,val,client_0,16,129,14,143,True,0.6666666666666666
SIDER,fedavg_proto,0.5,0,47,200,16,16,0.1,val,client_0,17,20,123,143,True,0.5601626016260163
SIDER,fedavg_proto,0.5,0,47,200,16,16,0.1,val,client_0,18,104,39,143,True,0.5305719921104537
SIDER,fedavg_proto,0.5,0,47,200,16,16,0.1,val,client_0,19,103,40,143,True,0.6291262135922331
SIDER,fedavg_proto,0.5,0,47,200,16,16,0.1,val,client_0,20,102,41,143,True,0.631037780966045
SIDER,fedavg_proto,0.5,0,47,200,16,16,0.1,val,client_0,21,98,45,143,True,0.6961451247165533
SIDER,fedavg_proto,0.5,0,47,200,16,16,0.1,val,client_0,22,10,133,143,True,0.6233082706766917
SIDER,fedavg_proto,0.5,0,47,200,16,16,0.1,val,client_0,23,64,79,143,True,0.5998813291139241
SIDER,fedavg_proto,0.5,0,47,200,16,16,0.1,val,client_0,24,104,39,143,True,0.5690335305719921
SIDER,fedavg_proto,0.5,0,47,200,16,16,0.1,val,client_0,25,134,9,143,True,0.6990049751243781
SIDER,fedavg_proto,0.5,0,47,200,16,16,0.1,val,client_0,26,95,48,143,True,0.6614035087719298
SIDER,fedavg_proto,0.5,0,47,200,16,16,0.1,val,client_1,0,76,67,143,True,0.5797329143754909
SIDER,fedavg_proto,0.5,0,47,200,16,16,0.1,val,client_1,1,99,44,143,True,0.6060606060606061
SIDER,fedavg_proto,0.5,0,47,200,16,16,0.1,val,client_1,2,2,141,143,True,0.5390070921985816
SIDER,fedavg_proto,0.5,0,47,200,16,16,0.1,val,client_1,3,85,58,143,True,0.6330628803245435
SIDER,fedavg_proto,0.5,0,47,200,16,16,0.1,val,client_1,4,117,26,143,True,0.6367521367521368
SIDER,fedavg_proto,0.5,0,47,200,16,16,0.1,val,client_1,5,99,44,143,True,0.5587695133149678
SIDER,fedavg_proto,0.5,0,47,200,16,16,0.1,val,client_1,6,131,12,143,True,0.7487277353689568
SIDER,fedavg_proto,0.5,0,47,200,16,16,0.1,val,client_1,7,20,123,143,True,0.5073170731707317
SIDER,fedavg_proto,0.5,0,47,200,16,16,0.1,val,client_1,8,97,46,143,True,0.627969520394442
SIDER,fedavg_proto,0.5,0,47,200,16,16,0.1,val,client_1,9,71,72,143,True,0.6359546165884195
SIDER,fedavg_proto,0.5,0,47,200,16,16,0.1,val,client_1,10,35,108,143,True,0.5708994708994708
SIDER,fedavg_proto,0.5,0,47,200,16,16,0.1,val,client_1,11,130,13,143,True,0.5491124260355029
SIDER,fedavg_proto,0.5,0,47,200,16,16,0.1,val,client_1,12,37,106,143,True,0.6392146863844977
SIDER,fedavg_proto,0.5,0,47,200,16,16,0.1,val,client_1,13,20,123,143,True,0.5857723577235773
SIDER,fedavg_proto,0.5,0,47,200,16,16,0.1,val,client_1,14,107,36,143,True,0.5617860851505712
SIDER,fedavg_proto,0.5,0,47,200,16,16,0.1,val,client_1,15,94,49,143,True,0.6617455492835431
SIDER,fedavg_proto,0.5,0,47,200,16,16,0.1,val,client_1,16,129,14,143,True,0.6256921373200443
SIDER,fedavg_proto,0.5,0,47,200,16,16,0.1,val,client_1,17,20,123,143,True,0.5341463414634147
SIDER,fedavg_proto,0.5,0,47,200,16,16,0.1,val,client_1,18,104,39,143,True,0.48742603550295854
SIDER,fedavg_proto,0.5,0,47,200,16,16,0.1,val,client_1,19,103,40,143,True,0.5939320388349514
SIDER,fedavg_proto,0.5,0,47,200,16,16,0.1,val,client_1,20,102,41,143,True,0.5619320899091343
SIDER,fedavg_proto,0.5,0,47,200,16,16,0.1,val,client_1,21,98,45,143,True,0.6802721088435375
SIDER,fedavg_proto,0.5,0,47,200,16,16,0.1,val,client_1,22,10,133,143,True,0.5323308270676692
SIDER,fedavg_proto,0.5,0,47,200,16,16,0.1,val,client_1,23,64,79,143,True,0.5688291139240507
SIDER,fedavg_proto,0.5,0,47,200,16,16,0.1,val,client_1,24,104,39,143,True,0.6195759368836292
SIDER,fedavg_proto,0.5,0,47,200,16,16,0.1,val,client_1,25,134,9,143,True,0.7719734660033167
SIDER,fedavg_proto,0.5,0,47,200,16,16,0.1,val,client_1,26,95,48,143,True,0.5342105263157896
SIDER,fedavg_proto,0.5,0,47,200,16,16,0.1,val,client_2,0,76,67,143,True,0.5740377062058131
SIDER,fedavg_proto,0.5,0,47,200,16,16,0.1,val,client_2,1,99,44,143,True,0.6039944903581268
SIDER,fedavg_proto,0.5,0,47,200,16,16,0.1,val,client_2,2,2,141,143,True,0.8368794326241135
SIDER,fedavg_proto,0.5,0,47,200,16,16,0.1,val,client_2,3,85,58,143,True,0.6146044624746451
SIDER,fedavg_proto,0.5,0,47,200,16,16,0.1,val,client_2,4,117,26,143,True,0.6577909270216963
SIDER,fedavg_proto,0.5,0,47,200,16,16,0.1,val,client_2,5,99,44,143,True,0.5645087235996327
SIDER,fedavg_proto,0.5,0,47,200,16,16,0.1,val,client_2,6,131,12,143,True,0.7773536895674301
SIDER,fedavg_proto,0.5,0,47,200,16,16,0.1,val,client_2,7,20,123,143,True,0.6101626016260163
SIDER,fedavg_proto,0.5,0,47,200,16,16,0.1,val,client_2,8,97,46,143,True,0.6057821604661586
SIDER,fedavg_proto,0.5,0,47,200,16,16,0.1,val,client_2,9,71,72,143,True,0.6240219092331768
SIDER,fedavg_proto,0.5,0,47,200,16,16,0.1,val,client_2,10,35,108,143,True,0.6076719576719577
SIDER,fedavg_proto,0.5,0,47,200,16,16,0.1,val,client_2,11,130,13,143,True,0.4994082840236686
SIDER,fedavg_proto,0.5,0,47,200,16,16,0.1,val,client_2,12,37,106,143,True,0.6213666496685365
SIDER,fedavg_proto,0.5,0,47,200,16,16,0.1,val,client_2,13,20,123,143,True,0.6032520325203252
SIDER,fedavg_proto,0.5,0,47,200,16,16,0.1,val,client_2,14,107,36,143,True,0.5332294911734164
SIDER,fedavg_proto,0.5,0,47,200,16,16,0.1,val,client_2,15,94,49,143,True,0.6754233608336951
SIDER,fedavg_proto,0.5,0,47,200,16,16,0.1,val,client_2,16,129,14,143,True,0.5697674418604651
SIDER,fedavg_proto,0.5,0,47,200,16,16,0.1,val,client_2,17,20,123,143,True,0.4682926829268293
SIDER,fedavg_proto,0.5,0,47,200,16,16,0.1,val,client_2,18,104,39,143,True,0.5273668639053254
SIDER,fedavg_proto,0.5,0,47,200,16,16,0.1,val,client_2,19,103,40,143,True,0.5393203883495146
SIDER,fedavg_proto,0.5,0,47,200,16,16,0.1,val,client_2,20,102,41,143,True,0.5217599234815877
SIDER,fedavg_proto,0.5,0,47,200,16,16,0.1,val,client_2,21,98,45,143,True,0.6306122448979592
SIDER,fedavg_proto,0.5,0,47,200,16,16,0.1,val,client_2,22,10,133,143,True,0.5654135338345865
SIDER,fedavg_proto,0.5,0,47,200,16,16,0.1,val,client_2,23,64,79,143,True,0.5793117088607596
SIDER,fedavg_proto,0.5,0,47,200,16,16,0.1,val,client_2,24,104,39,143,True,0.5710059171597633
SIDER,fedavg_proto,0.5,0,47,200,16,16,0.1,val,client_2,25,134,9,143,True,0.6658374792703151
SIDER,fedavg_proto,0.5,0,47,200,16,16,0.1,val,client_2,26,95,48,143,True,0.5809210526315789
SIDER,fedavg_proto,0.5,0,47,200,16,16,0.1,val,client_3,0,76,67,143,True,0.6190102120974077
SIDER,fedavg_proto,0.5,0,47,200,16,16,0.1,val,client_3,1,99,44,143,True,0.646694214876033
SIDER,fedavg_proto,0.5,0,47,200,16,16,0.1,val,client_3,2,2,141,143,True,0.6028368794326241
SIDER,fedavg_proto,0.5,0,47,200,16,16,0.1,val,client_3,3,85,58,143,True,0.5780933062880325
SIDER,fedavg_proto,0.5,0,47,200,16,16,0.1,val,client_3,4,117,26,143,True,0.747534516765286
SIDER,fedavg_proto,0.5,0,47,200,16,16,0.1,val,client_3,5,99,44,143,True,0.679981634527089
SIDER,fedavg_proto,0.5,0,47,200,16,16,0.1,val,client_3,6,131,12,143,True,0.7843511450381678
SIDER,fedavg_proto,0.5,0,47,200,16,16,0.1,val,client_3,7,20,123,143,True,0.6142276422764227
SIDER,fedavg_proto,0.5,0,47,200,16,16,0.1,val,client_3,8,97,46,143,True,0.5909905871806365
SIDER,fedavg_proto,0.5,0,47,200,16,16,0.1,val,client_3,9,71,72,143,True,0.6310641627543037
SIDER,fedavg_proto,0.5,0,47,200,16,16,0.1,val,client_3,10,35,108,143,True,0.6092592592592593
SIDER,fedavg_proto,0.5,0,47,200,16,16,0.1,val,client_3,11,130,13,143,True,0.6976331360946746
SIDER,fedavg_proto,0.5,0,47,200,16,16,0.1,val,client_3,12,37,106,143,True,0.7004079551249363
SIDER,fedavg_proto,0.5,0,47,200,16,16,0.1,val,client_3,13,20,123,143,True,0.5707317073170731
SIDER,fedavg_proto,0.5,0,47,200,16,16,0.1,val,client_3,14,107,36,143,True,0.5649013499480788
SIDER,fedavg_proto,0.5,0,47,200,16,16,0.1,val,client_3,15,94,49,143,True,0.6491532783326097
SIDER,fedavg_proto,0.5,0,47,200,16,16,0.1,val,client_3,16,129,14,143,True,0.6295681063122923
SIDER,fedavg_proto,0.5,0,47,200,16,16,0.1,val,client_3,17,20,123,143,True,0.5434959349593496
SIDER,fedavg_proto,0.5,0,47,200,16,16,0.1,val,client_3,18,104,39,143,True,0.6070019723865878
SIDER,fedavg_proto,0.5,0,47,200,16,16,0.1,val,client_3,19,103,40,143,True,0.6395631067961165
SIDER,fedavg_proto,0.5,0,47,200,16,16,0.1,val,client_3,20,102,41,143,True,0.5143472022955524
SIDER,fedavg_proto,0.5,0,47,200,16,16,0.1,val,client_3,21,98,45,143,True,0.5952380952380951
SIDER,fedavg_proto,0.5,0,47,200,16,16,0.1,val,client_3,22,10,133,143,True,0.5571428571428572
SIDER,fedavg_proto,0.5,0,47,200,16,16,0.1,val,client_3,23,64,79,143,True,0.564873417721519
SIDER,fedavg_proto,0.5,0,47,200,16,16,0.1,val,client_3,24,104,39,143,True,0.5384615384615385
SIDER,fedavg_proto,0.5,0,47,200,16,16,0.1,val,client_3,25,134,9,143,True,0.6102819237147595
SIDER,fedavg_proto,0.5,0,47,200,16,16,0.1,val,client_3,26,95,48,143,True,0.5401315789473684
SIDER,fedavg_proto,0.5,0,47,200,16,16,0.1,test,server,0,72,71,143,True,0.6641236306729265
SIDER,fedavg_proto,0.5,0,47,200,16,16,0.1,test,server,1,105,38,143,True,0.6593984962406014
SIDER,fedavg_proto,0.5,0,47,200,16,16,0.1,test,server,2,5,138,143,True,0.44782608695652176
SIDER,fedavg_proto,0.5,0,47,200,16,16,0.1,test,server,3,90,53,143,True,0.5178197064989518
SIDER,fedavg_proto,0.5,0,47,200,16,16,0.1,test,server,4,118,25,143,True,0.592542372881356
SIDER,fedavg_proto,0.5,0,47,200,16,16,0.1,test,server,5,104,39,143,True,0.5838264299802762
SIDER,fedavg_proto,0.5,0,47,200,16,16,0.1,test,server,6,134,9,143,True,0.6293532338308457
SIDER,fedavg_proto,0.5,0,47,200,16,16,0.1,test,server,7,24,119,143,True,0.5742296918767507
SIDER,fedavg_proto,0.5,0,47,200,16,16,0.1,test,server,8,91,52,143,True,0.5120456466610313
SIDER,fedavg_proto,0.5,0,47,200,16,16,0.1,test,server,9,74,69,143,True,0.6414022718370544
SIDER,fedavg_proto,0.5,0,47,200,16,16,0.1,test,server,10,39,104,143,True,0.5877712031558185
SIDER,fedavg_proto,0.5,0,47,200,16,16,0.1,test,server,11,130,13,143,True,0.5473372781065089
SIDER,fedavg_proto,0.5,0,47,200,16,16,0.1,test,server,12,33,110,143,True,0.6096418732782369
SIDER,fedavg_proto,0.5,0,47,200,16,16,0.1,test,server,13,20,123,143,True,0.6004065040650406
SIDER,fedavg_proto,0.5,0,47,200,16,16,0.1,test,server,14,113,30,143,True,0.5194690265486726
SIDER,fedavg_proto,0.5,0,47,200,16,16,0.1,test,server,15,83,60,143,True,0.63714859437751
SIDER,fedavg_proto,0.5,0,47,200,16,16,0.1,test,server,16,131,12,143,True,0.6717557251908398
SIDER,fedavg_proto,0.5,0,47,200,16,16,0.1,test,server,17,30,113,143,True,0.6646017699115043
SIDER,fedavg_proto,0.5,0,47,200,16,16,0.1,test,server,18,109,34,143,True,0.5383162439287642
SIDER,fedavg_proto,0.5,0,47,200,16,16,0.1,test,server,19,104,39,143,True,0.49975345167652857
SIDER,fedavg_proto,0.5,0,47,200,16,16,0.1,test,server,20,102,41,143,True,0.49234815877570537
SIDER,fedavg_proto,0.5,0,47,200,16,16,0.1,test,server,21,98,45,143,True,0.6086167800453515
SIDER,fedavg_proto,0.5,0,47,200,16,16,0.1,test,server,22,14,129,143,True,0.6605758582502769
SIDER,fedavg_proto,0.5,0,47,200,16,16,0.1,test,server,23,60,83,143,True,0.5078313253012048
SIDER,fedavg_proto,0.5,0,47,200,16,16,0.1,test,server,24,98,45,143,True,0.5065759637188209
SIDER,fedavg_proto,0.5,0,47,200,16,16,0.1,test,server,25,132,11,143,True,0.6528925619834711
SIDER,fedavg_proto,0.5,0,47,200,16,16,0.1,test,server,26,101,42,143,True,0.6166902404526168
SIDER,fedavg_proto,0.5,0,47,200,16,16,0.1,test,client_0,0,72,71,143,True,0.6672535211267606
SIDER,fedavg_proto,0.5,0,47,200,16,16,0.1,test,client_0,1,105,38,143,True,0.5711779448621553
SIDER,fedavg_proto,0.5,0,47,200,16,16,0.1,test,client_0,2,5,138,143,True,0.663768115942029
SIDER,fedavg_proto,0.5,0,47,200,16,16,0.1,test,client_0,3,90,53,143,True,0.5180293501048219
SIDER,fedavg_proto,0.5,0,47,200,16,16,0.1,test,client_0,4,118,25,143,True,0.6671186440677966
SIDER,fedavg_proto,0.5,0,47,200,16,16,0.1,test,client_0,5,104,39,143,True,0.6153846153846154
SIDER,fedavg_proto,0.5,0,47,200,16,16,0.1,test,client_0,6,134,9,143,True,0.5472636815920398
SIDER,fedavg_proto,0.5,0,47,200,16,16,0.1,test,client_0,7,24,119,143,True,0.5714285714285714
SIDER,fedavg_proto,0.5,0,47,200,16,16,0.1,test,client_0,8,91,52,143,True,0.5166948436179205
SIDER,fedavg_proto,0.5,0,47,200,16,16,0.1,test,client_0,9,74,69,143,True,0.6124167645906777
SIDER,fedavg_proto,0.5,0,47,200,16,16,0.1,test,client_0,10,39,104,143,True,0.6494082840236687
SIDER,fedavg_proto,0.5,0,47,200,16,16,0.1,test,client_0,11,130,13,143,True,0.6514792899408284
SIDER,fedavg_proto,0.5,0,47,200,16,16,0.1,test,client_0,12,33,110,143,True,0.5727272727272728
SIDER,fedavg_proto,0.5,0,47,200,16,16,0.1,test,client_0,13,20,123,143,True,0.5780487804878048
SIDER,fedavg_proto,0.5,0,47,200,16,16,0.1,test,client_0,14,113,30,143,True,0.5766961651917404
SIDER,fedavg_proto,0.5,0,47,200,16,16,0.1,test,client_0,15,83,60,143,True,0.6546184738955823
SIDER,fedavg_proto,0.5,0,47,200,16,16,0.1,test,client_0,16,131,12,143,True,0.7010178117048346
SIDER,fedavg_proto,0.5,0,47,200,16,16,0.1,test,client_0,17,30,113,143,True,0.5790560471976401
SIDER,fedavg_proto,0.5,0,47,200,16,16,0.1,test,client_0,18,109,34,143,True,0.5415542363734485
SIDER,fedavg_proto,0.5,0,47,200,16,16,0.1,test,client_0,19,104,39,143,True,0.5204635108481263
SIDER,fedavg_proto,0.5,0,47,200,16,16,0.1,test,client_0,20,102,41,143,True,0.5028694404591104
SIDER,fedavg_proto,0.5,0,47,200,16,16,0.1,test,client_0,21,98,45,143,True,0.6158730158730158
SIDER,fedavg_proto,0.5,0,47,200,16,16,0.1,test,client_0,22,14,129,143,True,0.5996677740863787
SIDER,fedavg_proto,0.5,0,47,200,16,16,0.1,test,client_0,23,60,83,143,True,0.5369477911646587
SIDER,fedavg_proto,0.5,0,47,200,16,16,0.1,test,client_0,24,98,45,143,True,0.5487528344671202
SIDER,fedavg_proto,0.5,0,47,200,16,16,0.1,test,client_0,25,132,11,143,True,0.6026170798898072
SIDER,fedavg_proto,0.5,0,47,200,16,16,0.1,test,client_0,26,101,42,143,True,0.6725601131541726
SIDER,fedavg_proto,0.5,0,47,200,16,16,0.1,test,client_1,0,72,71,143,True,0.6443661971830986
SIDER,fedavg_proto,0.5,0,47,200,16,16,0.1,test,client_1,1,105,38,143,True,0.5952380952380952
SIDER,fedavg_proto,0.5,0,47,200,16,16,0.1,test,client_1,2,5,138,143,True,0.5362318840579711
SIDER,fedavg_proto,0.5,0,47,200,16,16,0.1,test,client_1,3,90,53,143,True,0.5176100628930818
SIDER,fedavg_proto,0.5,0,47,200,16,16,0.1,test,client_1,4,118,25,143,True,0.47830508474576267
SIDER,fedavg_proto,0.5,0,47,200,16,16,0.1,test,client_1,5,104,39,143,True,0.5749506903353058
SIDER,fedavg_proto,0.5,0,47,200,16,16,0.1,test,client_1,6,134,9,143,True,0.6069651741293532
SIDER,fedavg_proto,0.5,0,47,200,16,16,0.1,test,client_1,7,24,119,143,True,0.6775210084033614
SIDER,fedavg_proto,0.5,0,47,200,16,16,0.1,test,client_1,8,91,52,143,True,0.5898140321217245
SIDER,fedavg_proto,0.5,0,47,200,16,16,0.1,test,client_1,9,74,69,143,True,0.6568742655699178
SIDER,fedavg_proto,0.5,0,47,200,16,16,0.1,test,client_1,10,39,104,143,True,0.6057692307692307
SIDER,fedavg_proto,0.5,0,47,200,16,16,0.1,test,client_1,11,130,13,143,True,0.47514792899408287
SIDER,fedavg_proto,0.5,0,47,200,16,16,0.1,test,client_1,12,33,110,143,True,0.6986225895316805
SIDER,fedavg_proto,0.5,0,47,200,16,16,0.1,test,client_1,13,20,123,143,True,0.6878048780487804
SIDER,fedavg_proto,0.5,0,47,200,16,16,0.1,test,client_1,14,113,30,143,True,0.47463126843657816
SIDER,fedavg_proto,0.5,0,47,200,16,16,0.1,test,client_1,15,83,60,143,True,0.5771084337349397
SIDER,fedavg_proto,0.5,0,47,200,16,16,0.1,test,client_1,16,131,12,143,True,0.5012722646310432
SIDER,fedavg_proto,0.5,0,47,200,16,16,0.1,test,client_1,17,30,113,143,True,0.6702064896755162
SIDER,fedavg_proto,0.5,0,47,200,16,16,0.1,test,client_1,18,109,34,143,True,0.5458715596330276
SIDER,fedavg_proto,0.5,0,47,200,16,16,0.1,test,client_1,19,104,39,143,True,0.4718934911242604
SIDER,fedavg_proto,0.5,0,47,200,16,16,0.1,test,client_1,20,102,41,143,True,0.4913916786226686
SIDER,fedavg_proto,0.5,0,47,200,16,16,0.1,test,client_1,21,98,45,143,True,0.5317460317460317
SIDER,fedavg_proto,0.5,0,47,200,16,16,0.1,test,client_1,22,14,129,143,True,0.7469545957918051
SIDER,fedavg_proto,0.5,0,47,200,16,16,0.1,test,client_1,23,60,83,143,True,0.4963855421686747
SIDER,fedavg_proto,0.5,0,47,200,16,16,0.1,test,client_1,24,98,45,143,True,0.4755102040816327
SIDER,fedavg_proto,0.5,0,47,200,16,16,0.1,test,client_1,25,132,11,143,True,0.5984848484848484
SIDER,fedavg_proto,0.5,0,47,200,16,16,0.1,test,client_1,26,101,42,143,True,0.6060820367751061
SIDER,fedavg_proto,0.5,0,47,200,16,16,0.1,test,client_2,0,72,71,143,True,0.5594679186228482
SIDER,fedavg_proto,0.5,0,47,200,16,16,0.1,test,client_2,1,105,38,143,True,0.5636591478696742
SIDER,fedavg_proto,0.5,0,47,200,16,16,0.1,test,client_2,2,5,138,143,True,0.49855072463768124
SIDER,fedavg_proto,0.5,0,47,200,16,16,0.1,test,client_2,3,90,53,143,True,0.46289308176100624
SIDER,fedavg_proto,0.5,0,47,200,16,16,0.1,test,client_2,4,118,25,143,True,0.5423728813559322
SIDER,fedavg_proto,0.5,0,47,200,16,16,0.1,test,client_2,5,104,39,143,True,0.555473372781065
SIDER,fedavg_proto,0.5,0,47,200,16,16,0.1,test,client_2,6,134,9,143,True,0.5398009950248756
SIDER,fedavg_proto,0.5,0,47,200,16,16,0.1,test,client_2,7,24,119,143,True,0.5644257703081232
SIDER,fedavg_proto,0.5,0,47,200,16,16,0.1,test,client_2,8,91,52,143,True,0.5046491969568893
SIDER,fedavg_proto,0.5,0,47,200,16,16,0.1,test,client_2,9,74,69,143,True,0.5665883274578927
SIDER,fedavg_proto,0.5,0,47,200,16,16,0.1,test,client_2,10,39,104,143,True,0.5885108481262328
SIDER,fedavg_proto,0.5,0,47,200,16,16,0.1,test,client_2,11,130,13,143,True,0.39763313609467454
SIDER,fedavg_proto,0.5,0,47,200,16,16,0.1,test,client_2,12,33,110,143,True,0.6173553719008266
SIDER,fedavg_proto,0.5,0,47,200,16,16,0.1,test,client_2,13,20,123,143,True,0.5800813008130081
SIDER,fedavg_proto,0.5,0,47,200,16,16,0.1,test,client_2,14,113,30,143,True,0.5053097345132743
SIDER,fedavg_proto,0.5,0,47,200,16,16,0.1,test,client_2,15,83,60,143,True,0.6251004016064258
SIDER,fedavg_proto,0.5,0,47,200,16,16,0.1,test,client_2,16,131,12,143,True,0.648854961832061
SIDER,fedavg_proto,0.5,0,47,200,16,16,0.1,test,client_2,17,30,113,143,True,0.6303834808259587
SIDER,fedavg_proto,0.5,0,47,200,16,16,0.1,test,client_2,18,109,34,143,True,0.4959525094441447
SIDER,fedavg_proto,0.5,0,47,200,16,16,0.1,test,client_2,19,104,39,143,True,0.44649901380670615
SIDER,fedavg_proto,0.5,0,47,200,16,16,0.1,test,client_2,20,102,41,143,True,0.438546150167384
SIDER,fedavg_proto,0.5,0,47,200,16,16,0.1,test,client_2,21,98,45,143,True,0.5571428571428572
SIDER,fedavg_proto,0.5,0,47,200,16,16,0.1,test,client_2,22,14,129,143,True,0.6124031007751938
SIDER,fedavg_proto,0.5,0,47,200,16,16,0.1,test,client_2,23,60,83,143,True,0.47510040160642575
SIDER,fedavg_proto,0.5,0,47,200,16,16,0.1,test,client_2,24,98,45,143,True,0.45238095238095244
SIDER,fedavg_proto,0.5,0,47,200,16,16,0.1,test,client_2,25,132,11,143,True,0.5909090909090908
SIDER,fedavg_proto,0.5,0,47,200,16,16,0.1,test,client_2,26,101,42,143,True,0.5664780763790664
SIDER,fedavg_proto,0.5,0,47,200,16,16,0.1,test,client_3,0,72,71,143,True,0.6226525821596244
SIDER,fedavg_proto,0.5,0,47,200,16,16,0.1,test,client_3,1,105,38,143,True,0.661904761904762
SIDER,fedavg_proto,0.5,0,47,200,16,16,0.1,test,client_3,2,5,138,143,True,0.6782608695652174
SIDER,fedavg_proto,0.5,0,47,200,16,16,0.1,test,client_3,3,90,53,143,True,0.5362683438155136
SIDER,fedavg_proto,0.5,0,47,200,16,16,0.1,test,client_3,4,118,25,143,True,0.6603389830508475
SIDER,fedavg_proto,0.5,0,47,200,16,16,0.1,test,client_3,5,104,39,143,True,0.5636094674556213
SIDER,fedavg_proto,0.5,0,47,200,16,16,0.1,test,client_3,6,134,9,143,True,0.7048092868988391
SIDER,fedavg_proto,0.5,0,47,200,16,16,0.1,test,client_3,7,24,119,143,True,0.509453781512605
SIDER,fedavg_proto,0.5,0,47,200,16,16,0.1,test,client_3,8,91,52,143,True,0.5031699070160608
SIDER,fedavg_proto,0.5,0,47,200,16,16,0.1,test,client_3,9,74,69,143,True,0.6511946729338034
SIDER,fedavg_proto,0.5,0,47,200,16,16,0.1,test,client_3,10,39,104,143,True,0.5835798816568047
SIDER,fedavg_proto,0.5,0,47,200,16,16,0.1,test,client_3,11,130,13,143,True,0.6485207100591717
SIDER,fedavg_proto,0.5,0,47,200,16,16,0.1,test,client_3,12,33,110,143,True,0.5589531680440771
SIDER,fedavg_proto,0.5,0,47,200,16,16,0.1,test,client_3,13,20,123,143,True,0.5345528455284553
SIDER,fedavg_proto,0.5,0,47,200,16,16,0.1,test,client_3,14,113,30,143,True,0.6174041297935103
SIDER,fedavg_proto,0.5,0,47,200,16,16,0.1,test,client_3,15,83,60,143,True,0.6291164658634538
SIDER,fedavg_proto,0.5,0,47,200,16,16,0.1,test,client_3,16,131,12,143,True,0.7849872773536896
SIDER,fedavg_proto,0.5,0,47,200,16,16,0.1,test,client_3,17,30,113,143,True,0.5752212389380531
SIDER,fedavg_proto,0.5,0,47,200,16,16,0.1,test,client_3,18,109,34,143,True,0.5450620615218564
SIDER,fedavg_proto,0.5,0,47,200,16,16,0.1,test,client_3,19,104,39,143,True,0.5290927021696253
SIDER,fedavg_proto,0.5,0,47,200,16,16,0.1,test,client_3,20,102,41,143,True,0.5169775227164036
SIDER,fedavg_proto,0.5,0,47,200,16,16,0.1,test,client_3,21,98,45,143,True,0.6208616780045351
SIDER,fedavg_proto,0.5,0,47,200,16,16,0.1,test,client_3,22,14,129,143,True,0.5398671096345515
SIDER,fedavg_proto,0.5,0,47,200,16,16,0.1,test,client_3,23,60,83,143,True,0.5240963855421688
SIDER,fedavg_proto,0.5,0,47,200,16,16,0.1,test,client_3,24,98,45,143,True,0.5546485260770975
SIDER,fedavg_proto,0.5,0,47,200,16,16,0.1,test,client_3,25,132,11,143,True,0.6776859504132231
SIDER,fedavg_proto,0.5,0,47,200,16,16,0.1,test,client_3,26,101,42,143,True,0.6013672795851014
SIDER,fedavg_proto,0.5,0,48,200,16,16,0.1,val,server,0,76,67,143,True,0.5748232521602514
SIDER,fedavg_proto,0.5,0,48,200,16,16,0.1,val,server,1,99,44,143,True,0.6258034894398531
SIDER,fedavg_proto,0.5,0,48,200,16,16,0.1,val,server,2,2,141,143,True,0.5177304964539007
SIDER,fedavg_proto,0.5,0,48,200,16,16,0.1,val,server,3,85,58,143,True,0.6239350912778904
SIDER,fedavg_proto,0.5,0,48,200,16,16,0.1,val,server,4,117,26,143,True,0.703155818540434
SIDER,fedavg_proto,0.5,0,48,200,16,16,0.1,val,server,5,99,44,143,True,0.6209825528007347
SIDER,fedavg_proto,0.5,0,48,200,16,16,0.1,val,server,6,131,12,143,True,0.7455470737913487
SIDER,fedavg_proto,0.5,0,48,200,16,16,0.1,val,server,7,20,123,143,True,0.6260162601626016
SIDER,fedavg_proto,0.5,0,48,200,16,16,0.1,val,server,8,97,46,143,True,0.623935454952936
SIDER,fedavg_proto,0.5,0,48,200,16,16,0.1,val,server,9,71,72,143,True,0.6146322378716744
SIDER,fedavg_proto,0.5,0,48,200,16,16,0.1,val,server,10,35,108,143,True,0.6264550264550264
SIDER,fedavg_proto,0.5,0,48,200,16,16,0.1,val,server,11,130,13,143,True,0.6414201183431953
SIDER,fedavg_proto,0.5,0,48,200,16,16,0.1,val,server,12,37,106,143,True,0.7014278429372769
SIDER,fedavg_proto,0.5,0,48,200,16,16,0.1,val,server,13,20,123,143,True,0.5772357723577236
SIDER,fedavg_proto,0.5,0,48,200,16,16,0.1,val,server,14,107,36,143,True,0.5384215991692627
SIDER,fedavg_proto,0.5,0,48,200,16,16,0.1,val,server,15,94,49,143,True,0.6385149804602691
SIDER,fedavg_proto,0.5,0,48,200,16,16,0.1,val,server,16,129,14,143,True,0.6218161683277962
SIDER,fedavg_proto,0.5,0,48,200,16,16,0.1,val,server,17,20,123,143,True,0.49593495934959353
SIDER,fedavg_proto,0.5,0,48,200,16,16,0.1,val,server,18,104,39,143,True,0.5586785009861932
SIDER,fedavg_proto,0.5,0,48,200,16,16,0.1,val,server,19,103,40,143,True,0.6160194174757282
SIDER,fedavg_proto,0.5,0,48,200,16,16,0.1,val,server,20,102,41,143,True,0.5239120038259206
SIDER,fedavg_proto,0.5,0,48,200,16,16,0.1,val,server,21,98,45,143,True,0.6802721088435375
SIDER,fedavg_proto,0.5,0,48,200,16,16,0.1,val,server,22,10,133,143,True,0.6045112781954888
SIDER,fedavg_proto,0.5,0,48,200,16,16,0.1,val,server,23,64,79,143,True,0.5941455696202531
SIDER,fedavg_proto,0.5,0,48,200,16,16,0.1,val,server,24,104,39,143,True,0.5562130177514792
SIDER,fedavg_proto,0.5,0,48,200,16,16,0.1,val,server,25,134,9,143,True,0.6533996683250414
SIDER,fedavg_proto,0.5,0,48,200,16,16,0.1,val,server,26,95,48,143,True,0.568640350877193
SIDER,fedavg_proto,0.5,0,48,200,16,16,0.1,val,client_0,0,76,67,143,True,0.5983896307934015
SIDER,fedavg_proto,0.5,0,48,200,16,16,0.1,val,client_0,1,99,44,143,True,0.6198347107438017
SIDER,fedavg_proto,0.5,0,48,200,16,16,0.1,val,client_0,2,2,141,143,True,0.4574468085106383
SIDER,fedavg_proto,0.5,0,48,200,16,16,0.1,val,client_0,3,85,58,143,True,0.6046653144016227
SIDER,fedavg_proto,0.5,0,48,200,16,16,0.1,val,client_0,4,117,26,143,True,0.7189349112426036
SIDER,fedavg_proto,0.5,0,48,200,16,16,0.1,val,client_0,5,99,44,143,True,0.6859504132231405
SIDER,fedavg_proto,0.5,0,48,200,16,16,0.1,val,client_0,6,131,12,143,True,0.7099236641221374
SIDER,fedavg_proto,0.5,0,48,200,16,16,0.1,val,client_0,7,20,123,143,True,0.6483739837398375
SIDER,fedavg_proto,0.5,0,48,200,16,16,0.1,val,client_0,8,97,46,143,True,0.6541909457642313
SIDER,fedavg_proto,0.5,0,48,200,16,16,0.1,val,client_0,9,71,72,143,True,0.5712050078247262
SIDER,fedavg_proto,0.5,0,48,200,16,16,0.1,val,client_0,10,35,108,143,True,0.6735449735449736
SIDER,fedavg_proto,0.5,0,48,200,16,16,0.1,val,client_0,11,130,13,143,True,0.642603550295858
SIDER,fedavg_proto,0.5,0,48,200,16,16,0.1,val,client_0,12,37,106,143,True,0.702957674655788
SIDER,fedavg_proto,0.5,0,48,200,16,16,0.1,val,client_0,13,20,123,143,True,0.6146341463414634
SIDER,fedavg_proto,0.5,0,48,200,16,16,0.1,val,client_0,14,107,36,143,True,0.5856697819314642
SIDER,fedavg_proto,0.5,0,48,200,16,16,0.1,val,client_0,15,94,49,143,True,0.6439426834563613
SIDER,fedavg_proto,0.5,0,48,200,16,16,0.1,val,client_0,16,129,14,143,True,0.6561461794019933
SIDER,fedavg_proto,0.5,0,48,200,16,16,0.1,val,client_0,17,20,123,143,True,0.6044715447154472
SIDER,fedavg_proto,0.5,0,48,200,16,16,0.1,val,client_0,18,104,39,143,True,0.5409270216962525
SIDER,fedavg_proto,0.5,0,48,200,16,16,0.1,val,client_0,19,103,40,143,True,0.6415048543689321
SIDER,fedavg_proto,0.5,0,48,200,16,16,0.1,val,client_0,20,102,41,143,True,0.6575801052128168
SIDER,fedavg_proto,0.5,0,48,200,16,16,0.1,val,client_0,21,98,45,143,True,0.6870748299319728
SIDER,fedavg_proto,0.5,0,48,200,16,16,0.1,val,client_0,22,10,133,143,True,0.6511278195488722
SIDER,fedavg_proto,0.5,0,48,200,16,16,0.1,val,client_0,23,64,79,143,True,0.5981012658227849
SIDER,fedavg_proto,0.5,0,48,200,16,16,0.1,val,client_0,24,104,39,143,True,0.5697731755424064
SIDER,fedavg_proto,0.5,0,48,200,16,16,0.1,val,client_0,25,134,9,143,True,0.7081260364842454
SIDER,fedavg_proto,0.5,0,48,200,16,16,0.1,val,client_0,26,95,48,143,True,0.6682017543859649
SIDER,fedavg_proto,0.5,0,48,200,16,16,0.1,val,client_1,0,76,67,143,True,0.5681461115475255
SIDER,fedavg_proto,0.5,0,48,200,16,16,0.1,val,client_1,1,99,44,143,True,0.5980257116620753
SIDER,fedavg_proto,0.5,0,48,200,16,16,0.1,val,client_1,2,2,141,143,True,0.5106382978723405
SIDER,fedavg_proto,0.5,0,48,200,16,16,0.1,val,client_1,3,85,58,143,True,0.6235294117647059
SIDER,fedavg_proto,0.5,0,48,200,16,16,0.1,val,client_1,4,117,26,143,True,0.6180144641683104
SIDER,fedavg_proto,0.5,0,48,200,16,16,0.1,val,client_1,5,99,44,143,True,0.5312213039485767
SIDER,fedavg_proto,0.5,0,48,200,16,16,0.1,val,client_1,6,131,12,143,True,0.727735368956743
SIDER,fedavg_proto,0.5,0,48,200,16,16,0.1,val,client_1,7,20,123,143,True,0.5142276422764227
SIDER,fedavg_proto,0.5,0,48,200,16,16,0.1,val,client_1,8,97,46,143,True,0.6044374719856567
SIDER,fedavg_proto,0.5,0,48,200,16,16,0.1,val,client_1,9,71,72,143,True,0.6205007824726135
SIDER,fedavg_proto,0.5,0,48,200,16,16,0.1,val,client_1,10,35,108,143,True,0.5650793650793651
SIDER,fedavg_proto,0.5,0,48,200,16,16,0.1,val,client_1,11,130,13,143,True,0.5508875739644971
SIDER,fedavg_proto,0.5,0,48,200,16,16,0.1,val,client_1,12,37,106,143,True,0.6274859765425804
SIDER,fedavg_proto,0.5,0,48,200,16,16,0.1,val,client_1,13,20,123,143,True,0.5479674796747968
SIDER,fedavg_proto,0.5,0,48,200,16,16,0.1,val,client_1,14,107,36,143,True,0.558411214953271
SIDER,fedavg_proto,0.5,0,48,200,16,16,0.1,val,client_1,15,94,49,143,True,0.6356925749023014
SIDER,fedavg_proto,0.5,0,48,200,16,16,0.1,val,client_1,16,129,14,143,True,0.6124031007751938
SIDER,fedavg_proto,0.5,0,48,200,16,16,0.1,val,client_1,17,20,123,143,True,0.5361788617886178
SIDER,fedavg_proto,0.5,0,48,200,16,16,0.1,val,client_1,18,104,39,143,True,0.4797830374753451
SIDER,fedavg_proto,0.5,0,48,200,16,16,0.1,val,client_1,19,103,40,143,True,0.5934466019417476
SIDER,fedavg_proto,0.5,0,48,200,16,16,0.1,val,client_1,20,102,41,143,True,0.5411286465805835
SIDER,fedavg_proto,0.5,0,48,200,16,16,0.1,val,client_1,21,98,45,143,True,0.665986394557823
SIDER,fedavg_proto,0.5,0,48,200,16,16,0.1,val,client_1,22,10,133,143,True,0.5421052631578948
SIDER,fedavg_proto,0.5,0,48,200,16,16,0.1,val,client_1,23,64,79,143,True,0.5500395569620253
SIDER,fedavg_proto,0.5,0,48,200,16,16,0.1,val,client_1,24,104,39,143,True,0.6190828402366864
SIDER,fedavg_proto,0.5,0,48,200,16,16,0.1,val,client_1,25,134,9,143,True,0.7404643449419569
SIDER,fedavg_proto,0.5,0,48,200,16,16,0.1,val,client_1,26,95,48,143,True,0.524780701754386
SIDER,fedavg_proto,0.5,0,48,200,16,16,0.1,val,client_2,0,76,67,143,True,0.5760015710919089
SIDER,fedavg_proto,0.5,0,48,200,16,16,0.1,val,client_2,1,99,44,143,True,0.5952708907254362
SIDER,fedavg_proto,0.5,0,48,200,16,16,0.1,val,client_2,2,2,141,143,True,0.8226950354609929
SIDER,fedavg_proto,0.5,0,48,200,16,16,0.1,val,client_2,3,85,58,143,True,0.5882352941176471
SIDER,fedavg_proto,0.5,0,48,200,16,16,0.1,val,client_2,4,117,26,143,True,0.6525312294543064
SIDER,fedavg_proto,0.5,0,48,200,16,16,0.1,val,client_2,5,99,44,143,True,0.5624426078971534
SIDER,fedavg_proto,0.5,0,48,200,16,16,0.1,val,client_2,6,131,12,143,True,0.789440203562341
SIDER,fedavg_proto,0.5,0,48,200,16,16,0.1,val,client_2,7,20,123,143,True,0.583739837398374
SIDER,fedavg_proto,0.5,0,48,200,16,16,0.1,val,client_2,8,97,46,143,True,0.5891976692066337
SIDER,fedavg_proto,0.5,0,48,200,16,16,0.1,val,client_2,9,71,72,143,True,0.6032863849765259
SIDER,fedavg_proto,0.5,0,48,200,16,16,0.1,val,client_2,10,35,108,143,True,0.5949735449735449
SIDER,fedavg_proto,0.5,0,48,200,16,16,0.1,val,client_2,11,130,13,143,True,0.47633136094674555
SIDER,fedavg_proto,0.5,0,48,200,16,16,0.1,val,client_2,12,37,106,143,True,0.6155022947475778
SIDER,fedavg_proto,0.5,0,48,200,16,16,0.1,val,client_2,13,20,123,143,True,0.5808943089430895
SIDER,fedavg_proto,0.5,0,48,200,16,16,0.1,val,client_2,14,107,36,143,True,0.5358255451713395
SIDER,fedavg_proto,0.5,0,48,200,16,16,0.1,val,client_2,15,94,49,143,True,0.6634824142422927
SIDER,fedavg_proto,0.5,0,48,200,16,16,0.1,val,client_2,16,129,14,143,True,0.5431893687707642
SIDER,fedavg_proto,0.5,0,48,200,16,16,0.1,val,client_2,17,20,123,143,True,0.4544715447154472
SIDER,fedavg_proto,0.5,0,48,200,16,16,0.1,val,client_2,18,104,39,143,True,0.5216962524654832
SIDER,fedavg_proto,0.5,0,48,200,16,16,0.1,val,client_2,19,103,40,143,True,0.541504854368932
SIDER,fedavg_proto,0.5,0,48,200,16,16,0.1,val,client_2,20,102,41,143,True,0.517455762792922
SIDER,fedavg_proto,0.5,0,48,200,16,16,0.1,val,client_2,21,98,45,143,True,0.6249433106575963
SIDER,fedavg_proto,0.5,0,48,200,16,16,0.1,val,client_2,22,10,133,143,True,0.5571428571428572
SIDER,fedavg_proto,0.5,0,48,200,16,16,0.1,val,client_2,23,64,79,143,True,0.5472705696202531
SIDER,fedavg_proto,0.5,0,48,200,16,16,0.1,val,client_2,24,104,39,143,True,0.5557199211045365
SIDER,fedavg_proto,0.5,0,48,200,16,16,0.1,val,client_2,25,134,9,143,True,0.6550580431177446
SIDER,fedavg_proto,0.5,0,48,200,16,16,0.1,val,client_2,26,95,48,143,True,0.5793859649122807
SIDER,fedavg_proto,0.5,0,48,200,16,16,0.1,val,client_3,0,76,67,143,True,0.6170463472113118
SIDER,fedavg_proto,0.5,0,48,200,16,16,0.1,val,client_3,1,99,44,143,True,0.6460055096418733
SIDER,fedavg_proto,0.5,0,48,200,16,16,0.1,val,client_3,2,2,141,143,True,0.5921985815602837
SIDER,fedavg_proto,0.5,0,48,200,16,16,0.1,val,client_3,3,85,58,143,True,0.5732251521298174
SIDER,fedavg_proto,0.5,0,48,200,16,16,0.1,val,client_3,4,117,26,143,True,0.7366863905325445
SIDER,fedavg_proto,0.5,0,48,200,16,16,0.1,val,client_3,5,99,44,143,True,0.6747015610651974
SIDER,fedavg_proto,0.5,0,48,200,16,16,0.1,val,client_3,6,131,12,143,True,0.7849872773536894
SIDER,fedavg_proto,0.5,0,48,200,16,16,0.1,val,client_3,7,20,123,143,True,0.617479674796748
SIDER,fedavg_proto,0.5,0,48,200,16,16,0.1,val,client_3,8,97,46,143,True,0.5943523083818915
SIDER,fedavg_proto,0.5,0,48,200,16,16,0.1,val,client_3,9,71,72,143,True,0.6206964006259781
SIDER,fedavg_proto,0.5,0,48,200,16,16,0.1,val,client_3,10,35,108,143,True,0.6182539682539683
SIDER,fedavg_proto,0.5,0,48,200,16,16,0.1,val,client_3,11,130,13,143,True,0.6757396449704143
SIDER,fedavg_proto,0.5,0,48,200,16,16,0.1,val,client_3,12,37,106,143,True,0.7072921978582355
SIDER,fedavg_proto,0.5,0,48,200,16,16,0.1,val,client_3,13,20,123,143,True,0.5691056910569106
SIDER,fedavg_proto,0.5,0,48,200,16,16,0.1,val,client_3,14,107,36,143,True,0.5547767393561785
SIDER,fedavg_proto,0.5,0,48,200,16,16,0.1,val,client_3,15,94,49,143,True,0.6391663048198003
SIDER,fedavg_proto,0.5,0,48,200,16,16,0.1,val,client_3,16,129,14,143,True,0.6135105204872646
SIDER,fedavg_proto,0.5,0,48,200,16,16,0.1,val,client_3,17,20,123,143,True,0.5341463414634147
SIDER,fedavg_proto,0.5,0,48,200,16,16,0.1,val,client_3,18,104,39,143,True,0.6220414201183432
SIDER,fedavg_proto,0.5,0,48,200,16,16,0.1,val,client_3,19,103,40,143,True,0.6283980582524272
SIDER,fedavg_proto,0.5,0,48,200,16,16,0.1,val,client_3,20,102,41,143,True,0.4995217599234815
SIDER,fedavg_proto,0.5,0,48,200,16,16,0.1,val,client_3,21,98,45,143,True,0.6002267573696145
SIDER,fedavg_proto,0.5,0,48,200,16,16,0.1,val,client_3,22,10,133,143,True,0.5654135338345865
SIDER,fedavg_proto,0.5,0,48,200,16,16,0.1,val,client_3,23,64,79,143,True,0.5609177215189873
SIDER,fedavg_proto,0.5,0,48,200,16,16,0.1,val,client_3,24,104,39,143,True,0.5347633136094674
SIDER,fedavg_proto,0.5,0,48,200,16,16,0.1,val,client_3,25,134,9,143,True,0.6053067993366501
SIDER,fedavg_proto,0.5,0,48,200,16,16,0.1,val,client_3,26,95,48,143,True,0.5344298245614034
SIDER,fedavg_proto,0.5,0,48,200,16,16,0.1,test,server,0,72,71,143,True,0.6613849765258216
SIDER,fedavg_proto,0.5,0,48,200,16,16,0.1,test,server,1,105,38,143,True,0.6659147869674186
SIDER,fedavg_proto,0.5,0,48,200,16,16,0.1,test,server,2,5,138,143,True,0.4579710144927536
SIDER,fedavg_proto,0.5,0,48,200,16,16,0.1,test,server,3,90,53,143,True,0.5071278825995807
SIDER,fedavg_proto,0.5,0,48,200,16,16,0.1,test,server,4,118,25,143,True,0.5966101694915255
SIDER,fedavg_proto,0.5,0,48,200,16,16,0.1,test,server,5,104,39,143,True,0.5860453648915187
SIDER,fedavg_proto,0.5,0,48,200,16,16,0.1,test,server,6,134,9,143,True,0.6160862354892206
SIDER,fedavg_proto,0.5,0,48,200,16,16,0.1,test,server,7,24,119,143,True,0.5868347338935574
SIDER,fedavg_proto,0.5,0,48,200,16,16,0.1,test,server,8,91,52,143,True,0.514792899408284
SIDER,fedavg_proto,0.5,0,48,200,16,16,0.1,test,server,9,74,69,143,True,0.6445358401880141
SIDER,fedavg_proto,0.5,0,48,200,16,16,0.1,test,server,10,39,104,143,True,0.5823471400394477
SIDER,fedavg_proto,0.5,0,48,200,16,16,0.1,test,server,11,130,13,143,True,0.5538461538461539
SIDER,fedavg_proto,0.5,0,48,200,16,16,0.1,test,server,12,33,110,143,True,0.6088154269972452
SIDER,fedavg_proto,0.5,0,48,200,16,16,0.1,test,server,13,20,123,143,True,0.6134146341463415
SIDER,fedavg_proto,0.5,0,48,200,16,16,0.1,test,server,14,113,30,143,True,0.5224188790560472
SIDER,fedavg_proto,0.5,0,48,200,16,16,0.1,test,server,15,83,60,143,True,0.6359437751004016
SIDER,fedavg_proto,0.5,0,48,200,16,16,0.1,test,server,16,131,12,143,True,0.6743002544529262
SIDER,fedavg_proto,0.5,0,48,200,16,16,0.1,test,server,17,30,113,143,True,0.6693215339233038
SIDER,fedavg_proto,0.5,0,48,200,16,16,0.1,test,server,18,109,34,143,True,0.5339989206691851
SIDER,fedavg_proto,0.5,0,48,200,16,16,0.1,test,server,19,104,39,143,True,0.498767258382643
SIDER,fedavg_proto,0.5,0,48,200,16,16,0.1,test,server,20,102,41,143,True,0.49067431850789095
SIDER,fedavg_proto,0.5,0,48,200,16,16,0.1,test,server,21,98,45,143,True,0.600907029478458
SIDER,fedavg_proto,0.5,0,48,200,16,16,0.1,test,server,22,14,129,143,True,0.667220376522702
SIDER,fedavg_proto,0.5,0,48,200,16,16,0.1,test,server,23,60,83,143,True,0.5022088353413654
SIDER,fedavg_proto,0.5,0,48,200,16,16,0.1,test,server,24,98,45,143,True,0.5099773242630385
SIDER,fedavg_proto,0.5,0,48,200,16,16,0.1,test,server,25,132,11,143,True,0.6618457300275482
SIDER,fedavg_proto,0.5,0,48,200,16,16,0.1,test,server,26,101,42,143,True,0.6197548326261197
SIDER,fedavg_proto,0.5,0,48,200,16,16,0.1,test,client_0,0,72,71,143,True,0.6613849765258216
SIDER,fedavg_proto,0.5,0,48,200,16,16,0.1,test,client_0,1,105,38,143,True,0.5874686716791979
SIDER,fedavg_proto,0.5,0,48,200,16,16,0.1,test,client_0,2,5,138,143,True,0.7188405797101449
SIDER,fedavg_proto,0.5,0,48,200,16,16,0.1,test,client_0,3,90,53,143,True,0.5073375262054507
SIDER,fedavg_proto,0.5,0,48,200,16,16,0.1,test,client_0,4,118,25,143,True,0.6471186440677966
SIDER,fedavg_proto,0.5,0,48,200,16,16,0.1,test,client_0,5,104,39,143,True,0.6230276134122289
SIDER,fedavg_proto,0.5,0,48,200,16,16,0.1,test,client_0,6,134,9,143,True,0.5348258706467661
SIDER,fedavg_proto,0.5,0,48,200,16,16,0.1,test,client_0,7,24,119,143,True,0.5339635854341737
SIDER,fedavg_proto,0.5,0,48,200,16,16,0.1,test,client_0,8,91,52,143,True,0.5352916314454776
SIDER,fedavg_proto,0.5,0,48,200,16,16,0.1,test,client_0,9,74,69,143,True,0.6030160595377987
SIDER,fedavg_proto,0.5,0,48,200,16,16,0.1,test,client_0,10,39,104,143,True,0.6346153846153847
SIDER,fedavg_proto,0.5,0,48,200,16,16,0.1,test,client_0,11,130,13,143,True,0.6449704142011834
SIDER,fedavg_proto,0.5,0,48,200,16,16,0.1,test,client_0,12,33,110,143,True,0.5732782369146006
SIDER,fedavg_proto,0.5,0,48,200,16,16,0.1,test,client_0,13,20,123,143,True,0.5642276422764227
SIDER,fedavg_proto,0.5,0,48,200,16,16,0.1,test,client_0,14,113,30,143,True,0.5663716814159292
SIDER,fedavg_proto,0.5,0,48,200,16,16,0.1,test,client_0,15,83,60,143,True,0.6377510040160642
SIDER,fedavg_proto,0.5,0,48,200,16,16,0.1,test,client_0,16,131,12,143,True,0.7061068702290076
SIDER,fedavg_proto,0.5,0,48,200,16,16,0.1,test,client_0,17,30,113,143,True,0.5489675516224188
SIDER,fedavg_proto,0.5,0,48,200,16,16,0.1,test,client_0,18,109,34,143,True,0.5145709660010793
SIDER,fedavg_proto,0.5,0,48,200,16,16,0.1,test,client_0,19,104,39,143,True,0.49827416173570016
SIDER,fedavg_proto,0.5,0,48,200,16,16,0.1,test,client_0,20,102,41,143,True,0.4770444763271162
SIDER,fedavg_proto,0.5,0,48,200,16,16,0.1,test,client_0,21,98,45,143,True,0.6031746031746033
SIDER,fedavg_proto,0.5,0,48,200,16,16,0.1,test,client_0,22,14,129,143,True,0.5586932447397565
SIDER,fedavg_proto,0.5,0,48,200,16,16,0.1,test,client_0,23,60,83,143,True,0.5253012048192771
SIDER,fedavg_proto,0.5,0,48,200,16,16,0.1,test,client_0,24,98,45,143,True,0.5392290249433107
SIDER,fedavg_proto,0.5,0,48,200,16,16,0.1,test,client_0,25,132,11,143,True,0.5840220385674931
SIDER,fedavg_proto,0.5,0,48,200,16,16,0.1,test,client_0,26,101,42,143,True,0.6308345120226309
SIDER,fedavg_proto,0.5,0,48,200,16,16,0.1,test,client_1,0,72,71,143,True,0.6375195618153365
SIDER,fedavg_proto,0.5,0,48,200,16,16,0.1,test,client_1,1,105,38,143,True,0.5927318295739348
SIDER,fedavg_proto,0.5,0,48,200,16,16,0.1,test,client_1,2,5,138,143,True,0.5347826086956522
SIDER,fedavg_proto,0.5,0,48,200,16,16,0.1,test,client_1,3,90,53,143,True,0.5081761006289308
SIDER,fedavg_proto,0.5,0,48,200,16,16,0.1,test,client_1,4,118,25,143,True,0.4857627118644068
SIDER,fedavg_proto,0.5,0,48,200,16,16,0.1,test,client_1,5,104,39,143,True,0.5581854043392505
SIDER,fedavg_proto,0.5,0,48,200,16,16,0.1,test,client_1,6,134,9,143,True,0.5497512437810945
SIDER,fedavg_proto,0.5,0,48,200,16,16,0.1,test,client_1,7,24,119,143,True,0.678921568627451
SIDER,fedavg_proto,0.5,0,48,200,16,16,0.1,test,client_1,8,91,52,143,True,0.5796703296703297
SIDER,fedavg_proto,0.5,0,48,200,16,16,0.1,test,client_1,9,74,69,143,True,0.6615746180963572
SIDER,fedavg_proto,0.5,0,48,200,16,16,0.1,test,client_1,10,39,104,143,True,0.6156311637080868
SIDER,fedavg_proto,0.5,0,48,200,16,16,0.1,test,client_1,11,130,13,143,True,0.5071005917159763
SIDER,fedavg_proto,0.5,0,48,200,16,16,0.1,test,client_1,12,33,110,143,True,0.6933884297520663
SIDER,fedavg_proto,0.5,0,48,200,16,16,0.1,test,client_1,13,20,123,143,True,0.6873983739837399
SIDER,fedavg_proto,0.5,0,48,200,16,16,0.1,test,client_1,14,113,30,143,True,0.4814159292035398
SIDER,fedavg_proto,0.5,0,48,200,16,16,0.1,test,client_1,15,83,60,143,True,0.5783132530120482
SIDER,fedavg_proto,0.5,0,48,200,16,16,0.1,test,client_1,16,131,12,143,True,0.49300254452926207
SIDER,fedavg_proto,0.5,0,48,200,16,16,0.1,test,client_1,17,30,113,143,True,0.6778761061946902
SIDER,fedavg_proto,0.5,0,48,200,16,16,0.1,test,client_1,18,109,34,143,True,0.5426335671883432
SIDER,fedavg_proto,0.5,0,48,200,16,16,0.1,test,client_1,19,104,39,143,True,0.471646942800789
SIDER,fedavg_proto,0.5,0,48,200,16,16,0.1,test,client_1,20,102,41,143,True,0.48254423720707795
SIDER,fedavg_proto,0.5,0,48,200,16,16,0.1,test,client_1,21,98,45,143,True,0.5219954648526077
SIDER,fedavg_proto,0.5,0,48,200,16,16,0.1,test,client_1,22,14,129,143,True,0.7702104097452934
SIDER,fedavg_proto,0.5,0,48,200,16,16,0.1,test,client_1,23,60,83,143,True,0.4997991967871486
SIDER,fedavg_proto,0.5,0,48,200,16,16,0.1,test,client_1,24,98,45,143,True,0.47324263038548753
SIDER,fedavg_proto,0.5,0,48,200,16,16,0.1,test,client_1,25,132,11,143,True,0.5730027548209367
SIDER,fedavg_proto,0.5,0,48,200,16,16,0.1,test,client_1,26,101,42,143,True,0.6254125412541255
SIDER,fedavg_proto,0.5,0,48,200,16,16,0.1,test,client_2,0,72,71,143,True,0.5712050078247262
SIDER,fedavg_proto,0.5,0,48,200,16,16,0.1,test,client_2,1,105,38,143,True,0.5736842105263158
SIDER,fedavg_proto,0.5,0,48,200,16,16,0.1,test,client_2,2,5,138,143,True,0.5028985507246377
SIDER,fedavg_proto,0.5,0,48,200,16,16,0.1,test,client_2,3,90,53,143,True,0.4513626834381551
SIDER,fedavg_proto,0.5,0,48,200,16,16,0.1,test,client_2,4,118,25,143,True,0.5494915254237287
SIDER,fedavg_proto,0.5,0,48,200,16,16,0.1,test,client_2,5,104,39,143,True,0.5549802761341224
SIDER,fedavg_proto,0.5,0,48,200,16,16,0.1,test,client_2,6,134,9,143,True,0.5646766169154229
SIDER,fedavg_proto,0.5,0,48,200,16,16,0.1,test,client_2,7,24,119,143,True,0.5756302521008403
SIDER,fedavg_proto,0.5,0,48,200,16,16,0.1,test,client_2,8,91,52,143,True,0.5137362637362637
SIDER,fedavg_proto,0.5,0,48,200,16,16,0.1,test,client_2,9,74,69,143,True,0.5679592636114374
SIDER,fedavg_proto,0.5,0,48,200,16,16,0.1,test,client_2,10,39,104,143,True,0.5825936883629191
SIDER,fedavg_proto,0.5,0,48,200,16,16,0.1,test,client_2,11,130,13,143,True,0.3917159763313609
SIDER,fedavg_proto,0.5,0,48,200,16,16,0.1,test,client_2,12,33,110,143,True,0.5991735537190083
SIDER,fedavg_proto,0.5,0,48,200,16,16,0.1,test,client_2,13,20,123,143,True,0.5800813008130081
SIDER,fedavg_proto,0.5,0,48,200,16,16,0.1,test,client_2,14,113,30,143,True,0.5138643067846607
SIDER,fedavg_proto,0.5,0,48,200,16,16,0.1,test,client_2,15,83,60,143,True,0.6343373493975902
SIDER,fedavg_proto,0.5,0,48,200,16,16,0.1,test,client_2,16,131,12,143,True,0.6494910941475827
SIDER,fedavg_proto,0.5,0,48,200,16,16,0.1,test,client_2,17,30,113,143,True,0.6401179941002949
SIDER,fedavg_proto,0.5,0,48,200,16,16,0.1,test,client_2,18,109,34,143,True,0.4981111710739342
SIDER,fedavg_proto,0.5,0,48,200,16,16,0.1,test,client_2,19,104,39,143,True,0.43786982248520706
SIDER,fedavg_proto,0.5,0,48,200,16,16,0.1,test,client_2,20,102,41,143,True,0.42467718794835
SIDER,fedavg_proto,0.5,0,48,200,16,16,0.1,test,client_2,21,98,45,143,True,0.5507936507936507
SIDER,fedavg_proto,0.5,0,48,200,16,16,0.1,test,client_2,22,14,129,143,True,0.615171650055371
SIDER,fedavg_proto,0.5,0,48,200,16,16,0.1,test,client_2,23,60,83,143,True,0.4730923694779116
SIDER,fedavg_proto,0.5,0,48,200,16,16,0.1,test,client_2,24,98,45,143,True,0.444671201814059
SIDER,fedavg_proto,0.5,0,48,200,16,16,0.1,test,client_2,25,132,11,143,True,0.5826446280991735
SIDER,fedavg_proto,0.5,0,48,200,16,16,0.1,test,client_2,26,101,42,143,True,0.5719000471475719
SIDER,fedavg_proto,0.5,0,48,200,16,16,0.1,test,client_3,0,72,71,143,True,0.6224569640062598
SIDER,fedavg_proto,0.5,0,48,200,16,16,0.1,test,client_3,1,105,38,143,True,0.6583959899749374
SIDER,fedavg_proto,0.5,0,48,200,16,16,0.1,test,client_3,2,5,138,143,True,0.655072463768116
SIDER,fedavg_proto,0.5,0,48,200,16,16,0.1,test,client_3,3,90,53,143,True,0.5477987421383648
SIDER,fedavg_proto,0.5,0,48,200,16,16,0.1,test,client_3,4,118,25,143,True,0.6477966101694915
SIDER,fedavg_proto,0.5,0,48,200,16,16,0.1,test,client_3,5,104,39,143,True,0.5650887573964497
SIDER,fedavg_proto,0.5,0,48,200,16,16,0.1,test,client_3,6,134,9,143,True,0.7048092868988391
SIDER,fedavg_proto,0.5,0,48,200,16,16,0.1,test,client_3,7,24,119,143,True,0.5280112044817927
SIDER,fedavg_proto,0.5,0,48,200,16,16,0.1,test,client_3,8,91,52,143,True,0.503803888419273
SIDER,fedavg_proto,0.5,0,48,200,16,16,0.1,test,client_3,9,74,69,143,True,0.6578535056795927
SIDER,fedavg_proto,0.5,0,48,200,16,16,0.1,test,client_3,10,39,104,143,True,0.582593688362919
SIDER,fedavg_proto,0.5,0,48,200,16,16,0.1,test,client_3,11,130,13,143,True,0.6455621301775147
SIDER,fedavg_proto,0.5,0,48,200,16,16,0.1,test,client_3,12,33,110,143,True,0.5724517906336088
SIDER,fedavg_proto,0.5,0,48,200,16,16,0.1,test,client_3,13,20,123,143,True,0.556910569105691
SIDER,fedavg_proto,0.5,0,48,200,16,16,0.1,test,client_3,14,113,30,143,True,0.6188790560471976
SIDER,fedavg_proto,0.5,0,48,200,16,16,0.1,test,client_3,15,83,60,143,True,0.6295180722891567
SIDER,fedavg_proto,0.5,0,48,200,16,16,0.1,test,client_3,16,131,12,143,True,0.77735368956743
SIDER,fedavg_proto,0.5,0,48,200,16,16,0.1,test,client_3,17,30,113,143,True,0.5929203539823009
SIDER,fedavg_proto,0.5,0,48,200,16,16,0.1,test,client_3,18,109,34,143,True,0.5520777118186725
SIDER,fedavg_proto,0.5,0,48,200,16,16,0.1,test,client_3,19,104,39,143,True,0.527120315581854
SIDER,fedavg_proto,0.5,0,48,200,16,16,0.1,test,client_3,20,102,41,143,True,0.5164992826398852
SIDER,fedavg_proto,0.5,0,48,200,16,16,0.1,test,client_3,21,98,45,143,True,0.627437641723356
SIDER,fedavg_proto,0.5,0,48,200,16,16,0.1,test,client_3,22,14,129,143,True,0.544296788482835
SIDER,fedavg_proto,0.5,0,48,200,16,16,0.1,test,client_3,23,60,83,143,True,0.5301204819277108
SIDER,fedavg_proto,0.5,0,48,200,16,16,0.1,test,client_3,24,98,45,143,True,0.5544217687074829
SIDER,fedavg_proto,0.5,0,48,200,16,16,0.1,test,client_3,25,132,11,143,True,0.6942148760330579
SIDER,fedavg_proto,0.5,0,48,200,16,16,0.1,test,client_3,26,101,42,143,True,0.5985384252710985
SIDER,fedavg_proto,0.5,0,49,200,16,16,0.1,val,server,0,76,67,143,True,0.5730557737627652
SIDER,fedavg_proto,0.5,0,49,200,16,16,0.1,val,server,1,99,44,143,True,0.6170798898071626
SIDER,fedavg_proto,0.5,0,49,200,16,16,0.1,val,server,2,2,141,143,True,0.5106382978723405
SIDER,fedavg_proto,0.5,0,49,200,16,16,0.1,val,server,3,85,58,143,True,0.630628803245436
SIDER,fedavg_proto,0.5,0,49,200,16,16,0.1,val,server,4,117,26,143,True,0.6883629191321499
SIDER,fedavg_proto,0.5,0,49,200,16,16,0.1,val,server,5,99,44,143,True,0.6186868686868687
SIDER,fedavg_proto,0.5,0,49,200,16,16,0.1,val,server,6,131,12,143,True,0.7315521628498728
SIDER,fedavg_proto,0.5,0,49,200,16,16,0.1,val,server,7,20,123,143,True,0.6073170731707317
SIDER,fedavg_proto,0.5,0,49,200,16,16,0.1,val,server,8,97,46,143,True,0.6302106678619454
SIDER,fedavg_proto,0.5,0,49,200,16,16,0.1,val,server,9,71,72,143,True,0.618544600938967
SIDER,fedavg_proto,0.5,0,49,200,16,16,0.1,val,server,10,35,108,143,True,0.6283068783068784
SIDER,fedavg_proto,0.5,0,49,200,16,16,0.1,val,server,11,130,13,143,True,0.6295857988165681
SIDER,fedavg_proto,0.5,0,49,200,16,16,0.1,val,server,12,37,106,143,True,0.7004079551249363
SIDER,fedavg_proto,0.5,0,49,200,16,16,0.1,val,server,13,20,123,143,True,0.5804878048780487
SIDER,fedavg_proto,0.5,0,49,200,16,16,0.1,val,server,14,107,36,143,True,0.5269989615784009
SIDER,fedavg_proto,0.5,0,49,200,16,16,0.1,val,server,15,94,49,143,True,0.6413373860182371
SIDER,fedavg_proto,0.5,0,49,200,16,16,0.1,val,server,16,129,14,143,True,0.6262458471760797
SIDER,fedavg_proto,0.5,0,49,200,16,16,0.1,val,server,17,20,123,143,True,0.49959349593495933
SIDER,fedavg_proto,0.5,0,49,200,16,16,0.1,val,server,18,104,39,143,True,0.5475838264299803
SIDER,fedavg_proto,0.5,0,49,200,16,16,0.1,val,server,19,103,40,143,True,0.6
SIDER,fedavg_proto,0.5,0,49,200,16,16,0.1,val,server,20,102,41,143,True,0.5217599234815877
SIDER,fedavg_proto,0.5,0,49,200,16,16,0.1,val,server,21,98,45,143,True,0.6773242630385488
SIDER,fedavg_proto,0.5,0,49,200,16,16,0.1,val,server,22,10,133,143,True,0.58796992481203
SIDER,fedavg_proto,0.5,0,49,200,16,16,0.1,val,server,23,64,79,143,True,0.596123417721519
SIDER,fedavg_proto,0.5,0,49,200,16,16,0.1,val,server,24,104,39,143,True,0.5517751479289941
SIDER,fedavg_proto,0.5,0,49,200,16,16,0.1,val,server,25,134,9,143,True,0.6625207296849087
SIDER,fedavg_proto,0.5,0,49,200,16,16,0.1,val,server,26,95,48,143,True,0.5574561403508772
SIDER,fedavg_proto,0.5,0,49,200,16,16,0.1,val,client_0,0,76,67,143,True,0.5923016496465043
SIDER,fedavg_proto,0.5,0,49,200,16,16,0.1,val,client_0,1,99,44,143,True,0.6241965105601469
SIDER,fedavg_proto,0.5,0,49,200,16,16,0.1,val,client_0,2,2,141,143,True,0.36524822695035464
SIDER,fedavg_proto,0.5,0,49,200,16,16,0.1,val,client_0,3,85,58,143,True,0.6178498985801216
SIDER,fedavg_proto,0.5,0,49,200,16,16,0.1,val,client_0,4,117,26,143,True,0.6965811965811967
SIDER,fedavg_proto,0.5,0,49,200,16,16,0.1,val,client_0,5,99,44,143,True,0.6795224977043158
SIDER,fedavg_proto,0.5,0,49,200,16,16,0.1,val,client_0,6,131,12,143,True,0.6997455470737913
SIDER,fedavg_proto,0.5,0,49,200,16,16,0.1,val,client_0,7,20,123,143,True,0.6382113821138211
SIDER,fedavg_proto,0.5,0,49,200,16,16,0.1,val,client_0,8,97,46,143,True,0.6380546839982071
SIDER,fedavg_proto,0.5,0,49,200,16,16,0.1,val,client_0,9,71,72,143,True,0.5557511737089201
SIDER,fedavg_proto,0.5,0,49,200,16,16,0.1,val,client_0,10,35,108,143,True,0.691005291005291
SIDER,fedavg_proto,0.5,0,49,200,16,16,0.1,val,client_0,11,130,13,143,True,0.6437869822485207
SIDER,fedavg_proto,0.5,0,49,200,16,16,0.1,val,client_0,12,37,106,143,True,0.6998980112187659
SIDER,fedavg_proto,0.5,0,49,200,16,16,0.1,val,client_0,13,20,123,143,True,0.6166666666666667
SIDER,fedavg_proto,0.5,0,49,200,16,16,0.1,val,client_0,14,107,36,143,True,0.573208722741433
SIDER,fedavg_proto,0.5,0,49,200,16,16,0.1,val,client_0,15,94,49,143,True,0.6313504125054277
SIDER,fedavg_proto,0.5,0,49,200,16,16,0.1,val,client_0,16,129,14,143,True,0.6378737541528239
SIDER,fedavg_proto,0.5,0,49,200,16,16,0.1,val,client_0,17,20,123,143,True,0.574390243902439
SIDER,fedavg_proto,0.5,0,49,200,16,16,0.1,val,client_0,18,104,39,143,True,0.5288461538461539
SIDER,fedavg_proto,0.5,0,49,200,16,16,0.1,val,client_0,19,103,40,143,True,0.6216019417475729
SIDER,fedavg_proto,0.5,0,49,200,16,16,0.1,val,client_0,20,102,41,143,True,0.6398852223816356
SIDER,fedavg_proto,0.5,0,49,200,16,16,0.1,val,client_0,21,98,45,143,True,0.698185941043084
SIDER,fedavg_proto,0.5,0,49,200,16,16,0.1,val,client_0,22,10,133,143,True,0.5947368421052632
SIDER,fedavg_proto,0.5,0,49,200,16,16,0.1,val,client_0,23,64,79,143,True,0.5866297468354431
SIDER,fedavg_proto,0.5,0,49,200,16,16,0.1,val,client_0,24,104,39,143,True,0.5732248520710059
SIDER,fedavg_proto,0.5,0,49,200,16,16,0.1,val,client_0,25,134,9,143,True,0.7056384742951907
SIDER,fedavg_proto,0.5,0,49,200,16,16,0.1,val,client_0,26,95,48,143,True,0.6646929824561403
SIDER,fedavg_proto,0.5,0,49,200,16,16,0.1,val,client_1,0,76,67,143,True,0.5744304791830321
SIDER,fedavg_proto,0.5,0,49,200,16,16,0.1,val,client_1,1,99,44,143,True,0.6035353535353536
SIDER,fedavg_proto,0.5,0,49,200,16,16,0.1,val,client_1,2,2,141,143,True,0.549645390070922
SIDER,fedavg_proto,0.5,0,49,200,16,16,0.1,val,client_1,3,85,58,143,True,0.6373225152129817
SIDER,fedavg_proto,0.5,0,49,200,16,16,0.1,val,client_1,4,117,26,143,True,0.613740959894806
SIDER,fedavg_proto,0.5,0,49,200,16,16,0.1,val,client_1,5,99,44,143,True,0.5454545454545455
SIDER,fedavg_proto,0.5,0,49,200,16,16,0.1,val,client_1,6,131,12,143,True,0.7309160305343512
SIDER,fedavg_proto,0.5,0,49,200,16,16,0.1,val,client_1,7,20,123,143,True,0.5130081300813008
SIDER,fedavg_proto,0.5,0,49,200,16,16,0.1,val,client_1,8,97,46,143,True,0.6136261766024205
SIDER,fedavg_proto,0.5,0,49,200,16,16,0.1,val,client_1,9,71,72,143,True,0.628129890453834
SIDER,fedavg_proto,0.5,0,49,200,16,16,0.1,val,client_1,10,35,108,143,True,0.5682539682539682
SIDER,fedavg_proto,0.5,0,49,200,16,16,0.1,val,client_1,11,130,13,143,True,0.5248520710059171
SIDER,fedavg_proto,0.5,0,49,200,16,16,0.1,val,client_1,12,37,106,143,True,0.6417644059153493
SIDER,fedavg_proto,0.5,0,49,200,16,16,0.1,val,client_1,13,20,123,143,True,0.5735772357723576
SIDER,fedavg_proto,0.5,0,49,200,16,16,0.1,val,client_1,14,107,36,143,True,0.5599688473520249
SIDER,fedavg_proto,0.5,0,49,200,16,16,0.1,val,client_1,15,94,49,143,True,0.6417716022579245
SIDER,fedavg_proto,0.5,0,49,200,16,16,0.1,val,client_1,16,129,14,143,True,0.624031007751938
SIDER,fedavg_proto,0.5,0,49,200,16,16,0.1,val,client_1,17,20,123,143,True,0.5361788617886178
SIDER,fedavg_proto,0.5,0,49,200,16,16,0.1,val,client_1,18,104,39,143,True,0.4930966469428008
SIDER,fedavg_proto,0.5,0,49,200,16,16,0.1,val,client_1,19,103,40,143,True,0.5929611650485437
SIDER,fedavg_proto,0.5,0,49,200,16,16,0.1,val,client_1,20,102,41,143,True,0.5425633668101387
SIDER,fedavg_proto,0.5,0,49,200,16,16,0.1,val,client_1,21,98,45,143,True,0.6662131519274377
SIDER,fedavg_proto,0.5,0,49,200,16,16,0.1,val,client_1,22,10,133,143,True,0.5556390977443609
SIDER,fedavg_proto,0.5,0,49,200,16,16,0.1,val,client_1,23,64,79,143,True,0.5666534810126582
SIDER,fedavg_proto,0.5,0,49,200,16,16,0.1,val,client_1,24,104,39,143,True,0.6225345167652859
SIDER,fedavg_proto,0.5,0,49,200,16,16,0.1,val,client_1,25,134,9,143,True,0.7835820895522388
SIDER,fedavg_proto,0.5,0,49,200,16,16,0.1,val,client_1,26,95,48,143,True,0.5359649122807018
SIDER,fedavg_proto,0.5,0,49,200,16,16,0.1,val,client_2,0,76,67,143,True,0.5801256873527101
SIDER,fedavg_proto,0.5,0,49,200,16,16,0.1,val,client_2,1,99,44,143,True,0.5952708907254362
SIDER,fedavg_proto,0.5,0,49,200,16,16,0.1,val,client_2,2,2,141,143,True,0.8049645390070921
SIDER,fedavg_proto,0.5,0,49,200,16,16,0.1,val,client_2,3,85,58,143,True,0.6079107505070994
SIDER,fedavg_proto,0.5,0,49,200,16,16,0.1,val,client_2,4,117,26,143,True,0.6689677843523998
SIDER,fedavg_proto,0.5,0,49,200,16,16,0.1,val,client_2,5,99,44,143,True,0.5849403122130395
SIDER,fedavg_proto,0.5,0,49,200,16,16,0.1,val,client_2,6,131,12,143,True,0.7798982188295166
SIDER,fedavg_proto,0.5,0,49,200,16,16,0.1,val,client_2,7,20,123,143,True,0.6264227642276423
SIDER,fedavg_proto,0.5,0,49,200,16,16,0.1,val,client_2,8,97,46,143,True,0.6140744060959211
SIDER,fedavg_proto,0.5,0,49,200,16,16,0.1,val,client_2,9,71,72,143,True,0.6185446009389671
SIDER,fedavg_proto,0.5,0,49,200,16,16,0.1,val,client_2,10,35,108,143,True,0.6171957671957672
SIDER,fedavg_proto,0.5,0,49,200,16,16,0.1,val,client_2,11,130,13,143,True,0.5284023668639053
SIDER,fedavg_proto,0.5,0,49,200,16,16,0.1,val,client_2,12,37,106,143,True,0.6330953595104539
SIDER,fedavg_proto,0.5,0,49,200,16,16,0.1,val,client_2,13,20,123,143,True,0.5898373983739837
SIDER,fedavg_proto,0.5,0,49,200,16,16,0.1,val,client_2,14,107,36,143,True,0.539460020768432
SIDER,fedavg_proto,0.5,0,49,200,16,16,0.1,val,client_2,15,94,49,143,True,0.6836734693877552
SIDER,fedavg_proto,0.5,0,49,200,16,16,0.1,val,client_2,16,129,14,143,True,0.5669988925802878
SIDER,fedavg_proto,0.5,0,49,200,16,16,0.1,val,client_2,17,20,123,143,True,0.4402439024390244
SIDER,fedavg_proto,0.5,0,49,200,16,16,0.1,val,client_2,18,104,39,143,True,0.525887573964497
SIDER,fedavg_proto,0.5,0,49,200,16,16,0.1,val,client_2,19,103,40,143,True,0.5502427184466019
SIDER,fedavg_proto,0.5,0,49,200,16,16,0.1,val,client_2,20,102,41,143,True,0.5451936872309899
SIDER,fedavg_proto,0.5,0,49,200,16,16,0.1,val,client_2,21,98,45,143,True,0.6335600907029478
SIDER,fedavg_proto,0.5,0,49,200,16,16,0.1,val,client_2,22,10,133,143,True,0.5646616541353384
SIDER,fedavg_proto,0.5,0,49,200,16,16,0.1,val,client_2,23,64,79,143,True,0.5619066455696202
SIDER,fedavg_proto,0.5,0,49,200,16,16,0.1,val,client_2,24,104,39,143,True,0.5751972386587771
SIDER,fedavg_proto,0.5,0,49,200,16,16,0.1,val,client_2,25,134,9,143,True,0.7039800995024876
SIDER,fedavg_proto,0.5,0,49,200,16,16,0.1,val,client_2,26,95,48,143,True,0.5842105263157894
SIDER,fedavg_proto,0.5,0,49,200,16,16,0.1,val,client_3,0,76,67,143,True,0.6154752553024352
SIDER,fedavg_proto,0.5,0,49,200,16,16,0.1,val,client_3,1,99,44,143,True,0.643250688705234
SIDER,fedavg_proto,0.5,0,49,200,16,16,0.1,val,client_3,2,2,141,143,True,0.5815602836879432
SIDER,fedavg_proto,0.5,0,49,200,16,16,0.1,val,client_3,3,85,58,143,True,0.5752535496957404
SIDER,fedavg_proto,0.5,0,49,200,16,16,0.1,val,client_3,4,117,26,143,True,0.7278106508875739
SIDER,fedavg_proto,0.5,0,49,200,16,16,0.1,val,client_3,5,99,44,143,True,0.6774563820018366
SIDER,fedavg_proto,0.5,0,49,200,16,16,0.1,val,client_3,6,131,12,143,True,0.7779898218829517
SIDER,fedavg_proto,0.5,0,49,200,16,16,0.1,val,client_3,7,20,123,143,True,0.5995934959349594
SIDER,fedavg_proto,0.5,0,49,200,16,16,0.1,val,client_3,8,97,46,143,True,0.5934558493948902
SIDER,fedavg_proto,0.5,0,49,200,16,16,0.1,val,client_3,9,71,72,143,True,0.6279342723004695
SIDER,fedavg_proto,0.5,0,49,200,16,16,0.1,val,client_3,10,35,108,143,True,0.616931216931217
SIDER,fedavg_proto,0.5,0,49,200,16,16,0.1,val,client_3,11,130,13,143,True,0.6568047337278107
SIDER,fedavg_proto,0.5,0,49,200,16,16,0.1,val,client_3,12,37,106,143,True,0.7001529831718512
SIDER,fedavg_proto,0.5,0,49,200,16,16,0.1,val,client_3,13,20,123,143,True,0.5686991869918699
SIDER,fedavg_proto,0.5,0,49,200,16,16,0.1,val,client_3,14,107,36,143,True,0.5475077881619937
SIDER,fedavg_proto,0.5,0,49,200,16,16,0.1,val,client_3,15,94,49,143,True,0.644159791576205
SIDER,fedavg_proto,0.5,0,49,200,16,16,0.1,val,client_3,16,129,14,143,True,0.6256921373200443
SIDER,fedavg_proto,0.5,0,49,200,16,16,0.1,val,client_3,17,20,123,143,True,0.5365853658536586
SIDER,fedavg_proto,0.5,0,49,200,16,16,0.1,val,client_3,18,104,39,143,True,0.6161242603550297
SIDER,fedavg_proto,0.5,0,49,200,16,16,0.1,val,client_3,19,103,40,143,True,0.6230582524271845
SIDER,fedavg_proto,0.5,0,49,200,16,16,0.1,val,client_3,20,102,41,143,True,0.49760879961740795
SIDER,fedavg_proto,0.5,0,49,200,16,16,0.1,val,client_3,21,98,45,143,True,0.5945578231292517
SIDER,fedavg_proto,0.5,0,49,200,16,16,0.1,val,client_3,22,10,133,143,True,0.5496240601503759
SIDER,fedavg_proto,0.5,0,49,200,16,16,0.1,val,client_3,23,64,79,143,True,0.5664556962025317
SIDER,fedavg_proto,0.5,0,49,200,16,16,0.1,val,client_3,24,104,39,143,True,0.5303254437869822
SIDER,fedavg_proto,0.5,0,49,200,16,16,0.1,val,client_3,25,134,9,143,True,0.5970149253731343
SIDER,fedavg_proto,0.5,0,49,200,16,16,0.1,val,client_3,26,95,48,143,True,0.537719298245614
SIDER,fedavg_proto,0.5,0,49,200,16,16,0.1,test,server,0,72,71,143,True,0.6539514866979657
SIDER,fedavg_proto,0.5,0,49,200,16,16,0.1,test,server,1,105,38,143,True,0.6551378446115289
SIDER,fedavg_proto,0.5,0,49,200,16,16,0.1,test,server,2,5,138,143,True,0.45217391304347826
SIDER,fedavg_proto,0.5,0,49,200,16,16,0.1,test,server,3,90,53,143,True,0.5127882599580713
SIDER,fedavg_proto,0.5,0,49,200,16,16,0.1,test,server,4,118,25,143,True,0.5769491525423729
SIDER,fedavg_proto,0.5,0,49,200,16,16,0.1,test,server,5,104,39,143,True,0.5867850098619329
SIDER,fedavg_proto,0.5,0,49,200,16,16,0.1,test,server,6,134,9,143,True,0.6185737976782753
SIDER,fedavg_proto,0.5,0,49,200,16,16,0.1,test,server,7,24,119,143,True,0.5770308123249299
SIDER,fedavg_proto,0.5,0,49,200,16,16,0.1,test,server,8,91,52,143,True,0.5101437024513948
SIDER,fedavg_proto,0.5,0,49,200,16,16,0.1,test,server,9,74,69,143,True,0.6300430865648257
SIDER,fedavg_proto,0.5,0,49,200,16,16,0.1,test,server,10,39,104,143,True,0.5764299802761341
SIDER,fedavg_proto,0.5,0,49,200,16,16,0.1,test,server,11,130,13,143,True,0.5112426035502958
SIDER,fedavg_proto,0.5,0,49,200,16,16,0.1,test,server,12,33,110,143,True,0.6132231404958678
SIDER,fedavg_proto,0.5,0,49,200,16,16,0.1,test,server,13,20,123,143,True,0.616260162601626
SIDER,fedavg_proto,0.5,0,49,200,16,16,0.1,test,server,14,113,30,143,True,0.5185840707964602
SIDER,fedavg_proto,0.5,0,49,200,16,16,0.1,test,server,15,83,60,143,True,0.6269076305220883
SIDER,fedavg_proto,0.5,0,49,200,16,16,0.1,test,server,16,131,12,143,True,0.6533078880407125
SIDER,fedavg_proto,0.5,0,49,200,16,16,0.1,test,server,17,30,113,143,True,0.6648967551622418
SIDER,fedavg_proto,0.5,0,49,200,16,16,0.1,test,server,18,109,34,143,True,0.5240151106314086
SIDER,fedavg_proto,0.5,0,49,200,16,16,0.1,test,server,19,104,39,143,True,0.4807692307692307
SIDER,fedavg_proto,0.5,0,49,200,16,16,0.1,test,server,20,102,41,143,True,0.48493543758967006
SIDER,fedavg_proto,0.5,0,49,200,16,16,0.1,test,server,21,98,45,143,True,0.601360544217687
SIDER,fedavg_proto,0.5,0,49,200,16,16,0.1,test,server,22,14,129,143,True,0.6677740863787376
SIDER,fedavg_proto,0.5,0,49,200,16,16,0.1,test,server,23,60,83,143,True,0.49879518072289153
SIDER,fedavg_proto,0.5,0,49,200,16,16,0.1,test,server,24,98,45,143,True,0.5009070294784581
SIDER,fedavg_proto,0.5,0,49,200,16,16,0.1,test,server,25,132,11,143,True,0.6480716253443526
SIDER,fedavg_proto,0.5,0,49,200,16,16,0.1,test,server,26,101,42,143,True,0.6211692597831211
SIDER,fedavg_proto,0.5,0,49,200,16,16,0.1,test,client_0,0,72,71,143,True,0.6514084507042253
SIDER,fedavg_proto,0.5,0,49,200,16,16,0.1,test,client_0,1,105,38,143,True,0.5774436090225563
SIDER,fedavg_proto,0.5,0,49,200,16,16,0.1,test,client_0,2,5,138,143,True,0.6826086956521739
SIDER,fedavg_proto,0.5,0,49,200,16,16,0.1,test,client_0,3,90,53,143,True,0.5144654088050314
SIDER,fedavg_proto,0.5,0,49,200,16,16,0.1,test,client_0,4,118,25,143,True,0.6610169491525424
SIDER,fedavg_proto,0.5,0,49,200,16,16,0.1,test,client_0,5,104,39,143,True,0.6094674556213018
SIDER,fedavg_proto,0.5,0,49,200,16,16,0.1,test,client_0,6,134,9,143,True,0.548922056384743
SIDER,fedavg_proto,0.5,0,49,200,16,16,0.1,test,client_0,7,24,119,143,True,0.5409663865546219
SIDER,fedavg_proto,0.5,0,49,200,16,16,0.1,test,client_0,8,91,52,143,True,0.5272612003381233
SIDER,fedavg_proto,0.5,0,49,200,16,16,0.1,test,client_0,9,74,69,143,True,0.599686643164904
SIDER,fedavg_proto,0.5,0,49,200,16,16,0.1,test,client_0,10,39,104,143,True,0.6267258382642998
SIDER,fedavg_proto,0.5,0,49,200,16,16,0.1,test,client_0,11,130,13,143,True,0.6437869822485207
SIDER,fedavg_proto,0.5,0,49,200,16,16,0.1,test,client_0,12,33,110,143,True,0.5685950413223141
SIDER,fedavg_proto,0.5,0,49,200,16,16,0.1,test,client_0,13,20,123,143,True,0.5788617886178862
SIDER,fedavg_proto,0.5,0,49,200,16,16,0.1,test,client_0,14,113,30,143,True,0.5749262536873156
SIDER,fedavg_proto,0.5,0,49,200,16,16,0.1,test,client_0,15,83,60,143,True,0.6379518072289156
SIDER,fedavg_proto,0.5,0,49,200,16,16,0.1,test,client_0,16,131,12,143,True,0.7156488549618321
SIDER,fedavg_proto,0.5,0,49,200,16,16,0.1,test,client_0,17,30,113,143,True,0.564306784660767
SIDER,fedavg_proto,0.5,0,49,200,16,16,0.1,test,client_0,18,109,34,143,True,0.539395574743659
SIDER,fedavg_proto,0.5,0,49,200,16,16,0.1,test,client_0,19,104,39,143,True,0.5039447731755424
SIDER,fedavg_proto,0.5,0,49,200,16,16,0.1,test,client_0,20,102,41,143,True,0.47704447632711616
SIDER,fedavg_proto,0.5,0,49,200,16,16,0.1,test,client_0,21,98,45,143,True,0.6065759637188209
SIDER,fedavg_proto,0.5,0,49,200,16,16,0.1,test,client_0,22,14,129,143,True,0.6057585825027685
SIDER,fedavg_proto,0.5,0,49,200,16,16,0.1,test,client_0,23,60,83,143,True,0.5259036144578313
SIDER,fedavg_proto,0.5,0,49,200,16,16,0.1,test,client_0,24,98,45,143,True,0.5285714285714286
SIDER,fedavg_proto,0.5,0,49,200,16,16,0.1,test,client_0,25,132,11,143,True,0.5895316804407714
SIDER,fedavg_proto,0.5,0,49,200,16,16,0.1,test,client_0,26,101,42,143,True,0.6518151815181519
SIDER,fedavg_proto,0.5,0,49,200,16,16,0.1,test,client_1,0,72,71,143,True,0.6400625978090767
SIDER,fedavg_proto,0.5,0,49,200,16,16,0.1,test,client_1,1,105,38,143,True,0.5924812030075188
SIDER,fedavg_proto,0.5,0,49,200,16,16,0.1,test,client_1,2,5,138,143,True,0.5101449275362319
SIDER,fedavg_proto,0.5,0,49,200,16,16,0.1,test,client_1,3,90,53,143,True,0.5060796645702306
SIDER,fedavg_proto,0.5,0,49,200,16,16,0.1,test,client_1,4,118,25,143,True,0.4749152542372881
SIDER,fedavg_proto,0.5,0,49,200,16,16,0.1,test,client_1,5,104,39,143,True,0.5786489151873767
SIDER,fedavg_proto,0.5,0,49,200,16,16,0.1,test,client_1,6,134,9,143,True,0.6053067993366501
SIDER,fedavg_proto,0.5,0,49,200,16,16,0.1,test,client_1,7,24,119,143,True,0.6820728291316527
SIDER,fedavg_proto,0.5,0,49,200,16,16,0.1,test,client_1,8,91,52,143,True,0.5748098055790364
SIDER,fedavg_proto,0.5,0,49,200,16,16,0.1,test,client_1,9,74,69,143,True,0.6531531531531531
SIDER,fedavg_proto,0.5,0,49,200,16,16,0.1,test,client_1,10,39,104,143,True,0.6104536489151874
SIDER,fedavg_proto,0.5,0,49,200,16,16,0.1,test,client_1,11,130,13,143,True,0.48343195266272193
SIDER,fedavg_proto,0.5,0,49,200,16,16,0.1,test,client_1,12,33,110,143,True,0.6922865013774104
SIDER,fedavg_proto,0.5,0,49,200,16,16,0.1,test,client_1,13,20,123,143,True,0.6955284552845529
SIDER,fedavg_proto,0.5,0,49,200,16,16,0.1,test,client_1,14,113,30,143,True,0.46342182890855455
SIDER,fedavg_proto,0.5,0,49,200,16,16,0.1,test,client_1,15,83,60,143,True,0.5724899598393575
SIDER,fedavg_proto,0.5,0,49,200,16,16,0.1,test,client_1,16,131,12,143,True,0.4853689567430026
SIDER,fedavg_proto,0.5,0,49,200,16,16,0.1,test,client_1,17,30,113,143,True,0.6663716814159293
SIDER,fedavg_proto,0.5,0,49,200,16,16,0.1,test,client_1,18,109,34,143,True,0.5434430652995144
SIDER,fedavg_proto,0.5,0,49,200,16,16,0.1,test,client_1,19,104,39,143,True,0.472879684418146
SIDER,fedavg_proto,0.5,0,49,200,16,16,0.1,test,client_1,20,102,41,143,True,0.494261119081779
SIDER,fedavg_proto,0.5,0,49,200,16,16,0.1,test,client_1,21,98,45,143,True,0.5365079365079366
SIDER,fedavg_proto,0.5,0,49,200,16,16,0.1,test,client_1,22,14,129,143,True,0.7591362126245846
SIDER,fedavg_proto,0.5,0,49,200,16,16,0.1,test,client_1,23,60,83,143,True,0.4951807228915662
SIDER,fedavg_proto,0.5,0,49,200,16,16,0.1,test,client_1,24,98,45,143,True,0.49070294784580504
SIDER,fedavg_proto,0.5,0,49,200,16,16,0.1,test,client_1,25,132,11,143,True,0.6088154269972452
SIDER,fedavg_proto,0.5,0,49,200,16,16,0.1,test,client_1,26,101,42,143,True,0.6211692597831211
SIDER,fedavg_proto,0.5,0,49,200,16,16,0.1,test,client_2,0,72,71,143,True,0.5455790297339593
SIDER,fedavg_proto,0.5,0,49,200,16,16,0.1,test,client_2,1,105,38,143,True,0.5481203007518798
SIDER,fedavg_proto,0.5,0,49,200,16,16,0.1,test,client_2,2,5,138,143,True,0.527536231884058
SIDER,fedavg_proto,0.5,0,49,200,16,16,0.1,test,client_2,3,90,53,143,True,0.4830188679245283
SIDER,fedavg_proto,0.5,0,49,200,16,16,0.1,test,client_2,4,118,25,143,True,0.5311864406779662
SIDER,fedavg_proto,0.5,0,49,200,16,16,0.1,test,client_2,5,104,39,143,True,0.5636094674556212
SIDER,fedavg_proto,0.5,0,49,200,16,16,0.1,test,client_2,6,134,9,143,True,0.5497512437810945
SIDER,fedavg_proto,0.5,0,49,200,16,16,0.1,test,client_2,7,24,119,143,True,0.5476190476190476
SIDER,fedavg_proto,0.5,0,49,200,16,16,0.1,test,client_2,8,91,52,143,True,0.4945054945054945
SIDER,fedavg_proto,0.5,0,49,200,16,16,0.1,test,client_2,9,74,69,143,True,0.5654132393262828
SIDER,fedavg_proto,0.5,0,49,200,16,16,0.1,test,client_2,10,39,104,143,True,0.5638560157790927
SIDER,fedavg_proto,0.5,0,49,200,16,16,0.1,test,client_2,11,130,13,143,True,0.37218934911242607
SIDER,fedavg_proto,0.5,0,49,200,16,16,0.1,test,client_2,12,33,110,143,True,0.5980716253443527
SIDER,fedavg_proto,0.5,0,49,200,16,16,0.1,test,client_2,13,20,123,143,True,0.5479674796747968
SIDER,fedavg_proto,0.5,0,49,200,16,16,0.1,test,client_2,14,113,30,143,True,0.5079646017699115
SIDER,fedavg_proto,0.5,0,49,200,16,16,0.1,test,client_2,15,83,60,143,True,0.6162650602409638
SIDER,fedavg_proto,0.5,0,49,200,16,16,0.1,test,client_2,16,131,12,143,True,0.6424936386768448
SIDER,fedavg_proto,0.5,0,49,200,16,16,0.1,test,client_2,17,30,113,143,True,0.6315634218289086
SIDER,fedavg_proto,0.5,0,49,200,16,16,0.1,test,client_2,18,109,34,143,True,0.4776038855909336
SIDER,fedavg_proto,0.5,0,49,200,16,16,0.1,test,client_2,19,104,39,143,True,0.4415680473372781
SIDER,fedavg_proto,0.5,0,49,200,16,16,0.1,test,client_2,20,102,41,143,True,0.438546150167384
SIDER,fedavg_proto,0.5,0,49,200,16,16,0.1,test,client_2,21,98,45,143,True,0.5616780045351474
SIDER,fedavg_proto,0.5,0,49,200,16,16,0.1,test,client_2,22,14,129,143,True,0.6190476190476191
SIDER,fedavg_proto,0.5,0,49,200,16,16,0.1,test,client_2,23,60,83,143,True,0.4805220883534136
SIDER,fedavg_proto,0.5,0,49,200,16,16,0.1,test,client_2,24,98,45,143,True,0.462358276643991
SIDER,fedavg_proto,0.5,0,49,200,16,16,0.1,test,client_2,25,132,11,143,True,0.5915977961432507
SIDER,fedavg_proto,0.5,0,49,200,16,16,0.1,test,client_2,26,101,42,143,True,0.5638849599245638
SIDER,fedavg_proto,0.5,0,49,200,16,16,0.1,test,client_3,0,72,71,143,True,0.6134585289514868
SIDER,fedavg_proto,0.5,0,49,200,16,16,0.1,test,client_3,1,105,38,143,True,0.6541353383458646
SIDER,fedavg_proto,0.5,0,49,200,16,16,0.1,test,client_3,2,5,138,143,True,0.6652173913043479
SIDER,fedavg_proto,0.5,0,49,200,16,16,0.1,test,client_3,3,90,53,143,True,0.5528301886792453
SIDER,fedavg_proto,0.5,0,49,200,16,16,0.1,test,client_3,4,118,25,143,True,0.6393220338983051
SIDER,fedavg_proto,0.5,0,49,200,16,16,0.1,test,client_3,5,104,39,143,True,0.5604043392504932
SIDER,fedavg_proto,0.5,0,49,200,16,16,0.1,test,client_3,6,134,9,143,True,0.6956882255389718
SIDER,fedavg_proto,0.5,0,49,200,16,16,0.1,test,client_3,7,24,119,143,True,0.5154061624649859
SIDER,fedavg_proto,0.5,0,49,200,16,16,0.1,test,client_3,8,91,52,143,True,0.5103550295857988
SIDER,fedavg_proto,0.5,0,49,200,16,16,0.1,test,client_3,9,74,69,143,True,0.6564825695260478
SIDER,fedavg_proto,0.5,0,49,200,16,16,0.1,test,client_3,10,39,104,143,True,0.5823471400394478
SIDER,fedavg_proto,0.5,0,49,200,16,16,0.1,test,client_3,11,130,13,143,True,0.6301775147928994
SIDER,fedavg_proto,0.5,0,49,200,16,16,0.1,test,client_3,12,33,110,143,True,0.5831955922865013
SIDER,fedavg_proto,0.5,0,49,200,16,16,0.1,test,client_3,13,20,123,143,True,0.5475609756097561
SIDER,fedavg_proto,0.5,0,49,200,16,16,0.1,test,client_3,14,113,30,143,True,0.6100294985250737
SIDER,fedavg_proto,0.5,0,49,200,16,16,0.1,test,client_3,15,83,60,143,True,0.6184738955823293
SIDER,fedavg_proto,0.5,0,49,200,16,16,0.1,test,client_3,16,131,12,143,True,0.7703562340966923
SIDER,fedavg_proto,0.5,0,49,200,16,16,0.1,test,client_3,17,30,113,143,True,0.5941002949852507
SIDER,fedavg_proto,0.5,0,49,200,16,16,0.1,test,client_3,18,109,34,143,True,0.5569347004856989
SIDER,fedavg_proto,0.5,0,49,200,16,16,0.1,test,client_3,19,104,39,143,True,0.5241617357001973
SIDER,fedavg_proto,0.5,0,49,200,16,16,0.1,test,client_3,20,102,41,143,True,0.509325681492109
SIDER,fedavg_proto,0.5,0,49,200,16,16,0.1,test,client_3,21,98,45,143,True,0.6233560090702948
SIDER,fedavg_proto,0.5,0,49,200,16,16,0.1,test,client_3,22,14,129,143,True,0.5542635658914729
SIDER,fedavg_proto,0.5,0,49,200,16,16,0.1,test,client_3,23,60,83,143,True,0.5142570281124498
SIDER,fedavg_proto,0.5,0,49,200,16,16,0.1,test,client_3,24,98,45,143,True,0.5519274376417234
SIDER,fedavg_proto,0.5,0,49,200,16,16,0.1,test,client_3,25,132,11,143,True,0.6928374655647382
SIDER,fedavg_proto,0.5,0,49,200,16,16,0.1,test,client_3,26,101,42,143,True,0.598066949552098
